1	1	3.91288673621602	183	19	1	0	0	1	10
1	3	2.69419963122346	165	17	0	0	0	2	10
1	3	8.17504034470767	115	19	0	0	0	3	10
1	4	4.21892904466949	210	18	0	0	0	4	10
1	6	3.31035877019167	266	15	0	0	0	5	10
1	7	3.69373143138364	110	21	0	0	0	6	10
1	9	2.95130768278614	238	18	0	0	0	7	10
1	10	2.36825228482485	187	24	0	0	0	8	10
1	11	4.00426916172728	180	43	2	0	0	9	10
2	1	2.99349737237208	162	14	1	0	0	1	10
2	2	3.63534159120172	132	16	0	0	0	2	10
2	3	4.36141519481316	138	17	0	0	0	3	10
2	4	3.07981309783645	211	21	0	0	0	4	10
2	5	2.79764772718772	185	21	0	0	0	5	10
2	7	3.05562800494954	264	17	0	0	0	6	10
2	8	3.38383874297142	187	20	0	0	0	7	10
2	9	3.13864902942441	240	13	0	0	0	8	10
2	9	1.26858036103658	109	18	0	0	0	9	10
2	10	2.2544139593374	138	42	2	0	0	10	10
3	1	2.60055750585161	177	15	1	0	0	1	10
3	2	4.62962027196772	170	18	0	0	0	2	10
3	3	3.69039717689157	68	16	0	0	0	3	10
3	4	3.06847209832631	230	19	0	0	0	4	10
3	6	1.84061311441474	209	19	0	0	0	5	10
3	8	0.347066924208775	214	20	0	0	0	6	10
3	9	2.47150714020245	195	26	0	0	0	7	10
3	10	3.77354616159573	253	54	2	0	0	8	10
4	1	2.06720953853801	187	17	1	0	0	1	10
4	2	4.39072231738828	181	17	0	0	0	2	10
4	3	3.05967248999514	221	15	0	0	0	3	10
4	4	3.33633651421405	204	23	0	0	0	4	10
4	5	4.46228338917717	209	16	0	0	0	5	10
4	6	3.88706646766514	192	16	0	0	0	6	10
4	7	3.97915271669626	147	18	0	0	0	7	10
4	8	3.09054888621904	180	46	2	0	0	8	10
5	1	7.43648033356294	186	15	1	0	0	1	10
5	1	3.89945576665923	184	16	0	0	0	2	10
5	2	2.06972830160521	236	31	0	0	0	3	10
5	4	2.57708747917786	326	19	0	0	0	4	10
5	5	2.41588669270277	239	18	0	0	0	5	10
5	6	3.197359547019	201	48	2	0	0	6	10
6	2	2.84434575377963	242	23	1	0	0	1	10
6	3	5.3553341452498	215	24	0	0	0	2	10
6	5	0.242934353416786	308	19	0	0	0	3	10
6	6	3.08402290148661	216	17	0	0	0	4	10
6	7	4.46279805782251	211	19	0	0	0	5	10
6	9	0.244814529782161	348	15	2	0	0	6	10
7	1	3.60054216627032	261	19	1	0	0	1	10
7	3	1.79763793153688	205	26	0	0	0	2	10
7	5	1.22222316870466	191	15	0	0	0	3	10
7	4	0.412330177146941	172	28	0	0	0	4	10
7	6	1.05503924307413	214	19	0	0	0	5	10
7	7	3.59639941947535	218	25	0	0	0	6	10
7	7	12.338536731666	99	16	0	0	0	7	10
7	9	1.0894044265151	202	15	0	0	0	8	10
7	10	2.90764168114401	168	44	2	0	0	9	10
8	2	0.370520120020956	193	15	1	0	0	1	10
8	3	2.16829965333454	137	14	0	0	0	2	10
8	3	7.33491870062426	133	18	0	0	0	3	10
8	5	0.685283348429948	203	15	0	0	0	4	10
8	5	4.20681786956266	175	23	0	0	0	5	10
8	7	3.76449585123919	242	25	0	0	0	6	10
8	9	0.992799893952906	245	17	0	0	0	7	10
8	9	6.36538915615529	146	18	0	0	0	8	10
8	10	3.39800495980307	230	42	2	0	0	9	10
9	2	0.664147790288553	185	15	1	0	0	1	10
9	3	0.388898089295253	128	14	0	0	0	2	10
9	3	5.63010799279436	138	14	0	0	0	3	10
9	4	4.8647324568592	141	18	0	0	0	4	10
9	6	0.833349589956924	148	13	2	0	0	5	10
10	1	1.57941138162278	207	18	1	0	0	1	10
10	3	2.36490638484247	235	21	0	0	0	2	10
10	4	2.43257251963951	210	19	0	0	0	3	10
10	6	0.487736142706126	190	18	0	0	0	4	10
10	7	1.33902562572621	208	22	0	0	0	5	10
10	8	3.25651660491712	202	16	0	0	0	6	10
10	9	4.39298078464344	130	18	0	0	0	7	10
10	10	3.44921875279397	230	51	2	0	0	8	10
11	1	2.89279637625441	182	14	1	0	0	1	10
11	2	3.06604734598659	204	23	0	0	0	2	10
11	3	0.136921617202461	194	25	0	0	0	3	10
11	4	1.33879461372271	212	15	0	0	0	4	10
11	5	2.08187710423954	150	15	0	0	0	5	10
11	6	3.89679963630624	158	19	0	0	0	6	10
11	7	3.49187742802314	358	15	0	0	0	7	10
11	8	2.98239836608991	151	25	0	0	0	8	10
11	9	4.61605850001797	195	44	2	0	0	9	10
12	1	2.42261021165177	192	15	1	0	0	1	10
12	2	4.56464532599784	138	16	0	0	0	2	10
12	4	2.68597663147375	250	16	0	0	0	3	10
12	5	2.3050505600404	212	19	0	0	0	4	10
12	6	3.23945431620814	184	15	0	0	0	5	10
12	8	0.919205972691998	175	14	2	0	0	6	10
13	1	2.85888496786356	191	14	1	0	0	1	10
13	3	0.675825164653361	140	14	0	0	0	2	10
13	3	4.76213058643043	160	18	0	0	0	3	10
13	4	4.0959977474995	209	15	0	0	0	4	10
13	5	2.58418409037404	203	17	0	0	0	5	10
13	6	3.09163976064883	228	21	0	0	0	6	10
13	7	6.02088245237246	101	15	0	0	0	7	10
13	8	2.20826295157894	180	50	2	0	0	8	10
14	1	7.29283582023345	231	14	1	0	0	1	10
14	1	5.79229364334606	148	21	0	0	0	2	10
14	2	4.20994979771785	223	25	0	0	0	3	10
14	4	1.53582895919681	198	14	0	0	0	4	10
14	3	1.27168498560786	187	21	0	0	0	5	10
14	5	3.41353430459276	227	21	0	0	0	6	10
14	6	1.1771415900439	244	18	0	0	0	7	10
14	7	3.27396220806986	229	54	2	0	0	8	10
15	1	3.8565061322879	219	16	1	0	0	1	10
15	3	4.17724614753388	202	16	0	0	0	2	10
15	2	2.02136425464414	212	21	0	0	0	3	10
15	4	0.741810107370839	158	14	0	0	0	4	10
15	4	4.33251667348668	123	15	0	0	0	5	10
15	5	3.69983393093571	165	20	0	0	0	6	10
15	7	2.42107705911621	248	31	0	0	0	7	10
15	8	3.67515408573672	220	20	0	0	0	8	10
15	9	2.80497015523724	212	40	2	0	0	9	10
16	1	1.39715792820789	195	16	1	0	0	1	10
16	2	3.25882021035068	192	16	0	0	0	2	10
16	3	2.98457638197578	214	16	0	0	0	3	10
16	4	2.38599122827873	203	28	0	0	0	4	10
16	6	3.28119811578654	182	16	2	0	0	5	10
17	1	2.02939801802859	192	16	1	0	0	1	10
17	2	4.88775772997178	217	20	0	0	0	2	10
17	3	4.77481546369381	171	14	0	0	0	3	10
17	4	3.51114526391029	187	16	0	0	0	4	10
17	5	3.6248290182557	163	20	0	0	0	5	10
17	7	1.89177255751565	136	18	0	0	0	6	10
17	8	4.47620527329855	194	56	2	0	0	7	10
18	2	1.79379678354599	231	19	1	0	0	1	10
18	3	4.44361160555854	222	16	0	0	0	2	10
18	4	3.87191038648598	147	14	0	0	0	3	10
18	5	2.24101284053177	220	18	0	0	0	4	10
18	6	2.00281591620296	177	24	0	0	0	5	10
18	7	7.62455875449814	128	17	0	0	0	6	10
18	9	2.38048447249457	160	15	0	0	0	7	10
18	10	2.17754521570168	184	41	2	0	0	8	10
19	2	1.81189793720841	219	22	1	0	0	1	10
19	3	3.82346464274451	224	18	0	0	0	2	10
19	4	4.05620308313519	178	14	0	0	0	3	10
19	5	3.50044428207912	146	16	0	0	0	4	10
19	6	3.18379673128948	148	17	0	0	0	5	10
19	8	1.89735484751873	227	28	0	0	0	6	10
19	10	0.205066994763911	313	20	0	0	0	7	10
19	11	5.64019265421666	175	36	2	0	0	8	10
20	1	3.69661761098541	174	16	1	0	0	1	10
20	2	4.09731836873107	224	32	0	0	0	2	10
20	3	5.43350050481968	238	14	0	0	0	3	10
20	4	4.12248474010266	261	25	0	0	0	4	10
20	6	1.05068473680876	202	19	0	0	0	5	10
20	7	3.60480267670937	221	18	0	0	0	6	10
20	8	5.65424633515067	254	17	0	0	0	7	10
20	10	0.685858107404783	189	17	2	0	0	8	10
21	1	1.48106217896566	233	17	1	0	0	1	10
21	2	3.20807510660961	136	20	0	0	0	2	10
21	3	3.98504377389327	231	21	0	0	0	3	10
21	5	0.129078483441845	241	12	0	0	0	4	10
21	4	0.847423209808767	129	23	0	0	0	5	10
21	6	2.77629665378481	221	18	0	0	0	6	10
21	7	2.13986206287518	181	19	0	0	0	7	10
21	8	3.10482402401976	179	12	0	0	0	8	10
21	9	1.18529356596991	226	28	0	0	0	9	10
21	10	1.70203335094266	200	43	2	0	0	10	10
22	2	2.64974227850325	226	15	1	0	0	1	10
22	2	0.600025085033849	161	18	0	0	0	2	10
22	3	5.27995149325579	226	20	0	0	0	3	10
22	4	5.25622651050799	180	15	0	0	0	4	10
22	5	4.10111203533597	188	23	0	0	0	5	10
22	6	4.53531248494983	243	16	0	0	0	6	10
22	7	3.32959283189848	130	52	2	0	0	7	10
23	1	2.22228913754225	176	15	1	0	0	1	10
23	2	4.4174480419606	174	18	0	0	0	2	10
23	3	4.81445726426318	119	16	0	0	0	3	10
23	4	3.8622533089947	220	15	0	0	0	4	10
23	5	2.46589760761708	236	24	0	0	0	5	10
23	6	3.34664889471605	217	17	0	0	0	6	10
23	7	3.33239574031904	186	44	2	0	0	7	10
24	2	3.81444824906066	234	21	1	0	0	1	10
24	3	5.84454486425966	192	20	0	0	0	2	10
24	5	3.78612160985358	164	15	0	0	0	3	10
24	4	2.88234518421814	173	24	0	0	0	4	10
24	6	5.31058951700106	110	16	0	0	0	5	10
24	8	1.94243669160642	187	21	0	0	0	6	10
24	10	1.46647118963301	258	44	2	0	0	7	10
25	2	0.799965308513492	173	17	1	0	0	1	10
25	2	5.40564393741079	155	15	0	0	0	2	10
25	3	5.33345194719732	165	17	0	0	0	3	10
25	4	4.02843000297435	246	20	0	0	0	4	10
25	5	3.19221287709661	269	27	0	0	0	5	10
25	7	5.73230299982242	160	15	0	0	0	6	10
25	8	4.46088556619361	306	17	0	0	0	7	10
25	8	8.91505915182643	268	17	0	0	0	8	10
25	8	1.68828875594772	172	51	2	0	0	9	10
26	2	1.57944931043312	223	21	1	0	0	1	10
26	3	2.9236430816818	215	17	0	0	0	2	10
26	5	0.851585313212126	270	19	0	0	0	3	10
26	6	4.50288400379941	233	14	0	0	0	4	10
26	7	2.45798640954308	167	45	2	0	0	5	10
27	2	2.07700376911089	270	16	1	0	0	1	10
27	3	0.0353278878610581	130	15	0	0	0	2	10
27	3	4.3898725672625	133	17	0	0	0	3	10
27	4	3.35396076343022	207	22	0	0	0	4	10
27	6	0.999110603239387	187	14	0	0	0	5	10
27	6	3.55939924926497	138	24	0	0	0	6	10
27	7	4.87254153215326	135	24	2	0	0	7	10
28	1	3.76407735235989	196	16	1	0	0	1	10
28	2	4.98576352279633	181	15	0	0	0	2	10
28	3	3.03139104717411	294	16	0	0	0	3	10
28	4	2.88838008325547	283	24	0	0	0	4	10
28	5	4.10002040932886	165	17	0	0	0	5	10
28	7	0.569441322470084	187	18	0	0	0	6	10
28	7	6.89397598290816	128	15	0	0	0	7	10
28	8	3.76463168975897	128	19	0	0	0	8	10
28	10	3.65500110574067	236	21	0	0	0	9	10
28	10	11.2783223865554	96	39	2	0	0	10	10
29	1	3.26668834243901	239	15	1	0	0	1	10
29	2	4.19456501398236	226	19	0	0	0	2	10
29	3	4.9238883277867	319	18	0	0	0	3	10
29	5	2.76885348348878	228	22	0	0	0	4	10
29	6	2.09720089449547	220	22	0	0	0	5	10
29	7	3.24238596949726	292	27	0	0	0	6	10
29	8	0.749546656152233	285	43	2	0	0	7	10
30	2	4.272892692592	200	12	1	0	0	1	10
30	2	2.56227581296116	165	17	0	0	0	2	10
30	4	1.62347940145992	339	19	0	0	0	3	10
30	5	3.35709794075228	227	19	0	0	0	4	10
30	7	3.90555149968714	239	57	2	0	0	5	10
31	2	3.61397359939292	312	13	1	0	0	1	10
31	3	3.31957205780782	234	20	0	0	0	2	10
31	4	4.2126803197898	247	15	0	0	0	3	10
31	5	2.22958063567057	172	19	0	0	0	4	10
31	7	1.30184553097934	165	13	0	0	0	5	10
31	7	4.02755791554227	136	14	0	0	0	6	10
31	8	4.57926911930554	198	19	0	0	0	7	10
31	9	4.24006679584272	127	46	2	0	0	8	10
32	2	0.264693803619593	210	14	1	0	0	1	10
32	2	4.21535772131756	99	19	0	0	0	2	10
32	4	0.849486143793911	225	18	0	0	0	3	10
32	5	3.67779374332167	202	20	0	0	0	4	10
32	6	5.32210766640492	308	24	0	0	0	5	10
32	8	6.87380429496989	393	18	0	0	0	6	10
32	8	12.7976341131143	58	21	0	0	0	7	10
32	8	1.08577820239589	164	53	2	0	0	8	10
33	1	2.00948397465982	178	14	1	0	0	1	10
33	2	2.78807221911848	187	17	0	0	0	2	10
33	3	3.59532737964764	188	18	0	0	0	3	10
33	4	3.59080719179474	193	19	0	0	0	4	10
33	6	1.6679650307633	208	15	0	0	0	5	10
33	6	6.59013819275424	118	21	0	0	0	6	10
33	7	3.92721317592077	283	55	2	0	0	7	10
34	1	2.83638871996664	184	17	1	0	0	1	10
34	2	5.0789462889079	216	17	0	0	0	2	10
34	3	4.58897666027769	157	16	0	0	0	3	10
34	5	0.431308306986466	162	13	0	0	0	4	10
34	5	3.82885867985897	88	19	0	0	0	5	10
34	7	1.94916403084062	226	22	0	0	0	6	10
34	7	8.73156475741416	141	19	0	0	0	7	10
34	8	4.6467973520048	237	14	0	0	0	8	10
34	8	8.40375533513725	186	41	2	0	0	9	10
35	1	3.65512218768708	198	17	1	0	0	1	10
35	2	6.46278993482701	199	17	0	0	0	2	10
35	3	4.98434950434603	180	17	0	0	0	3	10
35	4	4.38014621613547	254	26	0	0	0	4	10
35	6	1.12747672549449	204	13	2	0	0	5	10
36	1	3.89772530575283	181	17	1	0	0	1	10
36	2	4.16090135741979	129	17	0	0	0	2	10
36	3	5.91529790917411	177	18	0	0	0	3	10
36	4	4.89856911543757	171	14	0	0	0	4	10
36	5	3.00793501012959	214	30	0	0	0	5	10
36	6	5.38625643728301	257	12	0	0	0	6	10
36	6	4.53425885201432	145	21	0	0	0	7	10
36	8	2.96005912055261	161	42	2	0	0	8	10
37	2	1.28206516243517	230	17	1	0	0	1	10
37	3	2.49485959904268	193	18	0	0	0	2	10
37	4	3.54563147481531	261	18	0	0	0	3	10
37	5	4.05768236145377	156	15	0	0	0	4	10
37	6	4.43558514188044	150	14	0	0	0	5	10
37	7	3.61755647533573	191	17	0	0	0	6	10
37	8	3.62443407508545	150	47	2	0	0	7	10
38	2	3.43434008909389	299	20	1	0	0	1	10
38	3	4.00252085295506	254	21	0	0	0	2	10
38	4	3.16105694347061	200	16	0	0	0	3	10
38	5	3.51281462004408	180	22	0	0	0	4	10
38	7	0.654996365541592	198	14	0	0	0	5	10
38	6	3.03901445376687	112	18	0	0	0	6	10
38	8	1.2784725278616	165	21	0	0	0	7	10
38	9	5.00740745919757	298	18	0	0	0	8	10
38	9	11.1688087333459	159	51	2	0	0	9	10
39	1	3.32966580428183	237	14	1	0	0	1	10
39	2	4.05847541196272	212	19	0	0	0	2	10
39	3	2.21091256523505	244	16	0	0	0	3	10
39	4	1.88442880962975	201	17	0	0	0	4	10
39	5	2.2652702764608	258	25	0	0	0	5	10
39	7	2.10477193421684	262	20	0	0	0	6	10
39	9	1.75312922615558	225	44	2	0	0	7	10
40	1	4.01798644894734	187	18	1	0	0	1	10
40	3	1.67883621691726	248	21	0	0	0	2	10
40	4	4.66686367010698	217	17	0	0	0	3	10
40	5	4.96760610048659	112	16	0	0	0	4	10
40	6	4.86748348386027	193	28	0	0	0	5	10
40	8	3.32100002910011	189	22	0	0	0	6	10
40	9	4.99481994449161	171	16	0	0	0	7	10
40	10	2.45013404637575	157	15	0	0	0	8	10
40	11	1.75436107907444	213	40	2	0	0	9	10
41	1	3.22866159770638	169	16	1	0	0	1	10
41	2	5.63281223992817	194	17	0	0	0	2	10
41	2	10.3669830190483	86	16	0	0	0	3	10
41	3	3.88967804587446	242	19	0	0	0	4	10
41	5	0.384248723043129	254	17	0	0	0	5	10
41	6	2.9924763571471	206	19	0	0	0	6	10
41	7	3.73702124040574	232	15	0	0	0	7	10
41	8	2.94754823017865	172	44	2	0	0	8	10
42	1	2.4971240896266	195	16	1	0	0	1	10
42	3	0.317782676545903	151	16	0	0	0	2	10
42	3	4.29856868297793	159	14	0	0	0	3	10
42	4	4.84444948774762	129	16	0	0	0	4	10
42	5	3.32378054223955	181	20	0	0	0	5	10
42	7	2.29865572461858	208	15	0	0	0	6	10
42	8	3.61194575508125	243	27	0	0	0	7	10
42	9	3.21237172069959	255	19	0	0	0	8	10
42	9	7.76760953105986	120	53	2	0	0	9	10
43	2	0.992088320432231	190	16	1	0	0	1	10
43	2	5.06631235149689	106	17	0	0	0	2	10
43	3	5.0498023100663	176	14	0	0	0	3	10
43	4	3.74476509960368	217	26	0	0	0	4	10
43	5	1.01416681753471	181	15	0	0	0	5	10
43	6	2.66597341978922	206	14	0	0	0	6	10
43	7	1.86582556157373	193	18	0	0	0	7	10
43	8	3.00531003461219	210	59	2	0	0	8	10
44	2	3.33147086831741	313	18	1	0	0	1	10
44	3	4.81907769525424	200	18	0	0	0	2	10
44	4	5.14462646725588	226	22	0	0	0	3	10
44	6	4.19233483029529	213	21	0	0	0	4	10
44	6	11.9588113087229	83	19	0	0	0	5	10
44	7	4.07669134764001	195	20	0	0	0	6	10
44	8	4.03097628662363	228	20	0	0	0	7	10
44	9	3.1796813828405	292	45	2	0	0	8	10
45	1	9.04270612704568	194	18	1	0	0	1	10
45	1	4.08443661290221	231	20	0	0	0	2	10
45	2	1.95940052391961	222	21	0	0	0	3	10
45	4	1.08625569241121	206	14	0	0	0	4	10
45	5	2.60929764504544	179	27	0	0	0	5	10
45	6	4.3844488945324	225	17	0	0	0	6	10
45	7	2.83969360520132	143	47	2	0	0	7	10
46	1	2.71671190834604	222	17	1	0	0	1	10
46	2	3.56114727817476	163	17	0	0	0	2	10
46	3	4.46629091748036	142	19	0	0	0	3	10
46	4	2.91033368022181	200	17	0	0	0	4	10
46	5	2.19480972387828	200	26	0	0	0	5	10
46	7	0.809983695391566	163	13	0	0	0	6	10
46	7	3.28547416487709	101	18	0	0	0	7	10
46	8	3.35016727168113	190	53	2	0	0	8	10
47	2	2.36030074697919	272	23	1	0	0	1	10
47	3	3.64817232661881	216	17	0	0	0	2	10
47	4	3.37895650463179	165	15	0	0	0	3	10
47	5	3.02024350780994	107	21	0	0	0	4	10
47	6	5.60014867223799	226	32	0	0	0	5	10
47	8	0.219424800947309	248	17	0	0	0	6	10
47	8	6.98402834520675	143	15	0	0	0	7	10
47	9	3.68915064446628	176	40	2	0	0	8	10
48	1	1.17871935525909	170	16	1	0	0	1	10
48	2	4.39988354151137	117	18	0	0	0	2	10
48	3	4.00564970495179	286	25	0	0	0	3	10
48	5	3.34141362924129	365	21	0	0	0	4	10
48	7	1.72916830820031	184	16	0	0	0	5	10
48	8	4.04425162193365	215	43	2	0	0	6	10
49	2	1.52112337690778	264	19	1	0	0	1	10
49	3	2.08533800719306	189	23	0	0	0	2	10
49	4	4.53654692298733	265	28	0	0	0	3	10
49	5	6.18748673330992	252	16	0	0	0	4	10
49	7	1.00859538605437	210	27	0	0	0	5	10
49	8	5.91178835649043	266	49	2	0	0	6	10
50	1	3.94156792550348	190	16	1	0	0	1	10
50	2	4.70966073148884	237	17	0	0	0	2	10
50	3	3.39162828307599	222	18	0	0	0	3	10
50	4	2.55742227938026	211	28	0	0	0	4	10
50	6	3.1383974540513	151	12	0	0	0	5	10
50	7	3.09386869287118	192	29	0	0	0	6	10
50	8	4.28578833537176	247	16	0	0	0	7	10
50	9	4.40994050446898	161	47	2	0	0	8	10
51	2	1.57038168702275	228	21	1	0	0	1	10
51	3	2.30742047214881	192	26	0	0	0	2	10
51	4	3.91362391482107	164	16	0	0	0	3	10
51	5	3.19230170501396	105	25	0	0	0	4	10
51	7	1.65376114705577	197	19	0	0	0	5	10
51	8	4.90342167392373	229	19	0	0	0	6	10
51	9	2.22958429181017	182	23	0	0	0	7	10
51	10	4.10914743295871	184	18	0	0	0	8	10
51	11	4.66424260963686	151	41	2	0	0	9	10
52	2	0.852221308508888	170	17	1	0	0	1	10
52	2	5.44516419013962	211	21	0	0	0	2	10
52	3	4.17254321742803	194	19	0	0	0	3	10
52	4	3.88219347223639	207	18	0	0	0	4	10
52	5	3.9388216577936	299	20	0	0	0	5	10
52	6	4.40632056933828	173	51	2	0	0	6	10
53	1	3.89188788551837	180	15	1	0	0	1	10
53	2	5.43864001566544	193	18	0	0	0	2	10
53	3	5.18413098156452	140	17	0	0	0	3	10
53	5	0.905729240737855	154	14	0	0	0	4	10
53	5	4.32935930928215	193	15	0	0	0	5	10
53	5	8.47614293871447	106	23	0	0	0	6	10
53	6	3.06410797149874	200	21	0	0	0	7	10
53	8	4.55661500943825	239	19	0	0	0	8	10
53	9	3.56288295122795	173	45	2	0	0	9	10
54	1	3.44379112450406	169	14	1	0	0	1	10
54	2	3.42466114950366	171	15	0	0	0	2	10
54	3	2.82505599921569	199	17	0	0	0	3	10
54	4	2.89844704279676	186	18	0	0	0	4	10
54	5	3.6254674422089	232	25	0	0	0	5	10
54	7	3.51459604711272	221	22	0	0	0	6	10
54	8	3.22689810977317	284	50	2	0	0	7	10
55	2	0.114506832091138	234	16	1	0	0	1	10
55	2	4.68641923530959	218	18	0	0	0	2	10
55	3	4.34325915481895	226	17	0	0	0	3	10
55	4	2.69646417838521	213	21	0	0	0	4	10
55	5	2.81142797321081	223	15	0	0	0	5	10
55	6	3.91244377894327	147	14	0	0	0	6	10
55	7	2.99670506641269	130	18	0	0	0	7	10
55	8	3.88197587197646	207	15	0	0	0	8	10
55	9	2.63291896809824	197	19	0	0	0	9	10
55	10	3.5013143979013	159	49	2	0	0	10	10
56	1	3.87596316915005	162	13	1	0	0	1	10
56	2	4.37579817906953	186	20	0	0	0	2	10
56	4	2.88579575391486	186	15	0	0	0	3	10
56	3	2.1015640180558	120	19	0	0	0	4	10
56	5	6.35328431683592	168	12	0	0	0	5	10
56	5	3.62361935665831	152	16	0	0	0	6	10
56	6	4.48160454863682	179	17	0	0	0	7	10
56	7	2.2253059912473	129	52	2	0	0	8	10
57	2	1.45062343520112	274	17	1	0	0	1	10
57	3	3.95971065270714	204	16	0	0	0	2	10
57	4	2.97140902862884	212	16	0	0	0	3	10
57	5	3.12021399708465	157	22	0	0	0	4	10
57	7	1.41641694772989	176	15	2	0	0	5	10
58	1	5.2380583670456	222	18	1	0	0	1	10
58	3	3.10576427355409	189	19	0	0	0	2	10
58	4	4.98283977597021	246	18	0	0	0	3	10
58	6	1.18364494852722	152	12	0	0	0	4	10
58	5	2.55785420374013	160	25	0	0	0	5	10
58	7	5.40835739765316	184	17	0	0	0	6	10
58	9	1.49182145902887	311	29	0	0	0	7	10
58	10	3.489781672135	277	28	2	0	0	8	10
59	2	0.702890769578516	201	18	1	0	0	1	10
59	2	5.63033400918357	112	17	0	0	0	2	10
59	3	4.12941444129683	202	19	0	0	0	3	10
59	5	0.735320147126913	227	19	0	0	0	4	10
59	6	2.81967317708768	218	20	0	0	0	5	10
59	7	2.79929511318915	202	19	0	0	0	6	10
59	9	1.98382499837317	183	14	2	0	0	7	10
60	2	0.318692718399689	188	15	1	0	0	1	10
60	2	5.7957396034617	136	17	0	0	0	2	10
60	4	0.520444158930331	158	14	0	0	0	3	10
60	4	4.61512790410779	117	15	0	0	0	4	10
60	6	1.31538055813871	192	16	0	0	0	5	10
60	7	4.01798288524151	212	20	0	0	0	6	10
60	8	4.0361422598362	201	17	0	0	0	7	10
60	9	4.83899095002562	191	18	0	0	0	8	10
60	9	11.7221280450467	138	47	2	0	0	9	10
61	1	3.82387511245906	182	16	1	0	0	1	10
61	2	4.41075013577938	227	23	0	0	0	2	10
61	3	3.23272215388715	231	20	0	0	0	3	10
61	4	4.55895815906115	291	31	0	0	0	4	10
61	6	5.1078561230097	259	22	0	0	0	5	10
61	7	6.23230860684998	128	43	2	0	0	6	10
62	2	2.54393484862521	311	14	1	0	0	1	10
62	3	2.38374585518613	210	15	0	0	0	2	10
62	4	1.91183357313275	187	20	0	0	0	3	10
62	6	1.9478405744303	240	20	0	0	0	4	10
62	7	1.77014282019809	211	18	0	0	0	5	10
62	8	4.46367660420947	210	49	2	0	0	6	10
63	1	3.26588978618383	179	17	1	0	0	1	10
63	2	4.31938242865726	234	21	0	0	0	2	10
63	3	4.09184235450812	212	17	0	0	0	3	10
63	4	2.87866229983047	212	28	0	0	0	4	10
63	5	3.90623669256456	191	22	0	0	0	5	10
63	7	2.05493517732248	181	13	0	0	0	6	10
63	8	1.24247189005837	166	27	0	0	0	7	10
63	9	4.45453434693627	197	55	2	0	0	8	10
64	2	2.70293529494666	224	20	1	0	0	1	10
64	3	2.3415060963016	152	14	0	0	0	2	10
64	3	6.55781730241142	134	16	0	0	0	3	10
64	4	4.19865455594845	134	18	0	0	0	4	10
64	6	0.909385635284707	147	13	0	0	0	5	10
64	5	1.78957418119535	98	20	0	0	0	6	10
64	7	3.12249010801315	230	24	0	0	0	7	10
64	8	4.1533704388421	224	19	0	0	0	8	10
64	9	3.55885132076219	231	42	2	0	0	9	10
65	1	4.64294552314095	230	20	1	0	0	1	10
65	3	3.93979592435062	222	20	0	0	0	2	10
65	4	2.04919139924459	199	18	0	0	0	3	10
65	5	3.08080807002261	211	20	0	0	0	4	10
65	7	1.45956103946082	188	26	0	0	0	5	10
65	9	0.4714681787882	158	22	0	0	0	6	10
65	10	4.31627001892775	222	26	0	0	0	7	10
65	11	4.46805804641917	212	34	2	0	0	8	10
66	1	3.97729809745215	219	17	1	0	0	1	10
66	3	1.02924191998318	195	17	0	0	0	2	10
66	4	5.94625339051709	486	23	0	0	0	3	10
66	6	1.42231638310477	247	23	0	0	0	4	10
66	7	1.9920517031569	182	27	0	0	0	5	10
66	9	1.88941882969812	274	24	0	0	0	6	10
66	10	6.71736819390208	256	20	0	0	0	7	10
66	11	2.89847411797382	158	38	2	0	0	8	10
67	1	3.02523676818237	180	15	1	0	0	1	10
67	2	5.32609999342822	187	16	0	0	0	2	10
67	3	5.90834188601002	182	19	0	0	0	3	10
67	4	4.43421073257923	234	24	0	0	0	4	10
67	6	2.32083305413835	171	14	2	0	0	5	10
68	1	3.67019725241698	205	14	1	0	0	1	10
68	2	3.77356857410632	119	17	0	0	0	2	10
68	3	3.03339148894884	225	19	0	0	0	3	10
68	5	1.55132502596825	214	27	0	0	0	4	10
68	6	6.87189709045924	184	13	0	0	0	5	10
68	6	4.95620201760903	106	22	0	0	0	6	10
68	7	6.06119047082029	228	21	0	0	0	7	10
68	8	3.64253528346308	179	40	2	0	0	8	10
69	2	2.92663271678612	255	23	1	0	0	1	10
69	3	3.94695004797541	248	19	0	0	0	2	10
69	4	2.83880280749872	217	16	0	0	0	3	10
69	5	4.80847669066861	200	19	0	0	0	4	10
69	7	0.280457709450275	165	19	2	0	0	5	10
70	1	5.74933993979357	298	16	1	0	0	1	10
70	3	0.636758362408727	139	15	0	0	0	2	10
70	3	4.13125676079653	173	20	0	0	0	3	10
70	5	2.26941561908461	161	12	0	0	0	4	10
70	4	3.96748490026221	137	28	0	0	0	5	10
70	6	3.8242324788589	251	17	0	0	0	6	10
70	7	2.87224314990453	208	19	0	0	0	7	10
70	8	3.88884445372969	166	14	0	0	0	8	10
70	9	2.43002216960303	220	18	0	0	0	9	10
70	10	1.70481455698609	156	45	2	0	0	10	10
71	2	0.627664331579581	182	17	1	0	0	1	10
71	2	5.59217694844119	134	16	0	0	0	2	10
71	3	6.51082647964358	213	18	0	0	0	3	10
71	4	4.47777032898739	170	20	0	0	0	4	10
71	6	1.67113135382533	168	20	0	0	0	5	10
71	7	2.83915601088665	176	17	0	0	0	6	10
71	8	3.68107211496681	197	20	0	0	0	7	10
71	10	1.69451247877441	215	17	0	0	0	8	10
71	11	3.7527236614842	158	36	2	0	0	9	10
72	1	3.8906917294953	250	15	1	0	0	1	10
72	2	5.66501933871768	233	17	0	0	0	2	10
72	3	6.42889975709841	166	14	0	0	0	3	10
72	4	2.68228405434638	200	20	0	0	0	4	10
72	6	0.162229469278827	188	17	0	0	0	5	10
72	6	4.94141434901394	122	18	0	0	0	6	10
72	7	4.83220655517653	252	36	2	0	0	7	10
73	1	3.90673296432942	195	15	1	0	0	1	10
73	2	3.5293008859735	175	20	0	0	0	2	10
73	3	3.21923104161397	204	19	0	0	0	3	10
73	5	2.25391583074816	219	22	0	0	0	4	10
73	6	2.75123139983043	203	21	0	0	0	5	10
73	8	0.0831135686021298	263	22	0	0	0	6	10
73	9	3.00597452814691	208	21	0	0	0	7	10
73	10	4.63232095213607	206	44	2	0	0	8	10
74	1	1.39684234047309	203	17	1	0	0	1	10
74	2	3.8267076711636	177	13	0	0	0	2	10
74	3	2.90337253198959	148	18	0	0	0	3	10
74	4	4.35315778595395	185	16	0	0	0	4	10
74	5	3.53193635726348	160	17	0	0	0	5	10
74	7	1.46319714561105	214	22	0	0	0	6	10
74	8	4.94337818911299	228	21	0	0	0	7	10
74	9	3.01587529201061	283	17	0	0	0	8	10
74	10	5.63059943309054	117	42	2	0	0	9	10
75	2	2.86981588462368	239	17	1	0	0	1	10
75	3	3.23000909015536	200	18	0	0	0	2	10
75	4	2.17708634026349	213	17	0	0	0	3	10
75	5	4.25814299797639	239	19	0	0	0	4	10
75	6	4.63849880523048	128	16	0	0	0	5	10
75	8	2.15181888407096	140	16	0	0	0	6	10
75	9	4.4369344105944	140	48	2	0	0	7	10
76	2	1.41361298854463	237	16	1	0	0	1	10
76	2	6.05757564189844	101	18	0	0	0	2	10
76	4	2.25185505743138	268	19	0	0	0	3	10
76	5	3.55814567231573	165	18	0	0	0	4	10
76	6	3.09078564681113	255	29	0	0	0	5	10
76	7	1.60705732251517	236	18	0	0	0	6	10
76	8	0.490195121383294	307	19	0	0	0	7	10
76	9	2.74395719217137	145	39	2	0	0	8	10
77	2	0.010478523094207	172	14	1	0	0	1	10
77	2	4.11216703196988	189	21	0	0	0	2	10
77	3	4.89964960212819	216	19	0	0	0	3	10
77	4	4.16432887106203	228	17	0	0	0	4	10
77	5	3.33812954090536	201	28	0	0	0	5	10
77	7	6.86154461023398	166	16	2	0	0	6	10
78	2	1.03012446686625	257	21	1	0	0	1	10
78	3	3.19088248698972	199	16	0	0	0	2	10
78	4	2.07925442443229	209	18	0	0	0	3	10
78	6	0.347221960080788	167	16	0	0	0	4	10
78	6	5.3847580451984	119	17	0	0	0	5	10
78	8	2.48168994532898	218	24	0	0	0	6	10
78	9	4.58453773497604	172	14	0	0	0	7	10
78	10	3.27167733036913	157	42	2	0	0	8	10
79	1	2.25390560203232	83	16	1	0	0	1	10
79	2	3.2149934717454	199	15	0	0	0	2	10
79	3	4.0145600582473	179	18	0	0	0	3	10
79	4	3.2552462622989	308	19	0	0	0	4	10
79	6	1.570311013842	212	20	0	0	0	5	10
79	7	3.57266829698347	141	15	0	0	0	6	10
79	8	4.94191701197997	164	20	0	0	0	7	10
79	9	3.58876171335578	226	22	0	0	0	8	10
79	10	4.62602383876219	298	44	2	0	0	9	10
80	2	2.74925155960955	247	18	1	0	0	1	10
80	3	1.80375680653378	213	18	0	0	0	2	10
80	4	3.54446983220987	258	17	0	0	0	3	10
80	5	8.53475033072755	83	16	0	0	0	4	10
80	6	5.14434084109962	228	22	0	0	0	5	10
80	8	3.29314050730318	250	20	0	0	0	6	10
80	9	3.85939935036004	219	39	2	0	0	7	10
81	1	1.29209413356148	53	14	1	0	0	1	10
81	2	2.75828400999308	262	17	0	0	0	2	10
81	3	2.13303459645249	252	24	0	0	0	3	10
81	4	1.45141976862215	196	15	0	0	0	4	10
81	5	3.30935494485311	184	16	0	0	0	5	10
81	6	5.52451189165004	120	17	0	0	0	6	10
81	7	4.27636551274918	192	16	0	0	0	7	10
81	8	2.59983364841901	239	52	2	0	0	8	10
82	1	2.07842689473182	201	15	1	0	0	1	10
82	2	4.30450577195734	231	21	0	0	0	2	10
82	3	4.07017950178124	238	34	0	0	0	3	10
82	4	3.22566295368597	222	22	0	0	0	4	10
82	7	1.15057682688348	225	27	0	0	0	5	10
82	8	0.585910048801452	178	16	0	0	0	6	10
82	8	6.03014119504951	154	20	0	0	0	7	10
82	9	3.70710826548748	171	18	0	0	0	8	10
82	10	3.67014232138172	113	38	2	0	0	9	10
83	1	2.23606747575104	200	15	1	0	0	1	10
83	2	3.45512856962159	206	18	0	0	0	2	10
83	3	3.06368678295985	164	17	0	0	0	3	10
83	4	3.00080770417117	225	27	0	0	0	4	10
83	5	5.47422161302529	143	17	0	0	0	5	10
83	7	0.0372298841830343	165	12	0	0	0	6	10
83	7	3.47453148895875	92	18	0	0	0	7	10
83	8	5.97636841563508	249	28	0	0	0	8	10
83	9	5.75031350646168	334	19	2	0	0	9	10
84	1	3.8398818038404	203	17	1	0	0	1	10
84	3	0.813534970162436	130	15	0	0	0	2	10
84	3	5.65859752241522	152	16	0	0	0	3	10
84	4	4.73644848051481	211	16	0	0	0	4	10
84	5	4.61142645706423	236	27	0	0	0	5	10
84	7	1.77334790048189	263	15	0	0	0	6	10
84	7	4.2680571093224	105	17	0	0	0	7	10
84	8	3.56303421407938	233	19	0	0	0	8	10
84	9	1.4881825207267	237	17	0	0	0	9	10
84	10	2.03202700149268	108	43	2	0	0	10	10
85	2	2.99366166326217	269	20	1	0	0	1	10
85	3	3.08229914889671	206	17	0	0	0	2	10
85	4	1.85979782207869	195	20	0	0	0	3	10
85	7	0.557520885951817	224	21	0	0	0	4	10
85	6	1.32623536349274	203	32	0	0	0	5	10
85	8	3.3547331104055	233	15	0	0	0	6	10
85	9	3.60101056774147	147	43	2	0	0	7	10
86	1	3.09611516818404	237	19	1	0	0	1	10
86	3	0.772559299599379	226	22	0	0	0	2	10
86	4	3.23364003933966	274	25	0	0	0	3	10
86	6	1.07705719140358	190	17	0	0	0	4	10
86	6	7.34929995052516	142	22	0	0	0	5	10
86	8	1.05529422988184	292	25	0	0	0	6	10
86	9	4.03612460871227	195	36	2	0	0	7	10
87	1	3.15354073792696	210	16	1	0	0	1	10
87	2	5.01706606359221	197	19	0	0	0	2	10
87	3	4.63199307327159	194	17	0	0	0	3	10
87	4	2.33070655027404	218	20	0	0	0	4	10
87	5	2.87858749227598	215	17	0	0	0	5	10
87	6	2.78695841948502	193	21	0	0	0	6	10
87	7	5.0052636063192	178	13	0	0	0	7	10
87	7	4.64761701971292	132	18	0	0	0	8	10
87	7	10.2642579502426	158	46	2	0	0	9	10
88	2	2.21772829326801	237	18	1	0	0	1	10
88	3	4.63910778542049	223	19	0	0	0	2	10
88	4	3.47720149462111	215	20	0	0	0	3	10
88	5	6.29167647706345	161	12	0	0	0	4	10
88	6	2.71258917963132	83	18	0	0	0	5	10
88	7	2.09361199941486	220	22	0	0	0	6	10
88	9	1.73243268369697	180	17	2	0	0	7	10
89	1	1.69360338221304	183	17	1	0	0	1	10
89	2	4.3686643592082	186	16	0	0	0	2	10
89	3	4.94123818678781	239	17	0	0	0	3	10
89	4	1.10821767570451	202	20	0	0	0	4	10
89	6	3.70755002414808	250	18	0	0	0	5	10
89	6	12.975124560995	95	16	0	0	0	6	10
89	7	5.81415999494493	234	14	0	0	0	7	10
89	8	2.77213883027434	202	42	2	0	0	8	10
90	1	3.80660040304065	185	15	1	0	0	1	10
90	2	2.0868813439738	182	19	0	0	0	2	10
90	3	3.57190342992544	233	24	0	0	0	3	10
90	4	1.58349486486986	185	19	0	0	0	4	10
90	5	4.65486611053348	125	14	0	0	0	5	10
90	6	1.94546595658176	185	23	0	0	0	6	10
90	7	2.81952508562244	208	23	0	0	0	7	10
90	8	1.05578503827564	262	46	2	0	0	8	10
91	2	0.322374115465209	238	22	1	0	0	1	10
91	2	9.87299132277258	162	17	0	0	0	2	10
91	3	3.99796682735905	261	30	0	0	0	3	10
91	5	3.77674887003377	214	19	0	0	0	4	10
91	7	2.15393942920491	255	31	0	0	0	5	10
91	8	4.85351683804765	250	17	0	0	0	6	10
91	10	0.177475040545687	188	15	0	0	0	7	10
91	10	4.52266940707341	87	37	2	0	0	8	10
92	2	0.999618858797476	236	18	1	0	0	1	10
92	3	1.19764462159947	202	16	0	0	0	2	10
92	4	2.00219240249135	185	19	0	0	0	3	10
92	5	2.13320569368079	204	20	0	0	0	4	10
92	6	4.12894685612991	169	18	0	0	0	5	10
92	8	2.54346873052418	184	20	0	0	0	6	10
92	9	3.48840155592188	199	17	0	0	0	7	10
92	10	5.00898894225247	177	37	2	0	0	8	10
93	2	1.21703113359399	241	24	1	0	0	1	10
93	3	2.98142804414965	184	23	0	0	0	2	10
93	4	3.89842605264857	190	17	0	0	0	3	10
93	5	4.17950789257884	224	31	0	0	0	4	10
93	6	4.20999020035379	166	15	0	0	0	5	10
93	7	2.42489259084687	187	31	0	0	0	6	10
93	8	4.28197131259367	252	38	2	0	0	7	10
94	1	1.97790744411759	207	16	1	0	0	1	10
94	2	3.11255649779923	137	16	0	0	0	2	10
94	3	3.95518390880898	156	17	0	0	0	3	10
94	5	1.81902945274487	211	29	0	0	0	4	10
94	6	2.35468436661176	204	24	0	0	0	5	10
94	8	1.50438960781321	193	15	2	0	0	6	10
95	2	0.78153883991763	187	16	1	0	0	1	10
95	2	4.33852395764552	122	18	0	0	0	2	10
95	4	3.4479200753849	289	17	0	0	0	3	10
95	5	5.06239708838984	165	16	0	0	0	4	10
95	6	3.80141894868575	187	19	0	0	0	5	10
95	7	5.97790969745256	275	56	2	0	0	6	10
96	2	3.71626640111208	196	14	1	0	0	1	10
96	3	2.30929226521403	159	20	0	0	0	2	10
96	4	2.51857773051597	244	24	0	0	0	3	10
96	7	1.47191812843084	214	26	0	0	0	4	10
96	8	4.21307028271258	200	17	0	0	0	5	10
96	9	2.59624636801891	193	16	0	0	0	6	10
96	11	0.617391997482628	115	20	0	0	0	7	10
96	12	1.89338650857098	190	34	2	0	0	8	10
97	2	2.03732699272223	215	14	1	0	0	1	10
97	1	3.51210782956332	200	20	0	0	0	2	10
97	3	3.68422348098829	237	18	0	0	0	3	10
97	4	2.21952374605462	238	22	0	0	0	4	10
97	5	2.89910131460056	165	15	0	0	0	5	10
97	6	3.77395853889175	115	20	0	0	0	6	10
97	8	3.34241623454727	163	14	0	0	0	7	10
97	9	3.98788172728382	146	19	2	0	0	8	10
98	2	2.6974283340387	270	19	1	0	0	1	10
98	3	1.312165327603	193	20	0	0	0	2	10
98	4	4.8344182795845	194	18	0	0	0	3	10
98	5	3.27869317680597	202	22	0	0	0	4	10
98	6	4.47674760385416	226	20	0	0	0	5	10
98	8	0.145412751240656	330	20	0	0	0	6	10
98	9	4.57045410410501	131	19	0	0	0	7	10
98	10	3.97794009861536	164	39	2	0	0	8	10
99	1	3.61819251300767	171	14	1	0	0	1	10
99	2	5.24425865779631	211	19	0	0	0	2	10
99	3	3.04291489068419	214	20	0	0	0	3	10
99	5	0.666597930015996	162	14	0	0	0	4	10
99	5	3.96915358491242	150	21	0	0	0	5	10
99	6	2.83125560451299	182	27	0	0	0	6	10
99	8	3.4478026041761	150	17	2	0	0	7	10
100	1	3.8071564657148	190	15	1	0	0	1	10
100	2	5.2465963573195	188	16	0	0	0	2	10
100	3	4.29611565824598	195	18	0	0	0	3	10
100	2	4.48669613711536	301	25	0	0	0	4	10
100	5	1.71859517274424	290	16	0	0	0	5	10
100	5	7.75196485291235	120	17	0	0	0	6	10
100	6	2.89802155550569	222	29	0	0	0	7	10
100	8	3.60302490647882	235	22	0	0	0	8	10
100	9	3.54518694803119	196	25	0	0	0	9	10
100	10	3.88796701584943	143	35	2	0	0	10	10
101	1	1.91053315694444	182	17	1	0	0	1	10
101	2	3.3208601269871	204	20	0	0	0	2	10
101	3	3.73987002670765	220	17	0	0	0	3	10
101	4	3.92421269626357	230	23	0	0	0	4	10
101	6	2.95377470110543	238	20	0	0	0	5	10
101	8	0.376223277533427	224	19	0	0	0	6	10
101	9	0.393956883111969	203	25	0	0	0	7	10
101	10	2.93876341311261	132	43	2	0	0	8	10
102	1	2.25751365721226	169	15	1	0	0	1	10
102	2	4.03085324307904	112	17	0	0	0	2	10
102	4	0.436265429016203	176	18	0	0	0	3	10
102	5	4.18368067475967	235	20	0	0	0	4	10
102	6	3.16839742800221	221	19	0	0	0	5	10
102	7	3.79440021375194	178	16	0	0	0	6	10
102	8	4.31913873553276	171	20	0	0	0	7	10
102	9	4.30950497416779	120	42	2	0	0	8	10
103	1	3.3357269577682	171	16	1	0	0	1	10
103	2	5.03239657799713	130	17	0	0	0	2	10
103	3	5.45427039032802	205	15	0	0	0	3	10
103	4	3.62373033654876	229	21	0	0	0	4	10
103	6	0.51437212782912	179	22	0	0	0	5	10
103	7	4.42104867426679	237	17	0	0	0	6	10
103	8	4.66957518528216	128	51	2	0	0	7	10
104	2	2.72876419429667	243	28	1	0	0	1	10
104	3	2.89681736356579	117	17	0	0	0	2	10
104	4	5.74534826003946	254	26	0	0	0	3	10
104	6	0.621206774143502	206	20	0	0	0	4	10
104	7	4.70040692575276	238	24	0	0	0	5	10
104	8	3.05932666081935	194	25	0	0	0	6	10
104	10	0.801234433194622	224	40	2	0	0	7	10
105	2	3.69339434546418	256	18	1	0	0	1	10
105	3	5.9897901667282	236	16	0	0	0	2	10
105	4	2.00441814772785	181	15	0	0	0	3	10
105	5	3.69361018482596	145	13	0	0	0	4	10
105	6	3.2069999629166	150	16	0	0	0	5	10
105	7	2.7176666080486	129	52	2	0	0	6	10
106	2	2.72138795815408	259	31	1	0	0	1	10
106	3	3.27548877079971	229	18	0	0	0	2	10
106	4	2.14340396248735	203	21	0	0	0	3	10
106	6	0.0782275514211506	215	29	0	0	0	4	10
106	7	0.166256510652602	186	15	0	0	0	5	10
106	7	5.13249035482295	156	46	2	0	0	6	10
107	2	0.431376854423434	190	17	1	0	0	1	10
107	2	5.37788957776502	166	15	0	0	0	2	10
107	3	3.61170642031357	195	21	0	0	0	3	10
107	5	0.894771608291194	248	19	0	0	0	4	10
107	6	4.39995400398038	204	23	0	0	0	5	10
107	8	1.12010114593431	180	17	0	0	0	6	10
107	8	7.73747498635203	127	19	0	0	0	7	10
107	10	2.26868264121003	224	23	0	0	0	8	10
107	11	3.40914958319627	219	42	2	0	0	9	10
108	1	3.86799888475798	184	16	1	0	0	1	10
108	2	5.16457289690152	170	17	0	0	0	2	10
108	3	4.76053697057068	221	21	0	0	0	3	10
108	4	4.99752056319267	249	25	0	0	0	4	10
108	6	1.20359033183195	182	26	0	0	0	5	10
108	8	1.13507536309771	189	23	0	0	0	6	10
108	9	5.00197795801796	274	20	0	0	0	7	10
108	9	12.2625729977153	190	42	2	0	0	8	10
109	1	3.79133092402481	175	16	1	0	0	1	10
109	2	4.09121269709431	210	24	0	0	0	2	10
109	3	3.47278682771139	223	19	0	0	0	3	10
109	5	0.625469776103273	236	20	0	0	0	4	10
109	6	2.40208141738549	204	24	0	0	0	5	10
109	7	3.25954922521487	213	17	0	0	0	6	10
109	8	4.83644679747522	155	18	0	0	0	7	10
109	9	4.36387348221615	193	20	0	0	0	8	10
109	9	9.16374918399379	105	40	2	0	0	9	10
110	1	3.31873696530238	181	15	1	0	0	1	10
110	2	5.34902428416535	176	19	0	0	0	2	10
110	3	3.73603791277856	234	19	0	0	0	3	10
110	5	0.630726959323511	185	26	0	0	0	4	10
110	6	2.60640050144866	115	17	0	0	0	5	10
110	7	4.12150961090811	257	21	0	0	0	6	10
110	8	1.84318661573343	204	30	0	0	0	7	10
110	10	1.75168944220059	237	14	2	0	0	8	10
111	2	0.574662840692326	231	17	1	0	0	1	10
111	2	7.9601663229987	223	15	0	0	0	2	10
111	2	15.1598558146507	148	14	0	0	0	3	10
111	3	3.29453275469132	124	18	0	0	0	4	10
111	5	2.50708716618828	142	15	0	0	0	5	10
111	4	0.677709716372192	178	26	0	0	0	6	10
111	6	4.46770312613808	201	18	0	0	0	7	10
111	8	0.185583501821384	297	27	0	0	0	8	10
111	9	4.42649748385884	251	43	2	0	0	9	10
112	2	2.55143646732904	261	21	1	0	0	1	10
112	3	2.38462398690172	205	20	0	0	0	2	10
112	5	0.09721345664002	179	14	0	0	0	3	10
112	6	0.246415465837345	127	15	0	0	0	4	10
112	6	5.94280964694917	136	20	0	0	0	5	10
112	8	2.1103407680057	239	25	0	0	0	6	10
112	9	4.01777140260674	228	41	2	0	0	7	10
113	2	0.107246218947694	164	17	1	0	0	1	10
113	3	1.57527604419738	136	17	0	0	0	2	10
113	4	1.56014367449097	145	14	0	0	0	3	10
113	4	4.68911947775632	189	18	0	0	0	4	10
113	5	3.19574007764459	225	19	0	0	0	5	10
113	6	3.61123694782145	182	16	0	0	0	6	10
113	7	3.89540428528562	171	14	2	0	0	7	10
114	1	2.58387723076157	160	16	1	0	0	1	10
114	2	4.38493749848567	128	15	0	0	0	2	10
114	3	5.00667239911854	200	22	0	0	0	3	10
114	5	2.974101357162	181	19	0	0	0	4	10
114	6	4.4923142278567	137	17	0	0	0	5	10
114	7	3.76996118831448	180	26	0	0	0	6	10
114	8	3.09079925669357	209	15	0	0	0	7	10
114	9	1.89280079724267	195	22	0	0	0	8	10
114	11	2.67866362328641	306	16	0	0	0	9	10
114	11	7.67224863055162	109	41	2	0	0	10	10
