1	1	3.53534429706633	198	15	1	0	0	1	31
1	3	0.225890445290133	184	14	0	0	0	2	31
1	2	2.82864947593771	180	19	0	0	0	3	31
1	3	6.09752062382177	214	21	0	0	0	4	31
1	2	0.0317595647647977	220	14	0	0	0	5	31
1	3	1.27573347347789	212	17	0	0	0	6	31
1	3	6.8556615698617	270	14	0	0	0	7	31
1	3	9.87850511563011	110	13	0	0	0	8	31
1	4	2.00594577868469	300	12	0	0	0	9	31
1	4	4.89285662560724	109	15	0	0	0	10	31
1	6	0.653736633947119	312	13	0	0	0	11	31
1	6	2.64045643690042	170	20	0	0	0	12	31
1	7	4.7992673185654	176	16	0	0	0	13	31
1	9	1.28856951091439	248	13	0	0	0	14	31
1	8	1.02738203271292	210	16	0	0	0	15	31
1	7	1.62570186029188	214	18	0	0	0	16	31
1	8	2.95854658191092	302	17	0	0	0	17	31
1	9	5.48418700671755	189	15	0	0	0	18	31
1	10	4.83786172699183	216	20	0	0	0	19	31
1	11	5.97682084492408	201	14	0	0	0	20	31
1	11	8.32300671353005	141	35	2	0	0	21	31
2	1	2.14866925962269	191	15	1	0	0	1	31
2	3	0.498111309716478	193	15	0	0	0	2	31
2	3	4.65887367213145	197	17	0	0	0	3	31
2	4	4.2254061261192	229	15	0	0	0	4	31
2	4	9.52109277364798	103	16	0	0	0	5	31
2	6	0.390000586165115	256	19	0	0	0	6	31
2	7	3.19238993199542	202	17	0	0	0	7	31
2	8	5.54086005291902	191	19	0	0	0	8	31
2	9	5.01949250325561	319	15	0	0	0	9	31
2	10	1.54516712180339	101	15	0	0	0	10	31
2	10	5.61753075942397	157	55	2	0	0	11	31
3	1	2.42761997506022	171	15	1	0	0	1	31
3	2	2.38146149553359	256	13	0	0	0	2	31
3	1	3.6550547212828	195	13	0	0	0	3	31
3	2	4.34747457480989	430	14	0	0	0	4	31
3	3	0.0522916563786566	200	15	0	0	0	5	31
3	3	3.83748047356494	139	16	0	0	0	6	31
3	4	3.58030503988266	218	17	0	0	0	7	31
3	6	0.591035948833451	245	14	0	0	0	8	31
3	6	2.06492455024272	278	20	0	0	0	9	31
3	7	3.04087788821198	202	16	0	0	0	10	31
3	8	3.95306819747202	198	15	0	0	0	11	31
3	9	3.00581854372285	208	17	0	0	0	12	31
3	10	5.14521320490167	371	13	0	0	0	13	31
3	10	8.49465059675276	254	47	2	0	0	14	31
5	1	4.02437037276104	34	16	1	0	0	1	31
5	2	2.0980571792461	126	17	0	0	0	2	31
5	1	3.83750309678726	201	18	0	0	0	3	31
5	2	3.9151174610015	212	15	0	0	0	4	31
5	2	7.8108227099292	216	18	0	0	0	5	31
5	4	1.76094008306973	286	14	0	0	0	6	31
5	4	4.12589533859864	164	18	0	0	0	7	31
5	5	3.96047757612541	295	18	0	0	0	8	31
5	6	3.95925588370301	345	61	2	0	0	9	31
6	1	3.90866574621759	179	15	1	0	0	1	31
6	2	5.06484480435029	167	13	0	0	0	2	31
6	3	0.842140555381775	136	15	0	0	0	3	31
6	3	5.69823771202937	200	16	0	0	0	4	31
6	3	10.3777317502536	66	16	0	0	0	5	31
6	5	0.156556047964841	204	15	0	0	0	6	31
6	6	1.35643722699024	235	15	0	0	0	7	31
6	6	6.66614793753251	146	19	0	0	0	8	31
6	7	4.30427666171454	383	22	0	0	0	9	31
6	6	2.04678304726258	183	20	0	0	0	10	31
6	7	4.30626810691319	208	15	2	0	0	11	31
7	3	2.24648291384801	160	19	1	0	0	1	31
7	2	0.0702993152663112	174	14	0	0	0	2	31
7	1	1.13888082257472	197	18	0	0	0	3	31
7	3	2.97500641387887	326	18	0	0	0	4	31
7	2	1.66655963449739	133	15	0	0	0	5	31
7	1	2.31894737714902	211	16	0	0	0	6	31
7	2	4.05996302026324	285	16	0	0	0	7	31
7	3	4.67286650603637	202	18	0	0	0	8	31
7	5	1.9688448314555	214	16	0	0	0	9	31
7	5	6.46121971309185	251	17	0	0	0	10	31
7	6	4.89020442776382	268	27	0	0	0	11	31
7	7	5.24877087702043	363	12	0	0	0	12	31
7	7	8.69384923926555	247	12	0	0	0	13	31
7	7	10.7051019412465	115	18	0	0	0	14	31
7	9	1.19768111826852	200	16	0	0	0	15	31
7	10	1.64486753894016	366	51	2	0	0	16	31
9	1	3.8604101461824	208	14	1	0	0	1	31
9	2	4.04911713767797	252	16	0	0	0	2	31
9	1	2.30278863967396	151	22	0	0	0	3	31
9	3	3.23673492181115	186	16	0	0	0	4	31
9	4	4.81329700537026	236	15	0	0	0	5	31
9	5	3.54847202380188	221	16	0	0	0	6	31
9	6	4.9177691754885	144	18	0	0	0	7	31
9	7	3.96980693773367	423	60	2	0	0	8	31
12	1	3.74314875341952	212	15	1	0	0	1	31
12	2	3.42406944837421	204	15	0	0	0	2	31
12	3	3.90363748604432	181	15	0	0	0	3	31
12	4	4.76131099485792	204	16	0	0	0	4	31
12	5	4.75498311105184	202	16	0	0	0	5	31
12	6	3.33445435017347	217	14	0	0	0	6	31
12	7	3.62613998516463	132	12	0	0	0	7	31
12	8	3.61396471248008	405	64	2	0	0	8	31
13	1	1.59889140189625	164	12	1	0	0	1	31
13	2	1.7224061046727	158	13	0	0	0	2	31
13	3	0.392779929563403	104	16	0	0	0	3	31
13	3	5.9312856295146	252	17	0	0	0	4	31
13	4	2.95638350537047	192	23	0	0	0	5	31
13	5	4.85743389511481	306	20	0	0	0	6	31
13	3	8.05428994074464	119	16	0	0	0	7	31
13	3	2.79865744826384	141	14	0	0	0	8	31
13	3	6.58849725848995	163	18	0	0	0	9	31
13	4	5.08623262424953	163	15	0	0	0	10	31
13	5	4.16430126270279	197	16	0	0	0	11	31
13	6	3.50958763994277	313	18	0	0	0	12	31
13	7	6.80258622928523	226	17	2	0	0	13	31
14	1	5.95517030428164	344	15	1	0	0	1	31
14	2	4.03209981252439	259	16	0	0	0	2	31
14	3	3.05920694046654	222	17	0	0	0	3	31
14	5	0.948978784028441	217	15	0	0	0	4	31
14	5	6.79518532729708	266	21	0	0	0	5	31
14	6	4.57936002314091	395	21	0	0	0	6	31
14	8	1.85210816166364	240	13	2	0	0	7	31
15	1	2.68591076554731	171	13	1	0	0	1	31
15	2	1.0991121144034	146	13	0	0	0	2	31
15	3	0.0402938458137214	237	16	0	0	0	3	31
15	3	4.80276099056937	276	19	0	0	0	4	31
15	4	4.68566794577055	246	16	0	0	0	5	31
15	5	3.46339952549897	210	20	0	0	0	6	31
15	6	2.47514179651625	200	15	0	0	0	7	31
15	7	4.0717908879742	219	14	0	0	0	8	31
15	7	6.96220636041835	306	19	0	0	0	9	31
15	8	5.14604321750812	361	19	0	0	0	10	31
15	9	5.30163851869293	387	46	2	0	0	11	31
16	2	4.51291851582937	140	15	1	0	0	1	31
16	1	3.66687629371881	216	16	0	0	0	2	31
16	2	5.27091017784551	222	13	0	0	0	3	31
16	2	8.44103038916364	283	17	0	0	0	4	31
16	3	4.17356543871574	207	16	0	0	0	5	31
16	4	3.33149740402587	236	13	0	0	0	6	31
16	4	6.4194125526119	464	19	0	0	0	7	31
16	3	2.67999477847479	243	17	0	0	0	8	31
16	2	6.0081354114227	243	14	0	0	0	9	31
16	2	8.42447628360242	410	16	0	0	0	10	31
16	3	5.35910037439317	193	15	0	0	0	11	31
16	4	4.70392892346717	216	13	0	0	0	12	31
16	4	7.4476442092564	96	14	0	0	0	13	31
16	5	3.0005496731028	244	17	0	0	0	14	31
16	6	8.47876864532009	278	16	0	0	0	15	31
16	6	12.4985337890685	100	64	2	0	0	16	31
17	1	2.38663149205968	176	16	1	0	0	1	31
17	2	4.75032607000321	351	16	0	0	0	2	31
17	3	2.43243567016907	263	18	0	0	0	3	31
17	4	1.72761186212301	192	16	0	0	0	4	31
17	5	2.50167573895305	318	16	0	0	0	5	31
17	6	3.31015756633133	194	29	0	0	0	6	31
17	4	2.85126114077866	278	17	0	0	0	7	31
17	6	1.6172139714472	200	18	0	0	0	8	31
17	8	0.701682536397129	191	16	2	0	0	9	31
18	2	5.87866538460366	149	15	1	0	0	1	31
18	2	1.65792691567913	163	16	0	0	0	2	31
18	3	2.15426143398508	251	17	0	0	0	3	31
18	4	2.29034040495753	223	15	0	0	0	4	31
18	5	3.03444203780964	251	17	0	0	0	5	31
18	6	3.36727637425065	236	17	0	0	0	6	31
18	8	0.595070108771324	196	18	0	0	0	7	31
18	9	3.6357672798913	274	14	0	0	0	8	31
18	10	3.93596852989867	168	47	2	0	0	9	31
19	2	6.42440681066364	141	16	1	0	0	1	31
19	2	0.283932297723368	256	17	0	0	0	2	31
19	3	4.15459116687998	344	18	0	0	0	3	31
19	4	2.94997549243271	329	17	0	0	0	4	31
19	5	4.8339781507384	276	15	0	0	0	5	31
19	6	1.42479147738777	195	18	0	0	0	6	31
19	8	1.40763667435385	178	13	0	0	0	7	31
19	7	2.80591832357459	219	18	0	0	0	8	31
19	8	7.64458163199015	173	17	0	0	0	9	31
19	10	1.80452703358606	214	14	0	0	0	10	31
19	11	2.15097949746996	205	15	0	0	0	11	31
19	11	6.69403681252152	174	43	2	0	0	12	31
20	1	3.57765164598823	190	20	1	0	0	1	31
20	2	5.80524582997896	442	16	0	0	0	2	31
20	1	3.4263054151088	207	21	0	0	0	3	31
20	2	9.92578651825897	740	15	0	0	0	4	31
20	3	2.59990254137665	500	15	0	0	0	5	31
20	4	3.04312126757577	176	13	0	0	0	6	31
20	4	6.19275006093085	155	16	0	0	0	7	31
20	5	3.74206990026869	348	19	0	0	0	8	31
20	4	7.31582955922931	191	15	0	0	0	9	31
20	5	3.41241161408834	183	18	0	0	0	10	31
20	7	0.541774343000725	167	15	0	0	0	11	31
20	6	2.94706930196844	70	20	0	0	0	12	31
20	4	7.1006648959592	231	13	0	0	0	13	31
20	4	4.64333932939917	211	19	0	0	0	14	31
20	6	1.96578790037893	269	13	0	0	0	15	31
20	6	3.88860521628521	179	19	0	0	0	16	31
20	5	0.955090592149645	169	17	0	0	0	17	31
20	6	3.66743553057313	366	14	0	0	0	18	31
20	7	4.7250677223783	264	16	0	0	0	19	31
20	6	3.74411748931743	143	18	0	0	0	20	31
20	8	3.22103416267782	428	16	0	0	0	21	31
20	10	0.222689343616366	157	47	2	0	0	22	31
21	1	1.00581594742835	173	16	1	0	0	1	31
21	2	3.44944828888401	267	25	0	0	0	2	31
21	3	2.5797767851036	223	13	0	0	0	3	31
21	3	5.84888109122403	86	15	0	0	0	4	31
21	5	0.198404395254329	275	16	0	0	0	5	31
21	6	1.47033376712352	194	17	0	0	0	6	31
21	6	6.32971690315753	149	14	0	0	0	7	31
21	7	3.68143247812986	210	16	0	0	0	8	31
21	9	0.358937627635896	250	15	0	0	0	9	31
21	9	5.41234239120968	256	60	2	0	0	10	31
22	1	4.06209022714756	365	16	1	0	0	1	31
22	3	1.48410394368693	220	16	0	0	0	2	31
22	3	5.71239226264879	196	19	0	0	0	3	31
22	4	5.3366128790658	179	15	0	0	0	4	31
22	5	4.56146093271673	315	23	0	0	0	5	31
22	4	3.71754537313245	413	20	0	0	0	6	31
22	5	5.08775788894854	262	13	0	0	0	7	31
22	5	7.05080198054202	113	16	0	0	0	8	31
22	6	3.38073324272409	305	18	0	0	0	9	31
22	7	2.42349977954291	455	55	2	0	0	10	31
23	1	2.06879200809635	164	18	1	0	0	1	31
23	2	3.50446527288295	519	14	0	0	0	2	31
23	3	4.63877628347836	247	13	0	0	0	3	31
23	3	5.19670523749664	127	16	0	0	0	4	31
23	4	4.96678114146926	339	12	0	0	0	5	31
23	4	6.0270168967545	311	17	0	0	0	6	31
23	5	3.30499948468059	222	14	0	0	0	7	31
23	5	6.53225036803633	156	16	0	0	0	8	31
23	6	3.93201286322437	272	17	2	0	0	9	31
24	1	2.19080653972924	166	15	1	0	0	1	31
24	2	3.06602277350612	199	14	0	0	0	2	31
24	3	4.53928302368149	239	16	0	0	0	3	31
24	4	3.52460521063767	186	13	0	0	0	4	31
24	5	4.68678872962482	224	15	0	0	0	5	31
24	6	4.09934651828371	183	16	0	0	0	6	31
24	7	4.73470021225512	196	15	0	0	0	7	31
24	9	0.873404861195013	189	16	0	0	0	8	31
24	9	4.56745294039138	127	14	0	0	0	9	31
24	10	4.35176623729058	458	50	2	0	0	10	31
26	1	3.25998357171193	329	15	1	0	0	1	31
26	2	5.33222888945602	202	22	0	0	0	2	31
26	3	3.30752547853626	186	16	0	0	0	3	31
26	4	3.86890877131373	198	17	0	0	0	4	31
26	5	3.13451090408489	196	16	0	0	0	5	31
26	6	3.01578341517597	224	18	2	0	0	6	31
28	1	2.16904670465738	70	16	1	0	0	1	31
28	2	4.45557762426324	371	16	0	0	0	2	31
28	1	3.16933495178819	207	17	0	0	0	3	31
28	3	1.18855338008143	211	18	0	0	0	4	31
28	4	4.8557901843451	265	15	0	0	0	5	31
28	4	8.31111170654185	74	17	0	0	0	6	31
28	5	4.81657908041961	198	16	0	0	0	7	31
28	7	0.14889687509276	173	16	0	0	0	8	31
28	7	5.04734220635146	194	15	0	0	0	9	31
28	8	4.29559722496197	168	17	0	0	0	10	31
28	10	1.98487822641619	221	15	0	0	0	11	31
28	10	7.29972706106491	300	17	0	0	0	12	31
28	10	14.2413558086846	574	41	2	0	0	13	31
29	1	3.98446834110655	184	13	1	0	0	1	31
29	2	1.81197165395133	129	16	0	0	0	2	31
29	2	4.16706456476822	217	16	0	0	0	3	31
29	3	3.4147966557648	203	17	0	0	0	4	31
29	4	3.15390688623302	174	16	0	0	0	5	31
29	5	3.03390905680135	182	17	0	0	0	6	31
29	6	4.0288667967543	176	12	0	0	0	7	31
29	6	2.58708625659347	166	18	0	0	0	8	31
29	7	4.8128434678074	230	13	0	0	0	9	31
29	7	6.72765410318971	143	18	0	0	0	10	31
29	8	0.632216245634481	446	56	2	0	0	11	31
30	1	2.47178703825921	184	14	1	0	0	1	31
30	2	4.96947743371129	244	17	0	0	0	2	31
30	4	0.959520216332749	178	12	0	0	0	3	31
30	3	2.03194773965515	159	17	0	0	0	4	31
30	4	6.91550196218304	275	17	0	0	0	5	31
30	5	4.83095181407407	172	16	2	0	0	6	31
32	1	2.88750890782103	155	16	1	0	0	1	31
32	2	3.24921473744325	215	15	0	0	0	2	31
32	3	3.74441136862151	212	16	0	0	0	3	31
32	5	0.257442860398442	204	12	0	0	0	4	31
32	5	3.33330214000307	155	16	0	0	0	5	31
32	6	4.47776719531976	246	15	0	0	0	6	31
32	8	0.0844187792390585	291	16	0	0	0	7	31
32	8	5.8890389201697	303	15	0	0	0	8	31
32	8	10.4873681361787	194	62	0	0	0	9	31
32	8	16.4585548394825	109	12	2	0	0	10	31
33	1	4.56575014651753	192	15	1	0	0	1	31
33	2	3.18021510611288	203	15	0	0	0	2	31
33	3	4.73248388478532	303	16	0	0	0	3	31
33	4	4.55917737656273	246	15	0	0	0	4	31
33	6	0.338566597551107	244	17	0	0	0	5	31
33	6	8.21496342960745	187	19	0	0	0	6	31
33	7	6.96875279815868	290	59	2	0	0	7	31
34	1	2.78583847917616	199	16	1	0	0	1	31
34	2	3.07960132486187	256	19	0	0	0	2	31
34	3	4.87744324491359	238	18	0	0	0	3	31
34	5	0.919969414127991	157	12	0	0	0	4	31
34	4	1.68141403561458	148	19	0	0	0	5	31
34	3	2.35991982812993	188	28	0	0	0	6	31
34	5	0.256717900047079	233	15	0	0	0	7	31
34	5	3.03953202208504	266	19	0	0	0	8	31
34	7	0.986928081838414	173	13	2	0	0	9	31
35	1	2.64801191771403	179	15	1	0	0	1	31
35	2	2.08438562229276	262	14	0	0	0	2	31
35	1	3.98733971174806	184	22	0	0	0	3	31
35	3	2.208886254346	233	14	0	0	0	4	31
35	4	0.515527909621596	98	15	0	0	0	5	31
35	4	5.27745683817193	201	13	0	0	0	6	31
35	4	9.92324957833625	191	15	0	0	0	7	31
35	5	2.1583684575744	246	18	0	0	0	8	31
35	6	5.66808046353981	165	54	2	0	0	9	31
36	1	3.90124192624353	223	18	1	0	0	1	31
36	2	4.28789717028849	157	15	0	0	0	2	31
36	3	2.97939183888957	214	14	0	0	0	3	31
36	3	5.51421925495379	81	15	0	0	0	4	31
36	4	4.87481413106434	206	16	0	0	0	5	31
36	5	4.34480344434269	195	13	0	0	0	6	31
36	5	1.98154070298187	65	19	0	0	0	7	31
36	3	4.05482064909302	352	12	0	0	0	8	31
36	3	6.55026934552006	98	19	0	0	0	9	31
36	5	0.302074157632887	132	15	0	0	0	10	31
36	5	6.55166238243692	236	17	0	0	0	11	31
36	6	3.09721501776949	222	16	0	0	0	12	31
36	7	1.5082051740028	219	16	0	0	0	13	31
36	8	0.0618561981245875	217	17	2	0	0	14	31
37	1	2.44901216519065	64	15	1	0	0	1	31
37	2	3.64890092029236	339	16	0	0	0	2	31
37	3	5.34402013407089	198	13	0	0	0	3	31
37	4	3.23185682203621	211	15	0	0	0	4	31
37	3	3.26853248267435	424	16	0	0	0	5	31
37	4	3.61914945114404	291	17	0	0	0	6	31
37	5	3.46342307864688	241	18	0	0	0	7	31
37	6	4.20692483335733	213	18	0	0	0	8	31
37	7	3.84958590543829	389	17	0	0	0	9	31
37	8	3.3866232894361	172	60	2	0	0	10	31
38	1	2.06067936471663	51	16	1	0	0	1	31
38	2	4.81159417051822	174	17	0	0	0	2	31
38	1	3.26375063043088	171	18	0	0	0	3	31
38	3	3.80747654591687	221	14	0	0	0	4	31
38	3	7.45485822134651	72	17	0	0	0	5	31
38	4	2.5884303136263	378	15	0	0	0	6	31
38	5	4.38195351557806	214	17	0	0	0	7	31
38	6	4.5958179847803	224	17	0	0	0	8	31
38	8	0.672194515122101	334	22	2	0	0	9	31
39	1	3.0945701173041	146	18	1	0	0	1	31
39	2	3.34305941639468	340	18	0	0	0	2	31
39	2	10.0898395492695	161	15	0	0	0	3	31
39	3	4.57252326048911	189	24	0	0	0	4	31
39	2	5.24172087293118	194	14	0	0	0	5	31
39	2	8.49569422355853	262	14	0	0	0	6	31
39	3	2.3282699547708	196	18	0	0	0	7	31
39	4	3.35125111369416	246	16	0	0	0	8	31
39	5	3.56207429314964	248	19	0	0	0	9	31
39	6	3.95236010104418	170	12	0	0	0	10	31
39	6	0.431447232840583	173	14	0	0	0	11	31
39	5	2.71435459749773	179	18	0	0	0	12	31
39	7	2.8152113838587	189	15	0	0	0	13	31
39	8	2.33074864232913	219	57	2	0	0	14	31
40	1	3.25478426041082	216	15	1	0	0	1	31
40	2	2.06832944462076	194	15	0	0	0	2	31
40	3	2.45347651606426	211	17	0	0	0	3	31
40	4	3.93452075822279	412	20	0	0	0	4	31
40	5	2.50028294278309	232	26	0	0	0	5	31
40	3	1.59656024072319	184	20	0	0	0	6	31
40	5	3.12680239765905	255	18	0	0	0	7	31
40	4	1.74438500637189	165	14	0	0	0	8	31
40	4	4.48570026573725	176	18	0	0	0	9	31
40	6	1.42862983350642	188	14	0	0	0	10	31
40	6	5.12833439419046	132	16	0	0	0	11	31
40	8	1.09429089934565	240	14	0	0	0	12	31
40	9	0.339705050457269	195	14	0	0	0	13	31
40	9	4.14180969609879	361	16	0	0	0	14	31
40	10	5.39492903393693	200	17	0	0	0	15	31
40	11	4.73145016934723	228	57	2	0	0	16	31
41	1	2.92230778560042	61	17	1	0	0	1	31
41	2	4.46555033861659	159	14	0	0	0	2	31
41	2	2.81374779390171	95	14	0	0	0	3	31
41	1	3.33780241641216	178	20	0	0	0	4	31
41	2	9.38940954790451	215	12	0	0	0	5	31
41	2	11.7565641892143	142	17	0	0	0	6	31
41	3	3.25553631549701	283	20	0	0	0	7	31
41	4	3.284321004292	215	16	0	0	0	8	31
41	5	3.64011082611978	186	17	0	0	0	9	31
41	6	4.88474403973669	194	18	0	0	0	10	31
41	7	3.84278128528967	288	18	2	0	0	11	31
42	3	4.78208437887952	146	18	1	0	0	1	31
42	2	1.99737386987545	147	20	0	0	0	2	31
42	3	2.30226455722004	205	17	0	0	0	3	31
42	4	5.05244264565408	254	16	0	0	0	4	31
42	6	0.177495599957183	206	14	0	0	0	5	31
42	7	0.597010647878051	143	17	0	0	0	6	31
42	7	4.40257387491874	131	17	0	0	0	7	31
42	8	5.11413652892224	247	19	2	0	0	8	31
43	1	3.43974757404067	173	16	1	0	0	1	31
43	2	4.58814278291538	194	15	0	0	0	2	31
43	3	5.33589059812948	267	16	0	0	0	3	31
43	4	4.44390149693936	262	18	0	0	0	4	31
43	5	2.51464697578922	183	17	0	0	0	5	31
43	6	4.2872411578428	320	18	0	0	0	6	31
43	7	3.15983972512186	275	16	0	0	0	7	31
43	8	3.57417050702497	235	79	0	0	0	8	31
43	8	10.4036544903647	106	14	2	0	0	9	31
45	1	7.97910796781071	483	16	1	0	0	1	31
45	2	3.34685061383061	227	17	0	0	0	2	31
45	4	0.000463440315797925	209	12	0	0	0	3	31
45	4	1.72760291513987	141	14	0	0	0	4	31
45	5	3.63325337413698	234	14	0	0	0	5	31
45	5	6.95467295404524	157	16	0	0	0	6	31
45	6	4.19812408089638	447	21	2	0	0	7	31
46	1	3.95951653039083	317	14	1	0	0	1	31
46	3	1.07743959897198	193	12	0	0	0	2	31
46	3	3.21791540225968	176	14	0	0	0	3	31
46	4	0.772924760123715	78	14	0	0	0	4	31
46	4	5.00609158026055	272	17	0	0	0	5	31
46	5	4.03397204773501	207	16	0	0	0	6	31
46	6	3.9826630265452	210	15	0	0	0	7	31
46	7	4.6989278239198	248	15	0	0	0	8	31
46	8	6.04944082791917	266	45	2	0	0	9	31
47	1	2.98926935391501	205	19	1	0	0	1	31
47	2	3.49720953847282	208	14	0	0	0	2	31
47	2	6.11842747079208	171	17	0	0	0	3	31
47	3	3.52306040003896	213	15	0	0	0	4	31
47	4	1.11768466373906	230	18	0	0	0	5	31
47	5	3.58224400202744	197	23	0	0	0	6	31
47	6	6.93017318681814	258	18	0	0	0	7	31
47	7	4.80739535437897	200	17	0	0	0	8	31
47	8	5.36905984627083	532	58	0	0	0	9	31
47	9	7.40478169661947	105	17	2	0	0	10	31
48	1	1.3830909607932	174	16	1	0	0	1	31
48	2	4.31891783839092	199	16	0	0	0	2	31
48	3	5.75686441012658	224	18	0	0	0	3	31
48	4	4.99965939670801	257	29	0	0	0	4	31
48	5	4.11318213539198	225	16	0	0	0	5	31
48	7	1.55969722592272	283	17	0	0	0	6	31
48	8	5.03730811364949	310	60	2	0	0	7	31
49	1	3.77511768741533	160	14	1	0	0	1	31
49	2	1.64623858593404	248	15	0	0	0	2	31
49	2	5.72812753729522	201	18	0	0	0	3	31
49	1	3.54542306717485	249	16	0	0	0	4	31
49	2	4.77396391890943	294	16	0	0	0	5	31
49	3	4.00085236574523	441	15	0	0	0	6	31
49	4	4.59225252340548	284	12	0	0	0	7	31
49	4	8.76576442061923	122	19	0	0	0	8	31
49	5	3.49247073195875	221	17	0	0	0	9	31
49	6	1.00375508586876	175	19	0	0	0	10	31
49	7	4.45505130616948	241	20	0	0	0	11	31
49	8	6.75258134142496	269	53	2	0	0	12	31
50	2	7.25919207674451	140	20	1	0	0	1	31
50	2	0.770845912164077	151	15	0	0	0	2	31
50	2	4.32966132857837	317	14	0	0	0	3	31
50	1	2.1653682703618	264	19	0	0	0	4	31
50	3	1.18394568562508	188	12	0	0	0	5	31
50	3	4.11915140831843	183	15	0	0	0	6	31
50	4	3.00517775979824	201	16	0	0	0	7	31
50	5	3.89343181671575	159	16	0	0	0	8	31
50	6	3.42324431682937	175	14	0	0	0	9	31
50	7	4.45540539175272	146	17	0	0	0	10	31
50	9	0.481476122513413	158	12	2	0	0	11	31
51	1	2.42663929704577	181	19	1	0	0	1	31
51	2	3.11826584837399	239	16	0	0	0	2	31
51	3	4.25000304938294	268	19	0	0	0	3	31
51	4	2.90657287393697	242	17	0	0	0	4	31
51	5	6.50089541170746	64	17	0	0	0	5	31
51	7	1.74328428762965	237	14	0	0	0	6	31
51	8	2.53645068942569	157	14	0	0	0	7	31
51	8	8.08692097268067	144	16	0	0	0	8	31
51	9	6.17582263401709	176	16	0	0	0	9	31
51	11	0.572535923682153	175	12	2	0	0	10	31
52	1	2.97284342860803	170	14	1	0	0	1	31
52	2	2.52988635050133	218	15	0	0	0	2	31
52	2	6.21161150746047	233	20	0	0	0	3	31
52	3	4.78318679798394	215	18	0	0	0	4	31
52	4	3.7986014331691	366	14	0	0	0	5	31
52	5	3.71411120146513	238	17	2	0	0	6	31
53	1	2.00554188946262	161	17	1	0	0	1	31
53	2	3.59885744354688	219	15	0	0	0	2	31
53	1	3.22834580740891	204	16	0	0	0	3	31
53	2	6.80471773073077	205	18	0	0	0	4	31
53	3	4.76825457066298	234	17	0	0	0	5	31
53	5	0.0561458801385015	161	13	0	0	0	6	31
53	4	1.11179501004517	196	15	0	0	0	7	31
53	5	4.67634819587693	513	16	0	0	0	8	31
53	5	7.18899015337229	192	14	0	0	0	9	31
53	5	9.66032319911756	161	15	0	0	0	10	31
53	6	4.47499920125119	174	18	0	0	0	11	31
53	8	2.53608493250795	210	13	0	0	0	12	31
53	8	5.20684552541934	201	16	0	0	0	13	31
53	9	4.1003686261829	250	46	2	0	0	14	31
54	1	2.50964582711458	182	13	1	0	0	1	31
54	2	2.69660650449805	260	14	0	0	0	2	31
54	1	3.2013213315513	169	14	0	0	0	3	31
54	2	5.30931803374551	217	19	0	0	0	4	31
54	3	4.07445623516105	241	16	0	0	0	5	31
54	4	2.75907042017207	256	21	0	0	0	6	31
54	3	0.366463510552421	191	22	0	0	0	7	31
54	5	1.8600379275158	280	15	0	0	0	8	31
54	6	3.40541799389757	202	18	0	0	0	9	31
54	7	2.94496243400499	213	18	0	0	0	10	31
54	8	2.56311686430126	235	60	2	0	0	11	31
55	1	3.3770630354993	160	13	1	0	0	1	31
55	2	2.24106999952346	199	16	0	0	0	2	31
55	3	3.29922751756385	231	16	0	0	0	3	31
55	4	1.35264246421866	197	16	0	0	0	4	31
55	5	0.189886906649917	189	14	0	0	0	5	31
55	6	1.13791681616567	255	18	0	0	0	6	31
55	7	4.40251247189008	206	14	0	0	0	7	31
55	7	1.51215764018707	172	15	0	0	0	8	31
55	6	1.43453670013696	195	18	0	0	0	9	31
55	8	4.76138881919906	258	15	0	0	0	10	31
55	9	3.98919050535187	290	18	2	0	0	11	31
56	1	2.99837928987108	37	19	1	0	0	1	31
56	3	1.14654968795367	138	18	0	0	0	2	31
56	2	1.20558310323395	160	12	0	0	0	3	31
56	2	5.09286836790852	156	15	0	0	0	4	31
56	4	0.118031339719892	233	16	0	0	0	5	31
56	4	4.87781204655766	94	17	0	0	0	6	31
56	5	4.21639628242701	256	17	0	0	0	7	31
56	6	4.14279466820881	279	18	2	0	0	8	31
59	2	4.29463529866189	148	19	1	0	0	1	31
59	1	2.30472275870852	176	17	0	0	0	2	31
59	2	6.97343251667917	189	15	0	0	0	3	31
59	3	3.0262360626366	215	16	0	0	0	4	31
59	4	3.72516959742643	264	17	0	0	0	5	31
59	5	5.21300402400084	167	15	0	0	0	6	31
59	6	4.06172038707882	205	15	0	0	0	7	31
59	8	0.944169818656519	362	16	2	0	0	8	31
60	1	2.60145086306147	163	18	1	0	0	1	31
60	2	4.16098446329124	256	19	0	0	0	2	31
60	4	0.0218086461536586	146	15	0	0	0	3	31
60	4	5.3575507523492	154	14	0	0	0	4	31
60	6	1.82762198941782	198	17	0	0	0	5	31
60	7	5.8089307944756	289	24	0	0	0	6	31
60	8	5.44319478026591	210	16	0	0	0	7	31
60	9	7.124679279048	248	17	0	0	0	8	31
60	9	14.0948513026815	222	46	0	0	0	9	31
60	9	17.6757658070419	140	12	2	0	0	10	31
61	1	3.81017250730656	343	15	1	0	0	1	31
61	2	4.92251010984182	209	16	0	0	0	2	31
61	3	1.08887998107821	194	16	0	0	0	3	31
61	3	6.19257089681923	114	15	0	0	0	4	31
61	4	4.84359869686887	246	17	0	0	0	5	31
61	5	2.41086116270162	240	16	0	0	0	6	31
61	6	4.32329832343385	265	16	2	0	0	7	31
62	1	3.97398369433358	196	13	1	0	0	1	31
62	2	3.8355747370515	242	16	0	0	0	2	31
62	3	2.59604098042473	213	17	0	0	0	3	31
62	4	0.361082957359031	190	14	0	0	0	4	31
62	4	4.52499029133469	338	17	0	0	0	5	31
62	5	3.47093783691525	179	14	0	0	0	6	31
62	5	1.40179464709945	173	15	0	0	0	7	31
62	6	4.71766562154517	188	12	0	0	0	8	31
62	6	2.50903726811521	175	14	0	0	0	9	31
62	6	4.3148866801057	248	17	0	0	0	10	31
62	7	0.694516188697889	158	13	2	0	0	11	31
63	1	3.82804329507053	194	14	1	0	0	1	31
63	2	3.11679521366023	264	16	0	0	0	2	31
63	3	0.245527153369039	129	16	0	0	0	3	31
63	3	5.94157115672715	192	15	0	0	0	4	31
63	4	4.70878425170667	204	17	0	0	0	5	31
63	5	5.88625348219648	185	17	0	0	0	6	31
63	7	1.25081871496513	208	16	0	0	0	7	31
63	8	4.39812619821168	281	21	2	0	0	8	31
64	2	0.824190760497004	327	14	1	0	0	1	31
64	2	4.52044715592638	299	13	0	0	0	2	31
64	2	7.93009282136336	173	16	0	0	0	3	31
64	3	4.08157765725628	293	17	0	0	0	4	31
64	4	3.70385757926852	259	17	0	0	0	5	31
64	5	2.83004431356676	203	14	0	0	0	6	31
64	6	3.71693737036549	155	18	0	0	0	7	31
64	7	4.722644837806	184	16	0	0	0	8	31
64	7	8.69097617059015	125	16	0	0	0	9	31
64	8	4.59355578152463	271	12	0	0	0	10	31
64	8	7.14499399764463	151	22	0	0	0	11	31
64	9	5.21683077397756	197	13	2	0	0	12	31
65	1	2.0525411341805	151	13	1	0	0	1	31
65	1	5.97205480234697	112	16	0	0	0	2	31
65	3	1.95143819577061	200	17	0	0	0	3	31
65	3	7.55359982629307	184	18	0	0	0	4	31
65	4	2.9209833771456	206	15	0	0	0	5	31
65	5	2.94813870289363	391	16	0	0	0	6	31
65	7	0.507779606385157	197	18	0	0	0	7	31
65	8	0.210789383621886	159	13	0	0	0	8	31
65	9	1.68137695896439	224	20	0	0	0	9	31
65	10	5.34244648762979	204	17	0	0	0	10	31
65	11	7.61952813947573	243	41	2	0	0	11	31
66	2	3.48512749746442	151	17	1	0	0	1	31
66	1	3.75150351435877	157	17	0	0	0	2	31
66	3	1.85850681341253	196	14	0	0	0	3	31
66	4	0.698254051152617	64	27	0	0	0	4	31
66	4	5.60485369060189	274	16	0	0	0	5	31
66	5	1.44824433000758	81	32	0	0	0	6	31
66	2	2.84879111964256	208	15	0	0	0	7	31
66	3	1.72486849874258	103	18	0	0	0	8	31
66	4	8.26389641524293	207	16	0	0	0	9	31
66	6	0.67145832721144	241	15	0	0	0	10	31
66	6	3.2452101893723	247	20	0	0	0	11	31
66	7	3.38991531077772	390	21	0	0	0	12	31
66	9	1.36002527549863	329	17	0	0	0	13	31
66	10	5.1741671457421	581	16	0	0	0	14	31
66	11	3.57661529025063	167	39	2	0	0	15	31
67	2	1.10541533469222	468	14	1	0	0	1	31
67	1	3.60240778536536	166	18	0	0	0	2	31
67	3	3.81354661541991	262	18	0	0	0	3	31
67	4	3.40416138083674	255	17	0	0	0	4	31
67	4	6.49688561540097	366	18	0	0	0	5	31
67	5	2.28671332937665	390	17	0	0	0	6	31
67	6	6.25986231793649	83	19	0	0	0	7	31
67	7	4.46455124951899	594	17	2	0	0	8	31
68	1	2.08311453810893	68	12	1	0	0	1	31
68	2	0.385930727701634	288	14	0	0	0	2	31
68	1	3.72572401887737	195	14	0	0	0	3	31
68	2	4.76712930062786	128	15	0	0	0	4	31
68	3	2.19034899491817	220	20	0	0	0	5	31
68	4	2.91910681896843	354	16	0	0	0	6	31
68	5	4.91889581037685	151	15	0	0	0	7	31
68	6	3.22825108631514	218	20	0	0	0	8	31
68	7	6.80511480662972	283	17	0	0	0	9	31
68	7	13.9866996791679	414	17	0	0	0	10	31
68	8	3.43864634633064	257	54	2	0	0	11	31
69	1	2.39723367081024	192	16	1	0	0	1	31
69	2	4.44263536902145	279	15	0	0	0	2	31
69	2	7.45520682679489	106	16	0	0	0	3	31
69	3	4.37881108582951	262	17	0	0	0	4	31
69	4	2.37879708246328	248	16	0	0	0	5	31
69	5	3.44162529404275	246	18	0	0	0	6	31
69	6	3.84672345686704	361	17	0	0	0	7	31
69	7	5.12687943107449	451	15	0	0	0	8	31
69	7	9.6558005779516	158	54	2	0	0	9	31
70	1	4.64869548752904	208	13	1	0	0	1	31
70	2	1.3761170101352	333	17	0	0	0	2	31
70	3	3.74350069859065	269	19	0	0	0	3	31
70	5	0.732522702775896	164	12	0	0	0	4	31
70	4	1.7907332808245	186	16	0	0	0	5	31
70	5	3.57054984360002	201	17	0	0	0	6	31
70	6	2.82885366445407	205	17	0	0	0	7	31
70	7	1.26450911350548	168	17	0	0	0	8	31
70	7	6.85583462938666	150	20	0	0	0	9	31
70	9	3.3741642262321	273	20	0	0	0	10	31
70	10	4.39525566273369	182	18	2	0	0	11	31
71	1	3.25558499223553	298	17	1	0	0	1	31
71	2	5.88000930775888	254	17	0	0	0	2	31
71	3	3.64963967865333	211	21	0	0	0	3	31
71	4	3.67482724180445	248	17	0	0	0	4	31
71	6	0.461314574349672	150	14	0	0	0	5	31
71	5	0.705328894313425	173	19	0	0	0	6	31
71	6	2.16367059736513	291	17	0	0	0	7	31
71	8	0.15931401704438	187	16	0	0	0	8	31
71	8	4.14475460210815	170	19	0	0	0	9	31
71	10	0.520803232910112	204	13	0	0	0	10	31
71	10	3.48959096311592	143	17	0	0	0	11	31
71	11	5.69599354709499	271	48	2	0	0	12	31
72	1	2.66223140293732	201	14	1	0	0	1	31
72	2	2.30072640674189	186	18	0	0	0	2	31
72	3	0.222051406744868	98	17	0	0	0	3	31
72	3	6.18047394859605	210	16	0	0	0	4	31
72	4	4.20665346924216	228	17	0	0	0	5	31
72	6	0.0333684822544456	210	12	2	0	0	6	31
73	2	0.970515701221302	371	12	1	0	0	1	31
73	2	4.40242624725215	195	16	0	0	0	2	31
73	3	4.76956340926699	202	17	0	0	0	3	31
73	5	0.873713628621772	199	16	0	0	0	4	31
73	5	6.66282019973733	176	18	0	0	0	5	31
73	6	4.76761429430917	233	16	0	0	0	6	31
73	8	1.05499330512248	524	18	0	0	0	7	31
73	9	4.6361265743617	293	18	0	0	0	8	31
73	10	7.92753391293809	295	15	0	0	0	9	31
73	10	3.94100325996988	195	54	2	0	0	10	31
74	1	2.29339987272397	162	13	1	0	0	1	31
74	1	4.94455827772617	150	15	0	0	0	2	31
74	2	4.28981099557132	188	17	0	0	0	3	31
74	3	4.07302768342197	223	15	0	0	0	4	31
74	4	3.17547264834866	520	17	0	0	0	5	31
74	3	3.81462414679118	258	18	0	0	0	6	31
74	5	1.74111429229379	252	16	0	0	0	7	31
74	6	3.2910261193756	175	18	0	0	0	8	31
74	7	4.64866262604482	235	16	0	0	0	9	31
74	8	4.05538709321991	220	15	0	0	0	10	31
74	8	9.69701498141512	77	16	0	0	0	11	31
74	10	0.486010746797547	223	16	0	0	0	12	31
74	10	6.61253714188933	144	52	2	0	0	13	31
75	1	2.05674340692349	66	16	1	0	0	1	31
75	2	4.93413816788234	339	16	0	0	0	2	31
75	3	6.15386143652722	259	15	0	0	0	3	31
75	3	3.39271363592707	173	17	0	0	0	4	31
75	4	5.37787600443698	261	17	0	0	0	5	31
75	5	3.85441610822454	223	13	0	0	0	6	31
75	5	6.04044175823219	128	16	0	0	0	7	31
75	6	3.45888685435057	172	15	0	0	0	8	31
75	8	2.73189500765875	236	17	0	0	0	9	31
75	9	5.90993639826775	422	50	2	0	0	10	31
76	2	4.10875644371845	158	17	1	0	0	1	31
76	1	2.83072191686369	241	20	0	0	0	2	31
76	3	1.49082119273953	225	24	0	0	0	3	31
76	4	4.47692826925777	287	16	0	0	0	4	31
76	5	5.94379140622914	423	12	0	0	0	5	31
76	5	2.99320846935734	219	17	0	0	0	6	31
76	6	4.98612805665471	389	21	0	0	0	7	31
76	7	2.43390098307282	435	17	0	0	0	8	31
76	8	1.24493646249175	199	14	0	0	0	9	31
76	9	1.84945681132376	249	45	2	0	0	10	31
78	2	1.0712184344884	551	16	1	0	0	1	31
78	1	2.93875670433044	125	14	0	0	0	2	31
78	2	1.27605449827388	143	15	0	0	0	3	31
78	2	5.56315882829949	200	16	0	0	0	4	31
78	3	3.83763172244653	220	12	0	0	0	5	31
78	3	5.37585994182155	219	15	0	0	0	6	31
78	4	3.41984143224545	202	13	0	0	0	7	31
78	6	0.669497309718281	209	16	0	0	0	8	31
78	6	4.40002479404211	224	17	0	0	0	9	31
78	8	0.0100298505276442	210	18	0	0	0	10	31
78	8	6.18068437837064	188	18	0	0	0	11	31
78	10	1.5822814584244	170	14	0	0	0	12	31
78	10	6.88194436510094	100	46	2	0	0	13	31
79	1	2.33246503071859	182	17	1	0	0	1	31
79	2	4.29749738564715	175	16	0	0	0	2	31
79	3	4.83220501197502	184	18	0	0	0	3	31
79	5	0.607299347873777	150	16	0	0	0	4	31
79	6	1.50496719265357	235	16	0	0	0	5	31
79	7	3.68593868985772	181	17	0	0	0	6	31
79	8	4.51383139821701	221	21	0	0	0	7	31
79	9	5.29338533850387	236	15	0	0	0	8	31
79	10	4.11437573912553	496	62	2	0	0	9	31
80	1	3.18728819768876	201	14	1	0	0	1	31
80	2	3.04107501893304	231	12	0	0	0	2	31
80	2	5.10700712073594	203	16	0	0	0	3	31
80	3	3.10398725047708	221	14	0	0	0	4	31
80	3	6.78534455527551	156	15	0	0	0	5	31
80	4	3.57165604154579	215	18	0	0	0	6	31
80	5	6.52852908940986	256	17	0	0	0	7	31
80	6	4.20840837643482	208	16	0	0	0	8	31
80	7	3.92020668019541	176	16	0	0	0	9	31
80	8	6.0621155356057	213	19	0	0	0	10	31
80	9	6.66755985934287	175	12	2	0	0	11	31
82	1	2.4936667138245	168	17	1	0	0	1	31
82	2	1.76463056239299	216	16	0	0	0	2	31
82	1	2.47542349249125	219	16	0	0	0	3	31
82	2	6.2572049102746	291	16	0	0	0	4	31
82	3	4.16139712906443	261	16	0	0	0	5	31
82	3	9.08999221399426	293	25	0	0	0	6	31
82	2	7.50237150047906	531	20	0	0	0	7	31
82	3	6.14489152096212	278	13	0	0	0	8	31
82	3	10.9730120012537	147	19	0	0	0	9	31
82	4	4.06832566065714	184	15	0	0	0	10	31
82	6	0.969812914263457	190	23	0	0	0	11	31
82	7	4.48706254572608	167	14	0	0	0	12	31
82	7	8.11642035469413	162	15	0	0	0	13	31
82	8	5.89849726902321	158	19	0	0	0	14	31
82	7	6.94812406483106	177	19	0	0	0	15	31
82	8	6.64673040434718	215	16	0	0	0	16	31
82	10	0.817768044304103	366	16	0	0	0	17	31
82	10	6.84906297759153	269	46	2	0	0	18	31
83	1	2.88176460098475	180	15	1	0	0	1	31
83	2	4.55842128349468	249	18	0	0	0	2	31
83	3	3.82510919892229	367	21	0	0	0	3	31
83	2	4.27567220688798	147	17	0	0	0	4	31
83	1	3.96080724895	218	14	0	0	0	5	31
83	2	5.84465289441869	238	16	0	0	0	6	31
83	3	3.28855156875215	269	17	0	0	0	7	31
83	4	4.91783015872352	232	15	0	0	0	8	31
83	4	7.61645112559199	161	20	0	0	0	9	31
83	5	6.19254036713392	430	12	0	0	0	10	31
83	6	1.97198777669109	94	16	0	0	0	11	31
83	7	2.06039590761065	282	18	0	0	0	12	31
83	8	6.73114911885932	218	15	0	0	0	13	31
83	8	10.2487039337866	207	21	0	0	0	14	31
83	9	6.95495463605039	246	17	0	0	0	15	31
83	9	11.0636714831926	447	48	2	0	0	16	31
84	1	3.21516966354102	175	13	1	0	0	1	31
84	2	1.71182073722593	195	15	0	0	0	2	31
84	3	1.47515612421557	150	15	0	0	0	3	31
84	3	5.21605318924412	156	16	0	0	0	4	31
84	4	4.30452124797739	146	12	0	0	0	5	31
84	4	2.37098600389436	204	16	0	0	0	6	31
84	5	3.99971726885997	245	14	0	0	0	7	31
84	5	6.48657867847942	135	18	0	0	0	8	31
84	6	3.07921371306293	318	14	0	0	0	9	31
84	7	4.67929868819192	239	16	0	0	0	10	31
84	8	4.6497957536485	500	18	0	0	0	11	31
84	7	2.54628096194938	269	23	0	0	0	12	31
84	9	0.603868803475052	153	13	2	0	0	13	31
85	1	2.44641778827645	186	17	1	0	0	1	31
85	2	5.88889219006523	317	19	0	0	0	2	31
85	3	4.60534637537785	249	22	0	0	0	3	31
85	5	0.402921268483624	141	12	0	0	0	4	31
85	4	2.60752317076549	168	16	0	0	0	5	31
85	6	1.02191134449095	487	14	0	0	0	6	31
85	6	4.21786522562616	124	14	0	0	0	7	31
85	7	3.31194910756312	271	19	0	0	0	8	31
85	8	3.00675075640902	394	12	2	0	0	9	31
87	1	2.53788564843126	187	17	1	0	0	1	31
87	2	3.60760104376823	242	13	0	0	0	2	31
87	2	6.37996316351928	164	16	0	0	0	3	31
87	3	5.86043542204425	244	17	0	0	0	4	31
87	4	5.32187698688358	229	18	0	0	0	5	31
87	5	3.35702215740457	189	16	0	0	0	6	31
87	6	3.93461451353505	234	19	0	0	0	7	31
87	7	6.29550142167136	325	61	2	0	0	8	31
88	1	3.16200413322076	336	15	1	0	0	1	31
88	3	0.00117658195085824	185	16	0	0	0	2	31
88	3	4.87794269504957	206	20	0	0	0	3	31
88	5	0.480600282084197	190	12	0	0	0	4	31
88	4	2.3342126654461	153	14	0	0	0	5	31
88	5	5.1019599661231	166	17	0	0	0	6	31
88	6	4.04229838657193	312	17	0	0	0	7	31
88	7	3.66182732419111	211	13	0	0	0	8	31
88	7	6.93638217425905	163	16	0	0	0	9	31
88	9	1.43628405802883	235	16	2	0	0	10	31
89	1	2.77805368113331	170	15	1	0	0	1	31
89	2	1.72054920229129	128	15	0	0	0	2	31
89	2	4.9314921211917	170	17	0	0	0	3	31
89	3	4.64532512216829	324	15	0	0	0	4	31
89	4	2.37727095140144	237	15	0	0	0	5	31
89	5	3.62813990237191	195	16	0	0	0	6	31
89	6	5.7419511298649	247	18	0	0	0	7	31
89	6	9.41409571235999	255	16	0	0	0	8	31
89	7	0.0757645829580724	64	15	0	0	0	9	31
89	7	5.36860517994501	276	25	0	0	0	10	31
89	8	7.73179002967663	284	54	2	0	0	11	31
90	1	3.15614063013345	173	16	1	0	0	1	31
90	2	1.32016238081269	181	15	0	0	0	2	31
90	2	5.38142884732224	151	17	0	0	0	3	31
90	3	5.53626198205166	251	16	0	0	0	4	31
90	3	8.34393142326735	183	15	0	0	0	5	31
90	4	2.17056434368715	343	15	0	0	0	6	31
90	5	3.55258366861381	216	18	0	0	0	7	31
90	6	2.6654481543228	206	19	0	0	0	8	31
90	7	3.49979152251035	239	16	0	0	0	9	31
90	9	0.70643395697698	149	13	2	0	0	10	31
93	2	6.52748839254491	141	15	1	0	0	1	31
93	2	1.19903882429935	217	20	0	0	0	2	31
93	3	3.09831609181128	283	16	0	0	0	3	31
93	4	3.17994471080601	258	38	0	0	0	4	31
93	2	2.43210637848824	280	20	0	0	0	5	31
93	3	0.931780063081533	136	19	0	0	0	6	31
93	4	0.793133348226547	202	19	0	0	0	7	31
93	5	3.20313486689702	205	19	0	0	0	8	31
93	5	10.5998906705063	176	17	0	0	0	9	31
93	6	5.83101052185521	258	17	0	0	0	10	31
93	7	7.68761189538054	267	20	0	0	0	11	31
93	8	7.23174811177887	286	49	2	0	0	12	31
94	1	2.31419335212559	172	14	1	0	0	1	31
94	2	2.54938018228859	233	20	0	0	0	2	31
94	3	3.1719213493634	452	15	0	0	0	3	31
94	2	4.0787185432855	187	23	0	0	0	4	31
94	4	2.27329694805667	180	12	0	0	0	5	31
94	4	0.0888843052089214	191	15	0	0	0	6	31
94	4	3.23028341541067	130	15	0	0	0	7	31
94	5	4.2911801172886	280	15	0	0	0	8	31
94	5	7.32075179368258	123	16	0	0	0	9	31
94	6	4.39157467102632	246	16	0	0	0	10	31
94	8	1.96943905600347	181	15	2	0	0	11	31
95	5	5.57815967267379	149	27	1	0	0	1	31
95	3	2.31182022369467	48	16	0	0	0	2	31
95	2	1.02200917643495	191	14	0	0	0	3	31
95	3	0.00966656161472201	129	14	0	0	0	4	31
95	4	1.90674783545546	228	20	0	0	0	5	31
95	5	4.5282798523549	103	16	0	0	0	6	31
95	6	2.67932259454392	295	16	2	0	0	7	31
96	1	3.2969784529414	190	18	1	0	0	1	31
96	2	3.23545346036553	364	17	0	0	0	2	31
96	3	5.8224084735848	215	17	0	0	0	3	31
96	4	2.97704471135512	175	18	0	0	0	4	31
96	6	2.22740879957564	226	17	0	0	0	5	31
96	7	4.3437439177651	225	16	0	0	0	6	31
96	7	6.64596916898154	150	17	0	0	0	7	31
96	8	4.38826052704826	212	17	0	0	0	8	31
96	10	0.247549782972783	210	15	0	0	0	9	31
96	10	4.38909801491536	159	17	0	0	0	10	31
96	11	4.86475635785609	59	17	0	0	0	11	31
96	12	4.97664839262143	418	39	2	0	0	12	31
97	1	2.61914267716929	187	15	1	0	0	1	31
97	2	4.54366241162643	291	16	0	0	0	2	31
97	3	5.88540999754332	280	14	0	0	0	3	31
97	4	2.91662353998981	161	14	0	0	0	4	31
97	4	7.2620190072339	140	16	0	0	0	5	31
97	6	1.90116527490318	222	15	0	0	0	6	31
97	6	4.45841703633778	120	14	0	0	0	7	31
97	8	2.24901753966697	300	19	0	0	0	8	31
97	9	4.86457464075647	352	13	0	0	0	9	31
97	9	7.25865844916552	111	55	2	0	0	10	31
98	2	3.62656554812565	149	13	1	0	0	1	31
98	1	3.2607120599132	161	18	0	0	0	2	31
98	2	6.85978338285349	165	17	0	0	0	3	31
98	4	0.591934815282002	213	15	0	0	0	4	31
98	4	5.64490291452967	245	19	0	0	0	5	31
98	5	4.8169144790154	332	21	0	0	0	6	31
98	6	6.63267447752878	570	18	0	0	0	7	31
98	8	1.63818539562635	238	16	0	0	0	8	31
98	9	5.61653149058111	189	21	0	0	0	9	31
98	10	5.64696588390507	186	59	2	0	0	10	31
100	1	3.94093485246412	176	17	1	0	0	1	31
100	2	5.48789191036485	367	15	0	0	0	2	31
100	3	3.244391503511	199	16	0	0	0	3	31
100	4	1.20415506255813	654	13	0	0	0	4	31
100	5	4.8339555086568	241	16	0	0	0	5	31
100	5	9.77838358189911	69	17	0	0	0	6	31
100	6	5.97845969628543	247	18	0	0	0	7	31
100	8	1.97186410753056	177	14	0	0	0	8	31
100	7	3.31830516923219	166	15	0	0	0	9	31
100	8	9.04367896378972	159	15	0	0	0	10	31
100	9	7.45253120921552	243	19	0	0	0	11	31
100	10	5.79738653916866	146	40	2	0	0	12	31
101	1	1.14920302527025	46	19	1	0	0	1	31
101	2	5.44373091403395	117	14	0	0	0	2	31
101	2	2.70033331611194	211	17	0	0	0	3	31
101	1	2.14210924366489	216	19	0	0	0	4	31
101	2	7.84720695856959	202	18	0	0	0	5	31
101	3	4.9108265535906	206	12	0	0	0	6	31
101	3	3.38981393608265	177	13	0	0	0	7	31
101	3	4.04756390349939	522	24	0	0	0	8	31
101	6	4.62669796566479	219	47	0	0	0	9	31
101	2	6.71251412876882	327	17	0	0	0	10	31
101	3	4.74850630015135	254	16	0	0	0	11	31
101	4	3.2568263518624	338	15	0	0	0	12	31
101	5	3.5734609500505	175	17	0	0	0	13	31
101	6	3.60202386369929	260	19	0	0	0	14	31
101	7	3.66698101838119	239	16	0	0	0	15	31
101	8	4.85022153472528	197	16	0	0	0	16	31
101	9	3.30216775531881	246	17	0	0	0	17	31
101	10	2.98860575770959	646	12	2	0	0	18	31
103	1	3.79517592350021	158	20	1	0	0	1	31
103	2	2.5022169384174	205	26	0	0	0	2	31
103	3	2.01934167393483	228	16	0	0	0	3	31
103	3	7.91273148451	126	17	0	0	0	4	31
103	4	4.35539808147587	253	17	0	0	0	5	31
103	5	0.22595770098269	274	19	0	0	0	6	31
103	6	2.97390862344764	319	21	0	0	0	7	31
103	7	2.34674606355838	262	19	2	0	0	8	31
105	3	0.0487887668423355	155	15	1	0	0	1	31
105	2	1.95462232106365	151	17	0	0	0	2	31
105	3	0.341516288928688	90	28	0	0	0	3	31
105	3	6.85882133920677	197	16	0	0	0	4	31
105	5	0.369399462593719	240	16	0	0	0	5	31
105	6	0.698284266749397	183	15	2	0	0	6	31
106	2	0.621887704124674	371	13	1	0	0	1	31
106	2	4.90328179486096	163	15	0	0	0	2	31
106	1	3.67817977024242	385	14	0	0	0	3	31
106	2	5.34671414340846	200	15	0	0	0	4	31
106	3	2.46187443868257	200	13	0	0	0	5	31
106	3	6.93056236580014	288	16	0	0	0	6	31
106	4	3.39652411895804	196	17	0	0	0	7	31
106	5	2.27194617665373	358	19	0	0	0	8	31
106	7	4.19311131490394	180	12	0	0	0	9	31
106	7	2.67259321385063	206	14	0	0	0	10	31
106	7	4.7672273197677	289	15	0	0	0	11	31
106	7	8.62843972747214	314	67	2	0	0	12	31
107	1	2.34693238930777	161	15	1	0	0	1	31
107	2	3.65776881529018	216	19	0	0	0	2	31
107	1	2.45956969656982	229	16	0	0	0	3	31
107	2	5.60957634425722	253	18	0	0	0	4	31
107	3	2.44201671821065	160	22	0	0	0	5	31
107	2	4.60822456423193	160	15	0	0	0	6	31
107	2	7.4446856030263	244	17	0	0	0	7	31
107	3	3.87551909871399	269	15	0	0	0	8	31
107	3	5.30855285609141	138	17	0	0	0	9	31
107	4	3.61958546563983	183	13	0	0	0	10	31
107	4	1.19296948518604	201	17	0	0	0	11	31
107	5	3.40579797234386	248	13	0	0	0	12	31
107	6	1.68810561997816	194	15	0	0	0	13	31
107	6	5.14685412682593	213	16	0	0	0	14	31
107	7	3.31776350201108	139	14	0	0	0	15	31
107	7	1.558945735218	158	18	0	0	0	16	31
107	10	0.723919761134312	247	17	0	0	0	17	31
107	10	6.57419210462831	290	18	0	0	0	18	31
107	11	4.62266115262173	119	40	2	0	0	19	31
108	2	6.48505417932756	160	17	1	0	0	1	31
108	2	1.48813113709912	182	16	0	0	0	2	31
108	2	6.63143326085992	116	19	0	0	0	3	31
108	3	5.53386614145711	230	18	0	0	0	4	31
108	4	6.42376731312834	268	17	0	0	0	5	31
108	5	3.88720599631779	147	12	0	0	0	6	31
108	5	1.03157569095492	189	19	0	0	0	7	31
108	6	5.32818833971396	159	17	0	0	0	8	31
108	8	3.15819653728977	182	17	0	0	0	9	31
108	9	7.77948133507743	272	14	0	0	0	10	31
108	9	12.5849827723578	145	46	0	0	0	11	31
108	9	18.2024810942821	118	12	2	0	0	12	31
109	1	3.24389652372338	165	15	1	0	0	1	31
109	2	2.63724569277838	223	17	0	0	0	2	31
109	1	2.58431707858108	161	19	0	0	0	3	31
109	2	5.71633065491915	193	17	0	0	0	4	31
109	3	2.45922319707461	291	16	0	0	0	5	31
109	4	0.0208004496525973	168	16	0	0	0	6	31
109	5	1.01666816906072	185	16	0	0	0	7	31
109	5	5.7053206609562	216	21	0	0	0	8	31
109	4	2.30380481854081	254	18	0	0	0	9	31
109	6	2.29964400990866	261	12	0	0	0	10	31
109	6	5.56933602574281	242	17	0	0	0	11	31
109	8	1.47137431241572	278	14	0	0	0	12	31
109	9	0.0298403061460704	181	17	0	0	0	13	31
109	9	5.71630107844248	253	15	0	0	0	14	31
109	9	9.13717768224888	117	46	2	0	0	15	31
110	1	2.56022511702031	180	13	1	0	0	1	31
110	2	1.35089416312985	176	13	0	0	0	2	31
110	1	2.67105665896088	234	18	0	0	0	3	31
110	2	5.52054328564554	281	19	0	0	0	4	31
110	3	3.47656687628478	230	17	0	0	0	5	31
110	4	1.41873018932529	264	20	0	0	0	6	31
110	5	2.21955912234262	218	14	0	0	0	7	31
110	6	2.71447417442687	119	17	0	0	0	8	31
110	7	3.14153385953978	240	29	0	0	0	9	31
110	8	4.51436699414626	217	15	0	0	0	10	31
110	8	7.25421004462987	151	18	0	0	0	11	31
110	10	2.13116606976837	217	12	2	0	0	12	31
111	1	3.35294189048	183	15	1	0	0	1	31
111	2	4.59893903951161	294	17	0	0	0	2	31
111	1	2.278876791941	178	14	0	0	0	3	31
111	2	2.90753932809457	79	19	0	0	0	4	31
111	2	13.3436500416137	305	13	0	0	0	5	31
111	2	16.4655290611554	133	14	0	0	0	6	31
111	3	5.77752151200548	242	18	0	0	0	7	31
111	5	0.602019149810076	237	15	0	0	0	8	31
111	5	4.15006141038612	177	19	0	0	0	9	31
111	6	5.90464107017033	234	17	0	0	0	10	31
111	8	2.71402583597228	187	15	0	0	0	11	31
111	7	2.53837129333988	139	22	0	0	0	12	31
111	10	2.88269628561102	173	13	2	0	0	13	31
112	1	2.31855845311657	61	17	1	0	0	1	31
112	2	6.09563898458146	194	14	0	0	0	2	31
112	2	3.53172290488146	79	15	0	0	0	3	31
112	1	3.20550787192769	241	19	0	0	0	4	31
112	3	0.794406706467271	147	17	0	0	0	5	31
112	3	5.25690901442431	170	14	0	0	0	6	31
112	4	4.88556423457339	204	15	0	0	0	7	31
112	5	3.23087794380262	273	17	0	0	0	8	31
112	3	4.21619997546077	322	16	0	0	0	9	31
112	5	4.6336382473819	267	15	0	0	0	10	31
112	6	4.96629336476326	225	20	0	0	0	11	31
112	5	2.55761930858716	220	19	0	0	0	12	31
112	6	5.79375736345537	259	17	0	0	0	13	31
112	8	0.706562068546191	188	12	2	0	0	14	31
113	1	1.45745889167301	69	16	1	0	0	1	31
113	2	3.97811265848577	215	20	0	0	0	2	31
113	3	3.24999612430111	155	16	0	0	0	3	31
113	4	5.59020219231024	229	17	0	0	0	4	31
113	5	3.06389330374077	318	20	0	0	0	5	31
113	7	0.904046018607914	184	14	2	0	0	6	31
114	1	2.21937616937794	145	17	1	0	0	1	31
114	2	4.10805898020044	188	17	0	0	0	2	31
114	3	4.49927433696575	215	15	0	0	0	3	31
114	4	2.77745247492567	219	17	0	0	0	4	31
114	6	0.21553409891203	220	16	0	0	0	5	31
114	7	0.161736609181389	206	16	0	0	0	6	31
114	7	6.69090044987388	173	18	0	0	0	7	31
114	8	3.49782815854996	215	30	0	0	0	8	31
114	9	4.89599076844752	220	16	0	0	0	9	31
114	10	3.84052671468817	155	17	0	0	0	10	31
114	11	4.59126331214793	168	40	2	0	0	11	31
