1	1	2.67405271716416	59	14	1	0	0	1	16
1	2	0.197181090246886	279	18	0	0	0	2	16
1	3	3.74558054096997	194	18	0	0	0	3	16
1	4	1.44510603556409	292	18	0	0	0	4	16
1	5	3.20947728818282	248	16	0	0	0	5	16
1	6	5.06516815302894	137	21	0	0	0	6	16
1	9	1.73354174173437	289	18	0	0	0	7	16
1	10	4.45383628830314	216	18	0	0	0	8	16
1	11	5.1216673781164	182	58	2	0	0	9	16
2	2	0.930675477720797	186	15	1	0	0	1	16
2	3	1.4379651742056	327	15	0	0	0	2	16
2	3	6.15804417221807	171	16	0	0	0	3	16
2	4	6.34224886889569	258	24	0	0	0	4	16
2	7	0.915336344391108	170	14	0	0	0	5	16
2	6	0.530681222910061	196	19	0	0	0	6	16
2	7	5.72542742174119	412	15	0	0	0	7	16
2	8	5.22090963926166	158	14	0	0	0	8	16
2	9	5.09068692778237	268	19	2	0	0	9	16
3	2	0.503305880818516	281	16	1	0	0	1	16
3	3	0.699515879154205	177	22	0	0	0	2	16
3	5	0.36411973554641	219	13	0	0	0	3	16
3	6	0.0226654235739261	99	17	0	0	0	4	16
3	8	0.283854072680697	226	14	0	0	0	5	16
3	8	4.40134201035835	169	22	0	0	0	6	16
3	10	4.66592983948067	288	20	0	0	0	7	16
3	10	14.9536596804392	130	46	2	0	0	8	16
4	1	3.34613483562134	330	16	1	0	0	1	16
4	2	4.62521660933271	151	16	0	0	0	2	16
4	3	2.15030859736726	97	14	0	0	0	3	16
4	4	2.68985193944536	166	15	0	0	0	4	16
4	4	7.93699421035126	173	19	0	0	0	5	16
4	6	0.916470517870039	212	16	0	0	0	6	16
4	7	0.974561342503875	256	21	0	0	0	7	16
4	8	3.32668386562727	195	19	2	0	0	8	16
5	1	4.26098399958573	320	17	1	0	0	1	16
5	2	0.418262637918815	71	18	0	0	0	2	16
5	2	9.76194520806894	165	13	0	0	0	3	16
5	2	6.16812733467668	141	21	0	0	0	4	16
5	4	2.21017081011087	284	17	0	0	0	5	16
5	4	8.02283695875667	125	17	0	0	0	6	16
5	5	3.9699758598581	271	90	0	0	0	7	16
5	7	7.90314070368186	105	19	2	0	0	8	16
6	1	1.61426190356724	372	17	1	0	0	1	16
6	2	4.15416020038538	164	16	0	0	0	2	16
6	3	2.72699621063657	193	15	0	0	0	3	16
6	3	9.29268628638238	201	14	0	0	0	4	16
6	4	3.34625470335595	165	12	0	0	0	5	16
6	4	1.10480227181688	177	17	0	0	0	6	16
6	6	2.63710533874109	315	18	0	0	0	7	16
6	7	1.45842394558713	187	16	0	0	0	8	16
6	8	2.61664255103096	213	81	2	0	0	9	16
7	2	2.60284668789245	213	12	1	0	0	1	16
7	1	3.45456167357042	213	15	0	0	0	2	16
7	3	0.493546498240903	222	16	0	0	0	3	16
7	5	0.913356947014108	212	15	0	0	0	4	16
7	5	5.58253099187277	222	30	0	0	0	5	16
7	6	5.69457090087235	180	14	0	0	0	6	16
7	7	5.31313289492391	328	23	0	0	0	7	16
7	9	3.11321955895983	284	12	2	0	0	8	16
8	3	4.92081927554682	180	27	1	0	0	1	16
8	1	3.51238618325442	297	16	0	0	0	2	16
8	3	3.75528546865098	176	15	0	0	0	3	16
8	4	1.50849471637048	187	15	0	0	0	4	16
8	5	4.99783939518966	159	12	0	0	0	5	16
8	5	1.33363800891675	146	20	0	0	0	6	16
8	7	4.29011656227522	208	18	0	0	0	7	16
8	7	1.86108051240444	133	17	0	0	0	8	16
8	8	2.11859031696804	266	20	0	0	0	9	16
8	10	1.11394523293711	428	54	2	0	0	10	16
9	1	1.87593135959469	186	17	1	0	0	1	16
9	2	1.77726062340662	154	16	0	0	0	2	16
9	3	0.102623329730704	189	17	0	0	0	3	16
9	4	2.87135506281629	193	15	0	0	0	4	16
9	4	5.0041993742343	137	14	0	0	0	5	16
9	5	3.47740046633407	233	16	0	0	0	6	16
9	6	5.74862030521035	83	18	0	0	0	7	16
9	7	6.44529618695378	198	78	2	0	0	8	16
10	2	2.21548145031556	181	12	1	0	0	1	16
10	2	2.52881334000267	211	19	0	0	0	2	16
10	3	4.47315349290147	253	30	0	0	0	3	16
10	5	0.735785132739693	217	14	0	0	0	4	16
10	6	0.278474500169978	230	16	0	0	0	5	16
10	4	5.01126756472513	187	23	0	0	0	6	16
10	7	0.144671552116051	217	19	0	0	0	7	16
10	7	6.88990346458741	220	19	0	0	0	8	16
10	9	3.79230970214121	166	17	2	0	0	9	16
11	1	2.02227706648409	279	14	1	0	0	1	16
11	2	5.85020723519847	190	15	0	0	0	2	16
11	2	10.6597977981437	105	15	0	0	0	3	16
11	3	4.81827816879377	192	16	0	0	0	4	16
11	5	1.03297475608997	141	12	0	0	0	5	16
11	4	2.75103601627052	170	18	0	0	0	6	16
11	6	0.639931923244148	169	13	0	0	0	7	16
11	6	5.02189359837212	181	16	0	0	0	8	16
11	8	0.716815330786631	327	15	0	0	0	9	16
11	8	5.1709788183216	105	18	0	0	0	10	16
11	9	4.25343873142265	322	17	0	0	0	11	16
11	9	11.1953178751282	70	57	2	0	0	12	16
12	1	3.70771486102603	329	15	1	0	0	1	16
12	2	4.93025141395628	192	16	0	0	0	2	16
12	4	1.90093653649092	202	14	0	0	0	3	16
12	5	0.292294768150896	191	14	0	0	0	4	16
12	6	0.980967902578413	166	13	0	0	0	5	16
12	7	0.130020593060181	250	60	0	0	0	6	16
12	8	7.55869639758021	148	16	2	0	0	7	16
13	1	1.5003282262478	191	30	1	0	0	1	16
13	4	5.41567400633357	174	35	0	0	0	2	16
13	1	3.18906818679534	390	17	0	0	0	3	16
13	3	2.85553996311501	176	14	0	0	0	4	16
13	4	0.375014670426026	174	17	0	0	0	5	16
13	5	4.96814501727931	196	16	0	0	0	6	16
13	6	3.45518547319807	192	17	0	0	0	7	16
13	8	1.94737604516558	183	58	0	0	0	8	16
13	8	7.31952698621899	225	13	2	0	0	9	16
14	1	5.22285522008315	146	14	1	0	0	1	16
14	1	2.62735588802025	169	21	0	0	0	2	16
14	2	3.89228128851391	204	24	0	0	0	3	16
14	4	0.0088692510034889	159	12	0	0	0	4	16
14	3	1.05462187482044	104	20	0	0	0	5	16
14	5	4.89350083353929	433	18	0	0	0	6	16
14	6	1.02254989370704	289	17	0	0	0	7	16
14	7	3.10580417094752	430	16	0	0	0	8	16
14	8	5.12806735769846	246	32	2	0	0	9	16
15	1	3.53770433459431	182	16	1	0	0	1	16
15	2	3.42578162346035	169	13	0	0	0	2	16
15	3	2.2099581414368	150	17	0	0	0	3	16
15	4	0.838779068086296	153	16	0	0	0	4	16
15	5	0.814525935566053	120	14	0	0	0	5	16
15	5	5.75436696456745	183	19	0	0	0	6	16
15	7	4.36530340323225	162	16	0	0	0	7	16
15	7	1.32464895769954	150	18	0	0	0	8	16
15	8	0.784624794032425	155	16	0	0	0	9	16
15	8	7.88429322000593	189	16	0	0	0	10	16
15	8	5.92884668102488	128	20	0	0	0	11	16
15	9	6.93000488169491	386	21	2	0	0	12	16
16	1	3.05861012148671	338	16	1	0	0	1	16
16	2	4.58599469787441	282	16	0	0	0	2	16
16	3	3.80937832221389	230	26	0	0	0	3	16
16	2	4.92692717933096	264	21	0	0	0	4	16
16	4	3.38223800249398	485	17	0	0	0	5	16
16	5	2.86202335753478	326	18	0	0	0	6	16
16	6	6.54237772617489	536	58	2	0	0	7	16
17	1	2.9313692629803	169	17	1	0	0	1	16
17	2	4.71136253746226	371	16	0	0	0	2	16
17	3	2.03381820605136	213	15	0	0	0	3	16
17	4	1.74417708092369	251	14	0	0	0	4	16
17	5	1.79624116653576	377	15	0	0	0	5	16
17	6	4.7474985443987	206	15	0	0	0	6	16
17	8	0.722622162196785	226	15	0	0	0	7	16
17	8	5.46424027485773	409	64	2	0	0	8	16
18	1	2.36103163845837	175	14	1	0	0	1	16
18	2	4.68042133771814	157	14	0	0	0	2	16
18	3	1.8932216076646	165	15	0	0	0	3	16
18	3	6.31005301862024	142	13	0	0	0	4	16
18	4	3.86837407178245	184	15	0	0	0	5	16
18	5	3.20653098169714	229	15	0	0	0	6	16
18	6	2.58599991118535	183	14	0	0	0	7	16
18	7	2.62014211365022	268	22	0	0	0	8	16
18	9	2.55881510605104	182	16	0	0	0	9	16
18	10	4.0530592193827	217	45	2	0	0	10	16
19	1	1.47611055872403	174	16	1	0	0	1	16
19	2	1.21983142616227	195	17	0	0	0	2	16
19	3	1.31097343564034	193	15	0	0	0	3	16
19	3	6.24591464293189	107	17	0	0	0	4	16
19	4	4.85560428653844	208	15	0	0	0	5	16
19	5	5.07556104916148	211	32	0	0	0	6	16
19	7	1.08266299474053	209	14	0	0	0	7	16
19	8	1.31668284977786	179	24	0	0	0	8	16
19	10	3.39974101027474	284	16	2	0	0	9	16
20	1	1.88282944564708	218	13	1	0	0	1	16
20	2	0.584227254148573	156	15	0	0	0	2	16
20	2	6.84412558702752	348	16	0	0	0	3	16
20	3	1.79458406101912	178	18	0	0	0	4	16
20	4	3.50153892789967	243	27	0	0	0	5	16
20	5	1.14560229727067	379	18	0	0	0	6	16
20	6	2.3800658469554	382	16	0	0	0	7	16
20	7	3.45980895473622	195	22	0	0	0	8	16
20	9	2.07048795488663	196	20	2	0	0	9	16
21	2	6.39297976251692	166	20	1	0	0	1	16
21	2	0.532861878862604	281	32	0	0	0	2	16
21	3	2.50023188558407	190	20	0	0	0	3	16
21	4	0.0652762344107032	165	15	0	0	0	4	16
21	5	2.33242494938895	398	29	0	0	0	5	16
21	6	6.79494491266087	306	14	0	0	0	6	16
21	7	4.58748377696611	520	30	0	0	0	7	16
21	9	3.90033425763249	311	15	2	0	0	8	16
22	1	4.10282841627486	203	15	1	0	0	1	16
22	2	2.99157123500481	159	17	0	0	0	2	16
22	3	3.79927964415401	163	18	0	0	0	3	16
22	4	1.33345068967901	169	18	0	0	0	4	16
22	5	0.210827785311267	224	15	0	0	0	5	16
22	5	5.48696904047392	219	17	0	0	0	6	16
22	6	1.84049174678512	206	14	0	0	0	7	16
22	6	4.9140141766984	328	15	0	0	0	8	16
22	7	3.9673934224993	171	70	2	0	0	9	16
23	1	2.25365427788347	353	12	1	0	0	1	16
23	2	2.88442104705609	181	13	0	0	0	2	16
23	3	2.38786003761925	313	16	0	0	0	3	16
23	4	2.95990691054612	201	14	0	0	0	4	16
23	5	2.51627746410668	225	26	0	0	0	5	16
23	6	2.40250114235096	258	17	0	0	0	6	16
23	7	3.9637623524759	195	57	0	0	0	7	16
23	7	8.85077600530349	233	15	2	0	0	8	16
24	2	3.39853212516755	226	13	1	0	0	1	16
24	2	3.22917963541113	177	14	0	0	0	2	16
24	2	1.97571028955281	179	21	0	0	0	3	16
24	3	6.49205030780286	228	18	0	0	0	4	16
24	5	2.27277131029405	170	17	0	0	0	5	16
24	4	3.01028634095564	169	19	0	0	0	6	16
24	6	4.74973109248094	305	13	0	0	0	7	16
24	7	4.66518917586654	364	26	0	0	0	8	16
24	10	1.34063597186469	417	45	2	0	0	9	16
25	2	1.64537582476623	50	17	1	0	0	1	16
25	3	4.7942469776608	157	27	0	0	0	2	16
25	1	1.24544747592881	162	13	0	0	0	3	16
25	1	3.01599657069892	161	13	0	0	0	4	16
25	2	3.77173981466331	167	18	0	0	0	5	16
25	4	3.44631570996717	246	16	0	0	0	6	16
25	4	8.23701904760674	151	14	0	0	0	7	16
25	5	1.97271558456123	253	17	0	0	0	8	16
25	6	2.5263329485897	243	21	0	0	0	9	16
25	8	2.7225459148176	579	59	2	0	0	10	16
26	2	6.57911959616467	187	18	1	0	0	1	16
26	1	3.59638884523883	196	15	0	0	0	2	16
26	2	3.06871859007515	180	14	0	0	0	3	16
26	3	2.23840069980361	169	17	0	0	0	4	16
26	5	0.761934918351471	119	13	0	0	0	5	16
26	4	2.99336866685189	327	17	0	0	0	6	16
26	5	3.94432566966861	170	12	0	0	0	7	16
26	6	3.41190945822746	177	13	0	0	0	8	16
26	7	2.47918361099437	151	67	2	0	0	9	16
27	1	2.11232785158791	171	14	1	0	0	1	16
27	2	2.0170124201104	120	14	0	0	0	2	16
27	2	6.78741322271526	163	13	0	0	0	3	16
27	3	2.53778596012853	95	16	0	0	0	4	16
27	4	0.199299942469224	143	15	0	0	0	5	16
27	4	6.4357432781253	214	17	0	0	0	6	16
27	5	3.41240996890701	451	16	0	0	0	7	16
27	6	6.97599689033814	164	15	0	0	0	8	16
27	7	4.75750920106657	223	73	2	0	0	9	16
28	2	0.882944607641548	501	16	1	0	0	1	16
28	3	3.50630276859738	184	15	0	0	0	2	16
28	4	3.43297026096843	370	14	0	0	0	3	16
28	4	6.36921117384918	178	15	0	0	0	4	16
28	5	3.96328856470063	220	14	0	0	0	5	16
28	6	2.60116923460737	317	14	0	0	0	6	16
28	7	5.62930511659943	163	17	0	0	0	7	16
28	8	4.42072277748957	232	19	0	0	0	8	16
28	10	7.12791120726615	169	57	2	0	0	9	16
29	1	3.08870843145996	325	14	1	0	0	1	16
29	2	3.01852626143955	139	18	0	0	0	2	16
29	3	1.2866607948672	202	14	0	0	0	3	16
29	4	3.44522031815723	189	12	0	0	0	4	16
29	4	0.402487928280607	171	14	0	0	0	5	16
29	4	3.82680281391367	88	18	0	0	0	6	16
29	5	8.2768752144184	225	16	0	0	0	7	16
29	6	5.76078270352446	136	13	0	0	0	8	16
29	7	5.73363445024006	170	21	0	0	0	9	16
29	8	4.58920635608956	74	84	2	0	0	10	16
30	2	0.966972699621692	171	13	1	0	0	1	16
30	2	0.399886953178793	191	17	0	0	0	2	16
30	2	4.76835004566237	294	16	0	0	0	3	16
30	3	2.01213513710536	237	16	0	0	0	4	16
30	4	3.58656527008861	249	20	0	0	0	5	16
30	5	4.83906234172173	196	20	0	0	0	6	16
30	4	4.68255867739208	257	21	2	0	0	7	16
31	2	1.67298408364877	322	15	1	0	0	1	16
31	2	3.09477227460593	82	15	0	0	0	2	16
31	3	3.52926239138469	245	16	0	0	0	3	16
31	4	3.34071123995818	255	15	0	0	0	4	16
31	5	2.59330594306812	198	19	0	0	0	5	16
31	7	0.675995100289583	170	17	0	0	0	6	16
31	6	1.72917558532208	162	19	0	0	0	7	16
31	8	0.938177464529872	238	32	0	0	0	8	16
31	9	7.1329971391242	128	82	2	0	0	9	16
32	2	5.334880014183	501	23	1	0	0	1	16
32	2	3.52330895955674	257	17	0	0	0	2	16
32	4	1.1918696349021	433	17	0	0	0	3	16
32	5	4.56900805537589	280	16	0	0	0	4	16
32	6	3.73206553724594	243	18	0	0	0	5	16
32	8	3.06510204821825	210	16	2	0	0	6	16
33	1	3.56923307431862	198	13	1	0	0	1	16
33	2	1.60086878109723	123	15	0	0	0	2	16
33	3	0.248982226010412	157	16	0	0	0	3	16
33	4	2.11787838116288	263	21	0	0	0	4	16
33	6	1.94963492895477	244	19	2	0	0	5	16
34	1	3.88151289941743	196	15	1	0	0	1	16
34	2	4.29868615814485	301	15	0	0	0	2	16
34	3	1.64126661536284	90	15	0	0	0	3	16
34	3	5.61433597980067	251	13	0	0	0	4	16
34	5	0.939698419766501	291	14	0	0	0	5	16
34	5	4.359495973913	200	16	0	0	0	6	16
34	6	3.3157235654071	219	15	0	0	0	7	16
34	7	3.57802856829949	172	15	0	0	0	8	16
34	7	7.87415716121905	99	17	0	0	0	9	16
34	8	4.85479595256038	389	86	2	0	0	10	16
35	2	1.68282509199344	220	15	1	0	0	1	16
35	2	5.09869428467937	161	18	0	0	0	2	16
35	3	3.53838916821405	209	18	0	0	0	3	16
35	4	5.95079055940732	233	13	0	0	0	4	16
35	4	8.35958348657005	171	16	0	0	0	5	16
35	6	1.48127384181134	253	77	2	0	0	6	16
36	2	0.445295200217515	176	13	1	0	0	1	16
36	1	2.03917521634139	163	20	0	0	0	2	16
36	3	4.91521006939001	210	14	0	0	0	3	16
36	4	0.428722749464214	173	16	0	0	0	4	16
36	5	0.432968013454229	222	16	0	0	0	5	16
36	5	8.47265200782567	207	20	0	0	0	6	16
36	6	4.23960849223658	200	20	0	0	0	7	16
36	6	1.87979351961985	209	13	0	0	0	8	16
36	6	4.90836907248013	175	16	0	0	0	9	16
36	7	5.35038285539486	170	13	2	0	0	10	16
37	1	3.14282326214015	171	14	1	0	0	1	16
37	1	1.47010754770599	180	19	0	0	0	2	16
37	3	1.8663085794542	172	15	0	0	0	3	16
37	3	4.43510426511057	227	17	0	0	0	4	16
37	4	4.46335194446146	247	16	0	0	0	5	16
37	5	3.6126796186436	257	16	0	0	0	6	16
37	6	3.86094572278671	180	29	0	0	0	7	16
37	7	5.8323486619629	301	83	2	0	0	8	16
38	2	0.378508400637656	269	14	1	0	0	1	16
38	2	3.03490606509149	120	15	0	0	0	2	16
38	3	3.01974278059788	184	16	0	0	0	3	16
38	3	8.13761318521574	150	15	0	0	0	4	16
38	4	4.21065541286953	282	17	0	0	0	5	16
38	5	5.55994103173725	189	17	0	0	0	6	16
38	6	5.74513696506619	190	15	0	0	0	7	16
38	8	1.53756383736618	398	20	0	0	0	8	16
38	9	7.01700543123297	245	66	2	0	0	9	16
39	1	1.31704181060195	69	16	1	0	0	1	16
39	2	3.73428972996771	153	17	0	0	0	2	16
39	1	1.23204962047748	232	14	0	0	0	3	16
39	2	4.36575695313513	228	16	0	0	0	4	16
39	3	2.16812333744019	244	15	0	0	0	5	16
39	4	4.23784550023265	495	16	0	0	0	6	16
39	5	5.13391304225661	232	13	0	0	0	7	16
39	7	1.05759459524415	268	21	0	0	0	8	16
39	9	1.93586278101429	187	51	2	0	0	9	16
40	1	3.47213181341067	310	17	1	0	0	1	16
40	2	2.67566500115208	277	15	0	0	0	2	16
40	1	2.74102229555137	189	18	0	0	0	3	16
40	3	2.65990581386723	166	15	0	0	0	4	16
40	4	3.41366998874582	269	15	0	0	0	5	16
40	5	5.29801071039401	155	16	0	0	0	6	16
40	6	5.5932677728124	176	19	0	0	0	7	16
40	8	2.31458566430956	311	15	0	0	0	8	16
40	10	0.227132756728679	213	16	0	0	0	9	16
40	11	2.90370072354563	175	17	2	0	0	10	16
41	1	3.21225881227292	105	12	1	0	0	1	16
41	1	1.02570626093075	229	18	0	0	0	2	16
41	2	4.10459860623814	203	15	0	0	0	3	16
41	2	9.3235540764872	226	15	0	0	0	4	16
41	3	1.48542828927748	196	16	0	0	0	5	16
41	3	7.23698338959366	183	15	0	0	0	6	16
41	4	4.73610049579293	238	16	0	0	0	7	16
41	6	0.705981265753508	310	20	0	0	0	8	16
41	6	5.43875608313829	208	18	0	0	0	9	16
41	7	5.7424420141615	345	18	2	0	0	10	16
42	2	0.357107714749873	181	17	1	0	0	1	16
42	3	0.582998857833445	372	12	0	0	0	2	16
42	2	1.12869091238827	168	18	0	0	0	3	16
42	4	3.40457515604794	242	15	0	0	0	4	16
42	5	2.63444234780036	314	17	0	0	0	5	16
42	4	3.71710229618475	223	17	0	0	0	6	16
42	6	2.10845920187421	158	15	0	0	0	7	16
42	8	1.12828681338578	188	15	2	0	0	8	16
43	1	2.44022908294573	295	14	1	0	0	1	16
43	2	4.75677053676918	154	17	0	0	0	2	16
43	3	5.98901516711339	200	19	0	0	0	3	16
43	4	4.64539942215197	258	12	0	0	0	4	16
43	4	6.9020327469334	342	19	0	0	0	5	16
43	6	0.0853440253995359	352	22	0	0	0	6	16
43	7	4.01120903505944	386	53	0	0	0	7	16
43	8	10.5391418242361	422	36	2	0	0	8	16
44	2	3.1700424249284	181	13	1	0	0	1	16
44	2	1.98186970432289	191	14	0	0	0	2	16
44	2	5.74340518354438	176	19	0	0	0	3	16
44	3	5.29382171132602	340	14	0	0	0	4	16
44	4	5.42257649172097	224	20	0	0	0	5	16
44	6	1.12342824786901	183	23	0	0	0	6	16
44	6	12.1183219358791	182	15	0	0	0	7	16
44	7	4.78095418540761	151	18	0	0	0	8	16
44	8	4.00290227611549	385	103	2	0	0	9	16
45	1	6.25574517715722	175	23	1	0	0	1	16
45	1	1.04952358081937	147	17	0	0	0	2	16
45	1	8.7318666819483	96	16	0	0	0	3	16
45	2	3.52297216560692	211	28	0	0	0	4	16
45	4	0.402597814099863	156	12	0	0	0	5	16
45	3	0.196442450862378	212	12	0	0	0	6	16
45	4	0.822331215720624	165	14	0	0	0	7	16
45	5	1.24521624366753	171	15	0	0	0	8	16
45	5	6.33909718878567	186	14	0	0	0	9	16
45	6	3.91825164947659	177	16	0	0	0	10	16
45	7	4.14011275884695	110	62	2	0	0	11	16
46	1	3.27894388302229	169	12	1	0	0	1	16
46	2	0.381363633321598	159	14	0	0	0	2	16
46	3	0.413559283828363	175	16	0	0	0	3	16
46	3	6.35082646110095	174	14	0	0	0	4	16
46	4	3.14057090645656	235	15	0	0	0	5	16
46	5	1.52905075764284	286	15	0	0	0	6	16
46	5	6.85773143870756	198	15	0	0	0	7	16
46	6	3.79433152917773	432	18	0	0	0	8	16
46	8	0.890782320406288	162	16	0	0	0	9	16
46	8	6.36538875265978	209	64	2	0	0	10	16
47	1	2.15944803669117	260	19	1	0	0	1	16
47	2	4.122547239298	162	13	0	0	0	2	16
47	2	8.68488113442436	84	17	0	0	0	3	16
47	3	3.99307690281421	98	18	0	0	0	4	16
47	2	4.64279028167948	567	18	0	0	0	5	16
47	3	3.49109911872074	265	17	0	0	0	6	16
47	5	0.851510215085	163	14	0	0	0	7	16
47	4	2.21856311685406	92	20	0	0	0	8	16
47	6	4.08638900262304	229	20	0	0	0	9	16
47	7	3.75389106478542	300	18	0	0	0	10	16
47	8	5.6962017507758	426	59	2	0	0	11	16
48	1	1.88733539939858	194	14	1	0	0	1	16
48	2	1.5352144879289	156	14	0	0	0	2	16
48	3	1.03771690977737	181	14	0	0	0	3	16
48	3	6.12173670995981	140	15	0	0	0	4	16
48	4	4.09159777336754	146	15	0	0	0	5	16
48	5	3.14741053618491	215	15	0	0	0	6	16
48	6	1.23696323204786	356	18	0	0	0	7	16
48	8	3.39964414271526	264	72	2	0	0	8	16
49	1	5.36089129606262	357	13	1	0	0	1	16
49	2	3.284306446556	201	17	0	0	0	2	16
49	3	4.55065476009622	214	19	0	0	0	3	16
49	4	5.90044688503258	228	25	0	0	0	4	16
49	3	2.17819512845017	299	16	0	0	0	5	16
49	4	5.93241032049991	203	18	0	0	0	6	16
49	5	3.15916237910278	233	18	0	0	0	7	16
49	6	3.78086975845508	337	17	0	0	0	8	16
49	8	1.71256308397278	154	15	0	0	0	9	16
49	8	8.67311161849648	174	54	2	0	0	10	16
50	1	3.9838627667632	161	15	1	0	0	1	16
50	2	5.73872792115435	343	15	0	0	0	2	16
50	3	1.27307678712532	106	14	0	0	0	3	16
50	3	6.64680905290879	189	14	0	0	0	4	16
50	5	0.293465847615153	156	13	0	0	0	5	16
50	4	2.36445139767602	101	18	0	0	0	6	16
50	6	2.97964189713821	162	14	0	0	0	7	16
50	5	3.93439105246216	90	16	0	0	0	8	16
50	7	3.4646654787939	246	15	0	0	0	9	16
50	7	8.31782081769779	147	16	0	0	0	10	16
50	9	0.109725595684722	212	15	0	0	0	11	16
50	9	5.95532007212751	632	66	2	0	0	12	16
51	2	0.483080002246425	303	14	1	0	0	1	16
51	2	4.30478937504813	146	17	0	0	0	2	16
51	3	4.98818989354186	192	18	0	0	0	3	16
51	4	1.04956479463726	265	19	0	0	0	4	16
51	6	2.74056125013158	223	21	0	0	0	5	16
51	8	4.51899470202625	272	20	0	0	0	6	16
51	9	5.19026454538107	213	18	0	0	0	7	16
51	10	5.38322907476686	387	56	2	0	0	8	16
52	1	2.74655636376701	336	14	1	0	0	1	16
52	2	2.76100888522342	180	16	0	0	0	2	16
52	3	2.87387087545358	213	14	0	0	0	3	16
52	4	2.7682276063133	367	15	0	0	0	4	16
52	5	3.63235926488414	297	98	2	0	0	5	16
54	2	0.456925900653005	325	14	1	0	0	1	16
54	2	5.11064717289992	136	15	0	0	0	2	16
54	3	5.91016105376184	196	14	0	0	0	3	16
54	4	3.95445034839213	195	18	0	0	0	4	16
54	6	0.045893742935732	336	16	0	0	0	5	16
54	6	2.97254889993928	99	14	0	0	0	6	16
54	7	1.29158724914305	178	19	0	0	0	7	16
54	8	1.38737632357515	249	14	2	0	0	8	16
55	1	2.51221277657896	307	15	1	0	0	1	16
55	2	2.89053975534625	177	27	0	0	0	2	16
55	3	3.48404218466021	178	16	0	0	0	3	16
55	4	2.25298397033475	341	21	0	0	0	4	16
55	3	2.49025309784338	285	17	0	0	0	5	16
55	4	4.38752766395919	309	14	0	0	0	6	16
55	5	2.1590070175007	205	13	0	0	0	7	16
55	6	2.63764826767147	237	17	0	0	0	8	16
55	7	4.68786878860556	179	16	0	0	0	9	16
55	8	5.87033863528632	255	15	0	0	0	10	16
55	9	5.61481315805577	185	66	2	0	0	11	16
56	2	2.67150399670936	556	28	1	0	0	1	16
56	4	1.19436651701108	182	13	0	0	0	2	16
56	5	0.149359455099329	133	13	0	0	0	3	16
56	4	2.11067292280495	228	23	0	0	0	4	16
56	6	0.205166485160589	285	18	0	0	0	5	16
56	6	7.42425877950154	210	105	2	0	0	6	16
57	2	3.47523913043551	161	13	1	0	0	1	16
57	1	3.27736026141793	331	19	0	0	0	2	16
57	3	0.807476710062474	173	29	0	0	0	3	16
57	5	1.79157243436202	296	19	0	0	0	4	16
57	7	2.41554696764797	200	15	0	0	0	5	16
57	7	8.01288619707339	144	64	2	0	0	6	16
58	1	4.57242378382944	376	16	1	0	0	1	16
58	3	1.13935615005903	208	16	0	0	0	2	16
58	4	1.2508151368238	197	17	0	0	0	3	16
58	5	2.2435142477043	282	19	0	0	0	4	16
58	7	1.18011642154306	192	18	0	0	0	5	16
58	9	0.373353992821649	248	19	0	0	0	6	16
58	10	3.32565796282142	210	59	2	0	0	7	16
59	1	3.10767756216228	388	15	1	0	0	1	16
59	2	7.46898583346047	172	16	0	0	0	2	16
59	3	6.02293130476028	220	15	0	0	0	3	16
59	5	0.859360758215189	319	16	0	0	0	4	16
59	6	1.97845014720224	278	18	0	0	0	5	16
59	5	3.47485038428567	209	29	0	0	0	6	16
59	7	1.22475195210427	167	14	0	0	0	7	16
59	8	2.59404305927455	184	16	0	0	0	8	16
59	9	4.22292779921554	130	58	2	0	0	9	16
60	1	2.15606056083925	365	15	1	0	0	1	16
60	2	4.34091158327647	134	32	0	0	0	2	16
60	5	0.425896004308015	155	21	0	0	0	3	16
60	4	0.107099244603887	182	19	0	0	0	4	16
60	7	0.363699679262936	180	15	0	0	0	5	16
60	7	4.78114673309028	159	18	0	0	0	6	16
60	8	3.39942918019369	174	17	0	0	0	7	16
60	9	5.18207646789961	208	15	2	0	0	8	16
61	1	1.40459283953533	46	17	1	0	0	1	16
61	2	3.21212471369654	136	21	0	0	0	2	16
61	1	4.91299350792542	232	15	0	0	0	3	16
61	2	4.82486576982774	253	21	0	0	0	4	16
61	4	1.75982053438202	266	12	0	0	0	5	16
61	4	5.09327038098127	152	17	0	0	0	6	16
61	6	0.100708703044802	335	18	0	0	0	7	16
61	7	2.30746222962625	199	88	2	0	0	8	16
63	1	3.8234139571432	414	18	1	0	0	1	16
63	2	6.1896129695233	200	14	0	0	0	2	16
63	3	3.51377771492116	176	17	0	0	0	3	16
63	4	3.75469902856275	229	16	0	0	0	4	16
63	5	2.21575525146909	299	14	0	0	0	5	16
63	6	2.87463345425203	346	17	0	0	0	6	16
63	8	1.80014754016884	209	15	0	0	0	7	16
63	8	6.35486051323824	137	14	0	0	0	8	16
63	9	4.7162563148886	163	82	0	0	0	9	16
63	9	8.82257539825514	200	12	2	0	0	10	16
64	1	1.25731860939413	298	17	1	0	0	1	16
64	2	2.98031168151647	153	14	0	0	0	2	16
64	2	5.77065003220923	168	14	0	0	0	3	16
64	3	3.26520573860034	171	15	0	0	0	4	16
64	4	1.23577778716572	202	16	0	0	0	5	16
64	5	3.41662561800331	183	20	0	0	0	6	16
64	7	3.65030439454131	256	16	0	0	0	7	16
64	8	3.32970321853645	229	25	0	0	0	8	16
64	9	5.41213249764405	193	16	0	0	0	9	16
64	9	2.52487106691115	96	54	0	0	0	10	16
64	9	11.0670868218876	128	25	2	0	0	11	16
65	1	5.07825812115334	352	18	1	0	0	1	16
65	3	2.57372603821568	186	16	0	0	0	2	16
65	3	7.06540327030234	211	13	0	0	0	3	16
65	3	11.3659137454815	253	32	0	0	0	4	16
65	5	1.92165546468459	182	30	0	0	0	5	16
65	7	1.31287990161218	177	17	0	0	0	6	16
65	5	5.62000729702413	206	13	0	0	0	7	16
65	6	3.2548941578716	256	30	0	0	0	8	16
65	8	3.16174771403894	305	28	0	0	0	9	16
65	10	6.0517097664997	198	19	0	0	0	10	16
65	11	3.90729766176082	232	58	2	0	0	11	16
67	1	3.6798241045326	259	15	1	0	0	1	16
67	2	4.8561773665715	185	17	0	0	0	2	16
67	3	5.99156914930791	86	21	0	0	0	3	16
67	4	8.1159280417487	195	13	0	0	0	4	16
67	4	5.58624670933932	306	25	0	0	0	5	16
67	3	3.19456916116178	282	19	0	0	0	6	16
67	4	5.93425549985841	213	26	0	0	0	7	16
67	5	2.14307553134859	237	14	0	0	0	8	16
67	6	1.17537536495365	194	18	0	0	0	9	16
67	6	9.84562240843661	175	16	0	0	0	10	16
67	7	6.77196193649434	232	66	2	0	0	11	16
68	1	1.94287384604104	181	14	1	0	0	1	16
68	2	0.345140055753291	156	17	0	0	0	2	16
68	2	7.29555844166316	180	16	0	0	0	3	16
68	3	5.53563767182641	118	12	0	0	0	4	16
68	4	2.91217509796843	215	15	0	0	0	5	16
68	5	4.19638757081702	160	14	0	0	0	6	16
68	6	4.73209729255177	162	12	0	0	0	7	16
68	7	2.56536983349361	217	20	2	0	0	8	16
69	1	3.78302307566628	205	16	1	0	0	1	16
69	2	3.50122536672279	184	14	0	0	0	2	16
69	2	8.90976813505404	136	14	0	0	0	3	16
69	3	5.40271852049045	262	15	0	0	0	4	16
69	4	4.33110677800141	286	16	0	0	0	5	16
69	5	3.39655690523796	214	17	0	0	0	6	16
69	6	3.13510715821758	186	16	2	0	0	7	16
72	1	4.8253307689447	303	17	1	0	0	1	16
72	2	5.10324907838367	199	16	0	0	0	2	16
72	3	5.23406400508247	238	19	0	0	0	3	16
72	4	6.88523283787072	252	16	0	0	0	4	16
72	6	2.45977850607596	160	13	2	0	0	5	16
73	1	3.81736887665465	217	17	1	0	0	1	16
73	2	4.66529519297183	196	12	0	0	0	2	16
73	2	6.37869759439491	147	15	0	0	0	3	16
73	3	4.91841585678048	166	17	0	0	0	4	16
73	5	3.03002351149917	187	16	0	0	0	5	16
73	5	8.50983572681434	169	27	0	0	0	6	16
73	8	2.50447697378695	224	19	0	0	0	7	16
73	6	6.8149212540593	146	15	0	0	0	8	16
73	6	2.85049550537951	310	17	0	0	0	9	16
73	8	1.20661792089231	276	21	0	0	0	10	16
73	10	0.293822000734508	200	19	0	0	0	11	16
73	10	8.73394386912696	176	15	0	0	0	12	16
73	10	5.7429456722457	392	71	2	0	0	13	16
74	1	4.16038042772561	358	16	1	0	0	1	16
74	3	3.45789812784642	437	16	0	0	0	2	16
74	4	5.82313021412119	290	16	0	0	0	3	16
74	6	0.838975760620087	333	16	0	0	0	4	16
74	7	2.10754311503842	239	18	0	0	0	5	16
74	8	3.41144062275998	249	33	0	0	0	6	16
74	9	2.01743902289309	388	16	0	0	0	7	16
74	10	5.9010152684059	254	67	2	0	0	8	16
77	1	2.43036752194166	356	14	1	0	0	1	16
77	2	4.14731373474933	159	17	0	0	0	2	16
77	3	3.15958989155479	193	12	0	0	0	3	16
77	3	6.4137323377654	62	15	0	0	0	4	16
77	4	3.47932587866671	350	18	0	0	0	5	16
77	6	0.541042381897569	191	16	0	0	0	6	16
77	7	4.55109447240829	264	21	2	0	0	7	16
78	1	3.00489419372752	296	17	1	0	0	1	16
78	2	5.0014456610661	181	20	0	0	0	2	16
78	3	5.63985158433206	248	15	0	0	0	3	16
78	4	5.91184396063909	245	20	0	0	0	4	16
78	6	3.15621044416912	289	16	0	0	0	5	16
78	8	1.92573713744059	226	15	0	0	0	6	16
78	8	7.03526230994612	113	18	0	0	0	7	16
78	10	3.01921321870759	192	62	2	0	0	8	16
79	1	3.25889646797441	188	14	1	0	0	1	16
79	2	2.86407548561692	148	14	0	0	0	2	16
79	3	1.74125325283967	173	13	0	0	0	3	16
79	4	0.173455479322001	161	15	0	0	0	4	16
79	5	0.335717292735353	167	15	0	0	0	5	16
79	5	4.38189524016343	166	16	0	0	0	6	16
79	7	0.0890849144198	181	15	0	0	0	7	16
79	8	3.57160779298283	224	17	0	0	0	8	16
79	9	0.372074352577329	204	13	2	0	0	9	16
80	1	2.60294132609852	346	16	1	0	0	1	16
80	2	7.24428770295344	170	20	0	0	0	2	16
80	2	4.77270547393709	191	27	0	0	0	3	16
80	3	7.36991867539473	180	12	0	0	0	4	16
80	3	3.35548852221109	148	17	0	0	0	5	16
80	5	2.7462017936632	219	20	0	0	0	6	16
80	6	3.31879770080559	255	16	0	0	0	7	16
80	7	3.80714061274193	453	30	2	0	0	8	16
81	2	1.93389603937976	280	15	1	0	0	1	16
81	2	4.26948899449781	179	16	0	0	0	2	16
81	3	5.16763115068898	206	18	0	0	0	3	16
81	3	11.4962503516581	180	16	0	0	0	4	16
81	5	0.886941776843742	354	23	0	0	0	5	16
81	6	4.50604897318408	238	18	0	0	0	6	16
81	7	4.14852703176439	214	17	0	0	0	7	16
81	8	6.62207588017918	261	39	2	0	0	8	16
82	1	3.53298547677696	259	17	1	0	0	1	16
82	2	4.78870910289697	198	13	0	0	0	2	16
82	2	6.70350512070581	123	16	0	0	0	3	16
82	3	5.04949461738579	250	20	0	0	0	4	16
82	4	3.56001741928048	233	21	0	0	0	5	16
82	7	3.67760797566734	219	14	0	0	0	6	16
82	7	6.67434896179475	145	17	0	0	0	7	16
82	8	5.98652800964192	309	20	0	0	0	8	16
82	9	5.72006861795671	337	46	2	0	0	9	16
83	2	0.447564610745758	389	15	1	0	0	1	16
83	2	5.89961417065933	135	19	0	0	0	2	16
83	3	4.83035127073526	277	16	0	0	0	3	16
83	4	5.42796419817023	166	17	0	0	0	4	16
83	5	3.30123852123506	182	19	0	0	0	5	16
83	7	2.51077282382175	308	16	0	0	0	6	16
83	8	5.58897958742455	263	15	0	0	0	7	16
83	8	9.66583639988676	91	20	0	0	0	8	16
83	9	7.44768127123825	295	22	2	0	0	9	16
84	2	1.11188441491686	184	14	1	0	0	1	16
84	1	2.09690314647742	171	17	0	0	0	2	16
84	2	3.59992672572844	382	17	0	0	0	3	16
84	3	5.09587331232615	209	14	0	0	0	4	16
84	4	4.33864695578814	134	16	0	0	0	5	16
84	5	2.70421772194095	192	20	0	0	0	6	16
84	6	3.99651079275645	181	14	0	0	0	7	16
84	6	0.488268506946042	169	18	0	0	0	8	16
84	7	1.84752464224584	263	17	0	0	0	9	16
84	8	2.46867816755548	476	14	0	0	0	10	16
84	9	0.288248083321378	250	16	2	0	0	11	16
85	1	1.54303173767403	206	16	1	0	0	1	16
85	2	0.738829372916371	151	13	0	0	0	2	16
85	2	5.92992841359228	412	15	0	0	0	3	16
85	3	0.351728474488482	174	15	0	0	0	4	16
85	4	0.055652774637565	308	16	0	0	0	5	16
85	5	2.13386727613397	190	15	0	0	0	6	16
85	7	1.95676454668865	284	18	0	0	0	7	16
85	5	0.481160805793479	211	17	0	0	0	8	16
85	7	1.61468353052624	70	21	0	0	0	9	16
85	9	2.77406291617081	191	16	2	0	0	10	16
86	1	2.87234645616263	179	13	1	0	0	1	16
86	2	0.250839088810608	133	14	0	0	0	2	16
86	2	4.21544371196069	334	15	0	0	0	3	16
86	3	3.44312945310958	364	19	0	0	0	4	16
86	4	5.60479303472675	257	17	0	0	0	5	16
86	5	3.16691782395355	352	24	0	0	0	6	16
86	8	2.95661988900974	332	18	0	0	0	7	16
86	9	4.98075508046895	154	51	2	0	0	8	16
87	1	2.32350323535502	253	16	1	0	0	1	16
87	2	2.49045563768595	170	18	0	0	0	2	16
87	3	2.44138928269967	227	30	0	0	0	3	16
87	4	6.30504278582521	301	34	0	0	0	4	16
87	6	4.17245473875664	346	19	0	0	0	5	16
87	7	6.11132657062262	210	40	2	0	0	6	16
88	1	2.48424873943441	212	14	1	0	0	1	16
88	2	1.47214685124345	197	15	0	0	0	2	16
88	3	3.87139077624306	236	19	0	0	0	3	16
88	4	0.799908479675651	166	14	0	0	0	4	16
88	4	3.89176650275476	149	16	0	0	0	5	16
88	5	4.72166237514466	158	16	0	0	0	6	16
88	6	4.39043471985497	228	16	0	0	0	7	16
88	7	0.231256588594988	206	19	0	0	0	8	16
88	6	3.17231970932335	168	15	0	0	0	9	16
88	7	4.29072764003649	198	18	0	0	0	10	16
88	9	4.22427194914781	177	26	2	0	0	11	16
89	1	3.30957204499282	338	15	1	0	0	1	16
89	2	4.18904532003216	172	15	0	0	0	2	16
89	3	4.71703108400106	150	12	0	0	0	3	16
89	3	2.00578581355512	198	15	0	0	0	4	16
89	4	2.97136209951714	310	19	0	0	0	5	16
89	6	3.13061706279404	279	16	0	0	0	6	16
89	6	12.7527557816356	144	13	0	0	0	7	16
89	7	3.21462971833535	162	15	0	0	0	8	16
89	8	3.73733690660447	225	54	2	0	0	9	16
90	1	3.69446844630875	343	13	1	0	0	1	16
90	2	1.14773963345215	95	18	0	0	0	2	16
90	3	3.58627916639671	220	13	0	0	0	3	16
90	3	11.2052785798442	187	15	0	0	0	4	16
90	5	1.8772741581779	213	14	0	0	0	5	16
90	5	5.31805185601115	150	15	0	0	0	6	16
90	6	4.36885640164837	158	17	0	0	0	7	16
90	7	6.07020667381585	263	17	0	0	0	8	16
90	9	3.72397277737036	148	67	2	0	0	9	16
93	2	2.10542536783032	447	20	1	0	0	1	16
93	3	1.2898408959154	152	15	0	0	0	2	16
93	3	7.1176543678157	160	17	0	0	0	3	16
93	4	5.7823052238673	218	19	0	0	0	4	16
93	5	8.43227100279182	255	29	0	0	0	5	16
93	6	4.12259400892071	311	14	0	0	0	6	16
93	7	3.47968402528204	132	18	0	0	0	7	16
93	7	12.228636094369	92	17	0	0	0	8	16
93	8	7.49653091025539	367	71	2	0	0	9	16
94	1	3.58462101290934	225	14	1	0	0	1	16
94	2	2.28847057046369	134	13	0	0	0	2	16
94	3	0.279018596280366	155	13	0	0	0	3	16
94	3	3.30956685799174	174	15	0	0	0	4	16
94	5	3.19488568138331	244	19	0	0	0	5	16
94	6	4.91890619252808	281	20	0	0	0	6	16
94	8	2.48081255936995	273	22	0	0	0	7	16
94	9	5.8017491013743	236	58	2	0	0	8	16
95	2	0.851369557902217	231	12	1	0	0	1	16
95	2	3.94850002438761	156	14	0	0	0	2	16
95	3	3.81649078265764	183	18	0	0	0	3	16
95	4	3.66783939162269	200	16	0	0	0	4	16
95	5	3.04281328828074	207	14	0	0	0	5	16
95	5	7.580990759423	116	16	0	0	0	6	16
95	7	0.0406513479538262	205	17	0	0	0	7	16
95	7	8.45845927554183	157	64	2	0	0	8	16
96	1	2.07449256302789	161	12	1	0	0	1	16
96	2	3.44575727032498	174	19	0	0	0	2	16
96	1	3.90061833756045	339	16	0	0	0	3	16
96	2	2.41539138206281	200	22	0	0	0	4	16
96	5	0.780887346481904	367	17	0	0	0	5	16
96	6	2.58898934116587	332	17	0	0	0	6	16
96	7	4.95626170421019	193	16	0	0	0	7	16
96	8	1.97344661364332	179	17	0	0	0	8	16
96	8	7.21295378846116	189	17	0	0	0	9	16
96	10	4.71271373867057	167	15	0	0	0	10	16
96	10	0.840903094736859	253	18	0	0	0	11	16
96	11	4.12379234773107	175	17	0	0	0	12	16
96	12	4.81441110465676	133	48	2	0	0	13	16
97	2	1.37576685473323	405	16	1	0	0	1	16
97	3	3.31305984826759	201	17	0	0	0	2	16
97	4	3.06321449787356	219	19	0	0	0	3	16
97	5	3.06728944298811	244	13	0	0	0	4	16
97	6	1.57499927980825	138	16	0	0	0	5	16
97	7	1.52924714842811	252	15	0	0	0	6	16
97	8	3.14900619210675	368	16	2	0	0	7	16
98	1	2.21539359982125	184	16	1	0	0	1	16
98	2	2.1736798719503	277	13	0	0	0	2	16
98	2	6.13568256981671	80	14	0	0	0	3	16
98	4	0.0942787053063512	196	17	0	0	0	4	16
98	4	6.02275898074731	166	16	0	0	0	5	16
98	5	3.68075253628194	335	16	0	0	0	6	16
98	6	2.95693227136508	229	14	0	0	0	7	16
98	6	7.06200809823349	158	15	0	0	0	8	16
98	7	2.38595535419881	195	26	0	0	0	9	16
98	10	1.00920495414175	193	16	2	0	0	10	16
99	1	1.27251695143059	179	13	1	0	0	1	16
99	2	0.445727349957451	149	13	0	0	0	2	16
99	2	3.47322554863058	81	19	0	0	0	3	16
99	3	3.1562422644347	297	19	0	0	0	4	16
99	5	3.24560747900978	412	15	0	0	0	5	16
99	6	3.84026814159006	247	18	0	0	0	6	16
99	8	2.90787641587667	283	66	2	0	0	7	16
100	2	0.555456314003095	203	15	1	0	0	1	16
100	2	4.31169581669383	154	16	0	0	0	2	16
100	3	2.77136181620881	130	15	0	0	0	3	16
100	3	5.12413845793344	198	18	0	0	0	4	16
100	5	4.53809717739932	239	16	0	0	0	5	16
100	6	1.56579851661809	139	17	0	0	0	6	16
100	6	7.2134630063083	160	24	0	0	0	7	16
100	8	3.82988576078787	203	16	0	0	0	8	16
100	9	0.462892858311534	90	16	0	0	0	9	16
100	9	8.51878697052598	202	62	2	0	0	10	16
101	2	1.99100702768192	427	16	1	0	0	1	16
101	2	6.26485587144271	401	13	0	0	0	2	16
101	2	8.10584834474139	78	16	0	0	0	3	16
101	3	6.79891570680775	195	16	0	0	0	4	16
101	5	2.48785682744347	175	14	0	0	0	5	16
101	4	2.66784647782333	180	17	0	0	0	6	16
101	5	7.18531038076617	177	17	0	0	0	7	16
101	6	3.62466207239777	295	23	0	0	0	8	16
101	8	3.61087875673547	208	17	0	0	0	9	16
101	10	0.352143823169172	188	85	2	0	0	10	16
102	1	1.21024573501199	332	15	1	0	0	1	16
102	3	0.799036796670407	179	16	0	0	0	2	16
102	4	0.922062927158549	182	17	0	0	0	3	16
102	5	4.94707060605288	371	19	0	0	0	4	16
102	6	3.55043665319681	235	24	0	0	0	5	16
102	7	4.22139388881624	249	17	0	0	0	6	16
102	8	2.44930128427222	198	32	2	0	0	7	16
103	2	0.119006484514102	164	13	1	0	0	1	16
103	1	3.49289671401493	182	17	0	0	0	2	16
103	3	1.58339556329884	188	14	0	0	0	3	16
103	3	5.09264753735624	174	15	0	0	0	4	16
103	4	3.96450384799391	213	28	0	0	0	5	16
103	5	3.87538388860412	410	14	0	0	0	6	16
103	7	3.93181441095658	300	18	0	0	0	7	16
103	8	4.25709944823757	98	78	2	0	0	8	16
104	1	3.26722503080964	367	16	1	0	0	1	16
104	2	4.30611711042002	217	17	0	0	0	2	16
104	3	2.33345024241135	340	17	0	0	0	3	16
104	4	5.32643464836292	171	21	0	0	0	4	16
104	6	0.579078591428697	328	20	0	0	0	5	16
104	7	4.9162569635082	285	17	0	0	0	6	16
104	8	2.69764991104603	255	15	0	0	0	7	16
104	9	0.74301765486598	215	62	2	0	0	8	16
105	2	1.71254658140242	165	15	1	0	0	1	16
105	1	2.61540249385871	254	17	0	0	0	2	16
105	3	2.79630096256733	262	16	0	0	0	3	16
105	4	2.65242522768676	322	15	0	0	0	4	16
105	3	6.83954313700087	211	16	0	0	0	5	16
105	4	3.05703554069623	270	14	0	0	0	6	16
105	5	3.17255977028981	352	17	0	0	0	7	16
105	6	6.02108762902208	162	76	2	0	0	8	16
106	2	1.80319083225913	354	15	1	0	0	1	16
106	2	6.41521961404942	171	17	0	0	0	2	16
106	3	4.69716374529526	232	15	0	0	0	3	16
106	4	2.74452932598069	159	15	0	0	0	4	16
106	5	0.61081291269511	146	14	0	0	0	5	16
106	6	2.98502135812305	209	17	0	0	0	6	16
106	7	5.04173567378893	243	71	2	0	0	7	16
107	1	3.24186545959674	469	18	1	0	0	1	16
107	3	0.794878782005981	176	14	0	0	0	2	16
107	3	5.26634073024616	186	17	0	0	0	3	16
107	4	3.65674711600877	221	17	0	0	0	4	16
107	6	0.932453467510641	203	12	0	0	0	5	16
107	6	4.53921081894077	148	16	0	0	0	6	16
107	8	0.283011779887602	223	31	0	0	0	7	16
107	9	1.89331548567861	272	19	0	0	0	8	16
107	10	5.17078314092942	321	80	2	0	0	9	16
108	2	0.140229097567499	296	18	1	0	0	1	16
108	2	6.23852162784897	166	19	0	0	0	2	16
108	3	5.28660071152262	267	31	0	0	0	3	16
108	2	5.19979240628891	170	25	0	0	0	4	16
108	4	4.1997390834149	317	18	0	0	0	5	16
108	5	0.718046661932021	208	16	0	0	0	6	16
108	6	0.865203204797581	153	28	0	0	0	7	16
108	4	5.30850899359211	233	38	0	0	0	8	16
108	7	1.69371622963808	221	30	0	0	0	9	16
108	9	7.44924724637531	255	69	2	0	0	10	16
109	2	0.561529772356153	254	14	1	0	0	1	16
109	2	4.0049145903904	184	16	0	0	0	2	16
109	2	11.0321224017534	161	15	0	0	0	3	16
109	3	4.61922242771834	222	15	0	0	0	4	16
109	4	3.3462882109452	218	13	0	0	0	5	16
109	5	1.02330039418302	125	16	0	0	0	6	16
109	6	2.97156897233799	210	16	0	0	0	7	16
109	6	5.11853373539634	131	17	0	0	0	8	16
109	7	2.21638519712724	251	25	0	0	0	9	16
109	9	0.0123864982742816	149	15	0	0	0	10	16
109	9	7.3713650573045	249	71	2	0	0	11	16
110	1	3.84933332446963	378	15	1	0	0	1	16
110	2	7.00346338329837	172	17	0	0	0	2	16
110	3	5.07526152580976	287	17	0	0	0	3	16
110	4	3.56205895380117	209	15	0	0	0	4	16
110	5	4.16948085092008	190	18	0	0	0	5	16
110	7	0.489466605242342	222	14	0	0	0	6	16
110	7	6.01781654567458	201	14	0	0	0	7	16
110	8	1.30978966294788	210	13	0	0	0	8	16
110	8	4.46634983806871	111	22	0	0	0	9	16
110	10	3.24828141694888	283	21	0	0	0	10	16
110	10	11.8341057836078	159	41	2	0	0	11	16
111	2	3.14526167628355	183	12	1	0	0	1	16
111	2	1.04036817653105	149	15	0	0	0	2	16
111	2	6.18681668979116	174	16	0	0	0	3	16
111	2	12.3706758688204	173	21	0	0	0	4	16
111	3	6.01744473841973	216	16	0	0	0	5	16
111	5	2.81920405081473	156	14	0	0	0	6	16
111	4	3.9263185726013	179	19	0	0	0	7	16
111	6	1.32008398254402	206	18	0	0	0	8	16
111	7	3.28632214572281	414	18	0	0	0	9	16
111	8	6.52778330538422	271	17	0	0	0	10	16
111	9	4.37511267350055	669	39	2	0	0	11	16
112	1	3.48058980540372	214	15	1	0	0	1	16
112	2	3.02367355464958	285	16	0	0	0	2	16
112	3	2.83367945742793	262	17	0	0	0	3	16
112	4	2.43293135752901	283	16	0	0	0	4	16
112	5	2.69961517630145	219	15	0	0	0	5	16
112	6	2.91843366250396	246	16	0	0	0	6	16
112	7	2.94977674074471	401	20	0	0	0	7	16
112	9	1.2850456815213	187	14	0	0	0	8	16
112	9	5.33134561148472	591	50	2	0	0	9	16
113	2	0.162636272842064	334	17	1	0	0	1	16
113	3	1.24419598048553	154	16	0	0	0	2	16
113	4	3.02456624456681	246	17	0	0	0	3	16
113	5	2.41926233447157	238	15	0	0	0	4	16
113	5	7.85197659349069	169	14	0	0	0	5	16
113	7	2.40658314665779	344	37	0	0	0	6	16
113	7	10.4403395703994	39	63	2	0	0	7	16
114	1	2.49064954183996	343	17	1	0	0	1	16
114	3	0.926958767231554	147	15	0	0	0	2	16
114	3	5.70342170563526	196	17	0	0	0	3	16
114	5	1.9685999287758	188	18	0	0	0	4	16
114	6	5.57952788332477	214	13	0	0	0	5	16
114	7	3.28270466485992	237	17	0	0	0	6	16
114	8	1.15263496828265	226	26	0	0	0	7	16
114	9	5.37619845569134	187	12	0	0	0	8	16
114	9	2.31714461138472	234	17	0	0	0	9	16
114	10	2.20495082181878	181	17	0	0	0	10	16
114	11	6.51941929780878	139	20	2	0	0	11	16
