1	1	1.9090762345586	599	21	1	0	0	1	18
1	3	10.5036909289192	205	16	0	0	0	2	18
1	3	2.10328061669134	157	30	0	0	0	3	18
1	4	2.93902835506015	169	16	0	0	0	4	18
1	6	0.114505326375365	251	18	0	0	0	5	18
1	7	2.07713254191913	243	17	0	0	0	6	18
1	9	1.41200822172686	333	21	0	0	0	7	18
1	11	3.97987311892211	212	17	2	0	0	8	18
2	1	1.84768551983871	148	19	1	0	0	1	18
2	3	0.184653423260897	221	13	0	0	0	2	18
2	2	1.20501700625755	192	32	0	0	0	3	18
2	4	3.16251638857648	329	19	0	0	0	4	18
2	2	3.04833818599582	221	23	0	0	0	5	18
2	5	1.56238168873824	130	12	0	0	0	6	18
2	4	11.4356744035613	165	18	0	0	0	7	18
2	7	4.67609909689054	263	13	0	0	0	8	18
2	7	1.28331364458427	174	21	0	0	0	9	18
2	9	4.64194147242233	160	16	2	0	0	10	18
3	1	3.85340341296978	147	18	1	0	0	1	18
3	2	4.17594591900706	295	21	0	0	0	2	18
3	4	1.99371815286577	281	20	0	0	0	3	18
3	5	1.8838915429078	471	18	0	0	0	4	18
3	7	0.0953896041028202	341	19	0	0	0	5	18
3	8	4.17055142344907	203	18	0	0	0	6	18
3	9	3.23127577477135	230	17	0	0	0	7	18
3	10	4.6267180214636	257	13	2	0	0	8	18
4	1	2.69809494703077	141	15	1	0	0	1	18
4	2	2.27789194090292	196	20	0	0	0	2	18
4	3	4.964548262069	167	13	0	0	0	3	18
4	3	1.39587177312933	209	21	0	0	0	4	18
4	5	2.43425060575828	290	19	0	0	0	5	18
4	7	0.908049581572413	204	17	0	0	0	6	18
4	8	1.78425429714844	344	17	2	0	0	7	18
5	1	3.11215420695953	155	13	1	0	0	1	18
5	1	6.66844073287211	165	18	0	0	0	2	18
5	2	5.97093412233517	274	18	0	0	0	3	18
5	3	3.44869062746875	219	18	0	0	0	4	18
5	4	8.93899790686555	211	19	0	0	0	5	18
5	5	5.2793123209849	298	16	0	0	0	6	18
5	7	1.49203212512657	201	16	2	0	0	7	18
6	1	1.84482952626422	148	17	1	0	0	1	18
6	2	1.83605764503591	200	19	0	0	0	2	18
6	3	4.69474499765784	303	19	0	0	0	3	18
6	4	2.88843159633689	494	19	0	0	0	4	18
6	3	4.23063151189126	324	18	0	0	0	5	18
6	4	2.02557939174585	182	21	0	0	0	6	18
6	6	4.70286308787763	203	19	0	0	0	7	18
6	8	1.3576913124416	267	16	2	0	0	8	18
7	1	2.38609503954649	141	18	1	0	0	1	18
7	2	4.5285831168294	183	18	0	0	0	2	18
7	4	0.134855814045295	151	15	0	0	0	3	18
7	3	2.67566932016052	238	17	0	0	0	4	18
7	5	1.10255139693618	223	15	0	0	0	5	18
7	4	2.28470407472923	171	19	0	0	0	6	18
7	6	0.14822120545432	177	16	0	0	0	7	18
7	6	5.27989953779615	327	18	0	0	0	8	18
7	7	4.6288535296917	429	18	0	0	0	9	18
7	7	8.08669246477075	259	16	0	0	0	10	18
7	7	10.1803349771071	187	19	0	0	0	11	18
7	9	2.19160342728719	177	12	0	0	0	12	18
7	9	0.497155967401341	364	19	0	0	0	13	18
7	10	0.939933179179206	300	17	0	0	0	14	18
7	10	4.07557598082349	274	50	2	0	0	15	18
8	1	2.94433773681521	143	15	1	0	0	1	18
8	2	2.22125357831828	279	21	0	0	0	2	18
8	4	0.345770277781412	585	16	0	0	0	3	18
8	4	5.86242038267665	245	14	0	0	0	4	18
8	5	4.2744695651345	241	17	0	0	0	5	18
8	7	2.3351481417194	271	20	0	0	0	6	18
8	9	0.287103901384398	441	22	0	0	0	7	18
8	10	3.6312464014627	341	15	0	0	0	8	18
8	11	4.77839302504435	143	48	2	0	0	9	18
9	1	2.12319912062958	160	18	1	0	0	1	18
9	2	3.2620609018486	202	18	0	0	0	2	18
9	3	4.28420097543858	131	12	0	0	0	3	18
9	3	3.0185852102004	409	16	0	0	0	4	18
9	4	3.11664793197997	227	19	0	0	0	5	18
9	6	1.43139551091008	204	19	0	0	0	6	18
9	7	4.50467560323887	403	57	2	0	0	7	18
10	1	1.04880281141959	149	16	1	0	0	1	18
10	2	1.4261694222223	380	19	0	0	0	2	18
10	4	0.521536573302001	315	17	0	0	0	3	18
10	3	1.30852105235681	322	20	0	0	0	4	18
10	5	1.40533191664144	259	19	0	0	0	5	18
10	6	6.55852602818049	213	20	0	0	0	6	18
10	9	0.0879956339485943	138	13	2	0	0	7	18
11	1	2.0390763967298	157	15	1	0	0	1	18
11	2	2.32651657331735	216	19	0	0	0	2	18
11	2	12.3480259282514	340	12	0	0	0	3	18
11	2	9.83143118722364	196	13	0	0	0	4	18
11	2	7.60554731055163	332	20	0	0	0	5	18
11	3	5.29664401733316	251	18	0	0	0	6	18
11	5	1.86933930101804	458	19	0	0	0	7	18
11	6	4.71241175639443	297	20	0	0	0	8	18
11	8	2.15887962537818	168	12	2	0	0	9	18
12	1	1.50130896968767	160	19	1	0	0	1	18
12	2	0.351916600950062	178	18	0	0	0	2	18
12	4	1.73763595777564	149	15	0	0	0	3	18
12	3	1.17669784952886	284	18	0	0	0	4	18
12	5	1.02890184521675	342	19	0	0	0	5	18
12	7	3.52174889179878	147	14	2	0	0	6	18
13	1	1.30149719654582	148	16	1	0	0	1	18
13	2	0.841731714783236	186	16	0	0	0	2	18
13	3	3.42467667465098	298	18	0	0	0	3	18
13	4	4.54861284699291	162	17	0	0	0	4	18
13	3	7.62216241005808	151	16	0	0	0	5	18
13	3	1.74585421243683	302	22	0	0	0	6	18
13	5	1.29819338140078	201	18	0	0	0	7	18
13	6	3.6471273927018	237	16	0	0	0	8	18
13	5	5.76881348714232	200	20	0	0	0	9	18
13	8	0.719380292110145	401	55	2	0	0	10	18
14	1	3.59388391743414	343	18	1	0	0	1	18
14	2	3.69394339737482	362	18	0	0	0	2	18
14	1	3.90807239385322	238	15	0	0	0	3	18
14	1	7.4240699398797	164	19	0	0	0	4	18
14	2	7.29005432245322	176	18	0	0	0	5	18
14	3	2.31779482564889	205	16	0	0	0	6	18
14	5	1.60657409857959	302	20	0	0	0	7	18
14	6	2.34162525366992	353	18	0	0	0	8	18
14	7	3.14359658723697	178	14	0	0	0	9	18
14	7	0.647551073692739	250	18	0	0	0	10	18
14	8	3.44699204526842	142	44	2	0	0	11	18
15	1	2.69867914775386	142	16	1	0	0	1	18
15	2	3.13452448230237	189	17	0	0	0	2	18
15	4	0.816892151953653	209	16	0	0	0	3	18
15	3	2.80854628351517	251	18	0	0	0	4	18
15	2	0.105831663124263	230	12	0	0	0	5	18
15	1	2.67781124077737	172	22	0	0	0	6	18
15	5	1.30245242849924	238	17	0	0	0	7	18
15	6	2.1924928103108	259	17	0	0	0	8	18
15	7	6.63090025866404	209	20	0	0	0	9	18
15	5	5.1734112794511	173	16	0	0	0	10	18
15	7	1.34430875186808	267	20	0	0	0	11	18
15	8	3.40086643584073	292	16	0	0	0	12	18
15	8	8.69082251028158	129	16	0	0	0	13	18
15	9	5.67732011340559	342	53	2	0	0	14	18
16	1	1.41941242641769	149	15	1	0	0	1	18
16	2	1.68970658164471	387	16	0	0	0	2	18
16	1	1.98403676622547	203	21	0	0	0	3	18
16	2	9.78428522613831	237	18	0	0	0	4	18
16	4	3.37104893755168	284	21	0	0	0	5	18
16	6	3.11784047703259	215	15	2	0	0	6	18
17	1	2.26933320774697	149	17	1	0	0	1	18
17	2	3.66677703103051	422	17	0	0	0	2	18
17	3	3.25785037432797	267	19	0	0	0	3	18
17	4	3.82537540164776	262	17	0	0	0	4	18
17	6	1.18424147344194	239	16	0	0	0	5	18
17	7	2.18360524345189	188	18	0	0	0	6	18
17	8	5.52420214354061	289	19	2	0	0	7	18
18	1	1.26457222783938	151	18	1	0	0	1	18
18	2	4.01591651560739	280	16	0	0	0	2	18
18	3	4.97661262261681	482	19	0	0	0	3	18
18	4	5.91882211598568	201	16	0	0	0	4	18
18	5	6.07704998739064	166	17	0	0	0	5	18
18	7	0.0658197933807969	245	20	0	0	0	6	18
18	9	1.66393417166546	214	28	2	0	0	7	18
19	1	3.44053127686493	147	16	1	0	0	1	18
19	2	4.34193846816197	225	17	0	0	0	2	18
19	3	4.08570451335981	298	19	0	0	0	3	18
19	4	4.6318268305622	337	18	0	0	0	4	18
19	6	0.0034137973561883	201	13	0	0	0	5	18
19	5	3.23543954268098	200	20	0	0	0	6	18
19	8	0.78447881131433	320	23	0	0	0	7	18
19	10	1.86722382996231	188	13	2	0	0	8	18
20	1	2.17461078148335	173	13	1	0	0	1	18
20	1	3.29654559399933	420	23	0	0	0	2	18
20	2	9.09228923753835	149	28	0	0	0	3	18
20	2	4.64922838495113	335	19	0	0	0	4	18
20	3	1.5247819153592	314	18	0	0	0	5	18
20	4	3.43691567424685	266	19	0	0	0	6	18
20	6	0.744100133422762	173	14	0	0	0	7	18
20	5	0.557388866320252	187	18	0	0	0	8	18
20	7	1.64684560662135	294	22	0	0	0	9	18
20	9	0.205397403798997	231	16	2	0	0	10	18
21	1	1.55265532736667	163	16	1	0	0	1	18
21	2	3.3803104411345	183	18	0	0	0	2	18
21	3	3.47856922331266	247	17	0	0	0	3	18
21	4	2.0684624616988	550	19	0	0	0	4	18
21	6	3.5660620094277	256	18	0	0	0	5	18
21	7	5.86327998316847	165	18	0	0	0	6	18
21	9	0.673996697179973	195	17	0	0	0	7	18
21	10	1.33460652967915	303	15	2	0	0	8	18
22	1	3.45651422231458	164	15	1	0	0	1	18
22	2	3.13864639098756	217	16	0	0	0	2	18
22	3	6.87435439345427	423	16	0	0	0	3	18
22	4	2.49179158359766	202	18	0	0	0	4	18
22	5	5.31532420869917	319	18	0	0	0	5	18
22	6	5.28839402925223	252	15	0	0	0	6	18
22	7	3.51438557635993	181	15	2	0	0	7	18
23	1	3.14222371485084	284	17	1	0	0	1	18
23	3	2.51414275495335	150	15	0	0	0	2	18
23	2	2.97284261649475	220	15	0	0	0	3	18
23	3	1.17858346481808	271	17	0	0	0	4	18
23	2	1.58127848012373	256	20	0	0	0	5	18
23	3	5.18048230116256	166	17	0	0	0	6	18
23	4	4.72058921027929	222	17	0	0	0	7	18
23	5	3.68732804292813	231	18	0	0	0	8	18
23	6	2.95283512910828	245	21	0	0	0	9	18
23	7	2.01470410777256	658	58	2	0	0	10	18
24	1	2.93080469616689	141	18	1	0	0	1	18
24	2	4.22236217744648	177	18	0	0	0	2	18
24	3	4.79001061758026	189	18	0	0	0	3	18
24	5	1.38967464119196	259	17	0	0	0	4	18
24	6	3.23864760063589	192	12	0	0	0	5	18
24	6	0.737134128343314	144	14	0	0	0	6	18
24	5	0.0926721699070185	219	32	0	0	0	7	18
24	7	3.97709609521553	146	14	0	0	0	8	18
24	7	0.457141978200525	213	21	0	0	0	9	18
24	10	1.99046427384019	551	51	2	0	0	10	18
25	1	1.48608135594986	140	17	1	0	0	1	18
25	2	2.52510741702281	307	20	0	0	0	2	18
25	3	4.64972213399597	152	12	0	0	0	3	18
25	3	1.10156701388769	452	32	0	0	0	4	18
25	4	6.98333188006654	221	19	0	0	0	5	18
25	6	1.60181486862712	203	15	0	0	0	6	18
25	5	0.899355069966987	194	22	0	0	0	7	18
25	8	3.61101780436002	582	49	2	0	0	8	18
26	1	3.14003119268455	189	16	1	0	0	1	18
26	2	4.84628478996456	265	17	0	0	0	2	18
26	3	3.2369106283877	234	18	0	0	0	3	18
26	5	1.31736352248117	288	16	0	0	0	4	18
26	6	2.3606995488517	213	16	0	0	0	5	18
26	7	2.97556793829426	211	20	2	0	0	6	18
27	1	1.34283670969307	143	17	1	0	0	1	18
27	2	2.26458825659938	238	18	0	0	0	2	18
27	3	2.3150611219462	137	12	0	0	0	3	18
27	3	0.808012422872707	217	20	0	0	0	4	18
27	4	2.37585528031923	292	35	0	0	0	5	18
27	6	1.93861732957885	206	14	2	0	0	6	18
28	1	3.89729684474878	154	14	1	0	0	1	18
28	2	1.10413701878861	164	18	0	0	0	2	18
28	3	1.6612160471268	227	17	0	0	0	3	18
28	4	4.03015342238359	356	18	0	0	0	4	18
28	5	3.84398177475668	226	19	0	0	0	5	18
28	7	3.34830162045546	236	17	0	0	0	6	18
28	5	4.90728950756602	207	22	2	0	0	7	18
29	1	2.8137729447335	154	13	1	0	0	1	18
29	2	1.33119262754917	280	19	0	0	0	2	18
29	3	3.0530443105381	278	18	0	0	0	3	18
29	5	3.48466322943568	243	18	0	0	0	4	18
29	3	4.36921049631201	204	21	0	0	0	5	18
29	6	2.02116933278739	289	18	0	0	0	6	18
29	7	6.98932177620009	232	17	0	0	0	7	18
29	8	0.186585285933688	144	51	2	0	0	8	18
30	1	2.01998179685324	150	15	1	0	0	1	18
30	2	3.57530437293462	187	18	0	0	0	2	18
30	4	1.0379206542857	183	16	0	0	0	3	18
30	3	1.60823042504489	179	21	0	0	0	4	18
30	6	0.943824157351628	169	14	2	0	0	5	18
31	2	0.297302052145824	149	16	1	0	0	1	18
31	3	1.14876558375545	437	20	0	0	0	2	18
31	4	3.58634187537245	337	13	0	0	0	3	18
31	3	7.37294630915858	174	20	0	0	0	4	18
31	5	2.23408256378025	254	17	0	0	0	5	18
31	7	1.46538339275867	346	19	0	0	0	6	18
31	8	3.50506335264072	266	19	0	0	0	7	18
31	9	3.62885191151872	246	43	2	0	0	8	18
32	1	2.82337757619098	131	16	1	0	0	1	18
32	2	4.95752779138274	187	17	0	0	0	2	18
32	4	1.07477771211416	170	14	0	0	0	3	18
32	3	2.70555649790913	170	18	0	0	0	4	18
32	5	3.89452520688064	330	20	0	0	0	5	18
32	7	0.34240161231719	180	13	2	0	0	6	18
33	1	3.67002147389576	227	17	1	0	0	1	18
33	2	3.07933855545707	212	18	0	0	0	2	18
33	3	5.0746357862372	180	16	0	0	0	3	18
33	4	5.0409529954195	257	19	0	0	0	4	18
33	6	1.42968819919042	267	13	2	0	0	5	18
34	1	3.76003683917224	149	18	1	0	0	1	18
34	2	4.98124144109897	235	17	0	0	0	2	18
34	3	4.20702188252471	558	18	0	0	0	3	18
34	4	3.45571347535588	235	18	0	0	0	4	18
34	3	2.84149299561977	264	17	0	0	0	5	18
34	5	0.178599409759045	281	20	0	0	0	6	18
34	7	1.64729730295949	299	21	0	0	0	7	18
34	7	11.7649283702485	142	18	0	0	0	8	18
34	8	6.34242457803339	333	53	2	0	0	9	18
35	1	2.34271534904838	149	16	1	0	0	1	18
35	2	3.24940427159891	275	12	0	0	0	2	18
35	1	3.9837942046579	162	20	0	0	0	3	18
35	3	3.25796272000298	433	18	0	0	0	4	18
35	4	3.42284899926744	284	20	0	0	0	5	18
35	5	3.73964653885923	170	12	0	0	0	6	18
35	5	1.65897421189584	206	16	0	0	0	7	18
35	6	3.93480095104314	309	52	2	0	0	8	18
36	1	1.09341928246431	163	15	1	0	0	1	18
36	1	3.20945627219044	218	17	0	0	0	2	18
36	3	2.84702415089123	268	20	0	0	0	3	18
36	4	4.59338656859472	242	16	0	0	0	4	18
36	5	3.68925064103678	158	18	0	0	0	5	18
36	3	5.52570489770733	290	17	0	0	0	6	18
36	5	2.01953904354014	233	19	0	0	0	7	18
36	7	0.799906151369214	180	15	2	0	0	8	18
37	1	2.09977593435906	225	16	1	0	0	1	18
37	2	4.93244627537206	238	19	0	0	0	2	18
37	3	5.02218904020265	232	16	0	0	0	3	18
37	3	1.42926828772761	255	17	0	0	0	4	18
37	4	5.29621186223812	156	17	0	0	0	5	18
37	5	4.47425550082698	199	17	0	0	0	6	18
37	7	0.476446090266109	244	17	0	0	0	7	18
37	8	2.72355160396546	211	57	2	0	0	8	18
38	1	2.14052171679214	139	16	1	0	0	1	18
38	2	3.31538341497071	188	20	0	0	0	2	18
38	3	5.14938782644458	313	21	0	0	0	3	18
38	5	0.0947198159992695	155	14	0	0	0	4	18
38	4	2.52476988034323	178	21	0	0	0	5	18
38	6	3.68240820779465	315	20	0	0	0	6	18
38	9	4.22210976644419	197	17	2	0	0	7	18
39	1	1.87552796863019	201	17	1	0	0	1	18
39	2	3.68043135968037	252	19	0	0	0	2	18
39	3	0.70964149129577	306	20	0	0	0	3	18
39	4	4.49062017886899	148	12	0	0	0	4	18
39	4	2.66541939764284	297	24	0	0	0	5	18
39	2	3.22793463245034	259	15	0	0	0	6	18
39	2	1.77350433031097	306	17	0	0	0	7	18
39	2	5.36823802627623	229	12	0	0	0	8	18
39	2	4.91786847403273	364	19	0	0	0	9	18
39	3	5.94128568447195	181	15	0	0	0	10	18
39	4	4.02776653552428	174	18	0	0	0	11	18
39	5	5.20858540711924	231	19	0	0	0	12	18
39	7	2.02601474453695	179	13	0	0	0	13	18
39	6	3.16481711436063	225	22	0	0	0	14	18
39	9	1.58407482667826	150	12	2	0	0	15	18
40	1	2.76159627037123	139	14	1	0	0	1	18
40	2	1.32543294853531	295	17	0	0	0	2	18
40	4	0.276857206132263	202	18	0	0	0	3	18
40	5	2.98493589833379	283	21	0	0	0	4	18
40	7	0.0111873357091099	164	15	0	0	0	5	18
40	6	3.10037665232085	217	18	0	0	0	6	18
40	7	3.99396145902574	245	19	0	0	0	7	18
40	9	1.71659186435863	300	18	0	0	0	8	18
40	10	3.87200987664983	259	16	0	0	0	9	18
40	11	2.41774655343033	368	16	2	0	0	10	18
41	1	2.32169288303703	145	16	1	0	0	1	18
41	2	3.58072835183702	250	18	0	0	0	2	18
41	2	12.1174912680872	176	17	0	0	0	3	18
41	3	4.00050132186152	220	16	0	0	0	4	18
41	4	3.14265705319121	168	12	0	0	0	5	18
41	4	0.682628666982055	132	18	0	0	0	6	18
41	3	1.855459083803	432	18	0	0	0	7	18
41	4	1.65825022477657	242	17	0	0	0	8	18
41	5	3.08780091488734	369	20	0	0	0	9	18
41	7	0.621743268566206	242	16	0	0	0	10	18
41	8	0.867488908581436	261	17	2	0	0	11	18
42	1	1.97423612466082	169	16	1	0	0	1	18
42	3	0.710822512861341	169	18	0	0	0	2	18
42	4	0.0998342130333185	258	19	0	0	0	3	18
42	5	3.69221891299821	280	18	0	0	0	4	18
42	8	0.898962582927197	186	18	0	0	0	5	18
42	8	7.23976775887422	207	18	0	0	0	6	18
42	9	5.44642044208013	189	56	2	0	0	7	18
43	1	2.99173800600693	144	18	1	0	0	1	18
43	2	4.05132983531803	210	19	0	0	0	2	18
43	4	0.90409125527367	223	20	0	0	0	3	18
43	5	0.310490813339129	380	17	0	0	0	4	18
43	6	3.21690910658799	226	19	0	0	0	5	18
43	8	0.0870532386470586	197	14	0	0	0	6	18
43	8	4.59757400467061	208	52	2	0	0	7	18
44	1	2.48973487969488	138	16	1	0	0	1	18
44	2	4.18926434568129	211	17	0	0	0	2	18
44	3	5.14900796348229	224	19	0	0	0	3	18
44	4	6.57711124466732	260	15	0	0	0	4	18
44	4	4.4853742569685	242	18	0	0	0	5	18
44	6	2.86676567210816	199	21	0	0	0	6	18
44	6	10.4504786694888	229	18	0	0	0	7	18
44	7	4.38571010809392	229	20	0	0	0	8	18
44	9	1.10883371881209	184	15	2	0	0	9	18
45	1	6.61161204543896	149	13	1	0	0	1	18
45	1	8.80582065926865	130	15	0	0	0	2	18
45	1	4.32609487953596	168	19	0	0	0	3	18
45	2	2.69741208618507	247	18	0	0	0	4	18
45	4	1.63623312301934	310	17	0	0	0	5	18
45	5	3.58492260123603	290	19	0	0	0	6	18
45	6	2.58460691547953	338	25	2	0	0	7	18
46	1	3.94266233011149	172	14	1	0	0	1	18
46	2	1.2567031015642	192	19	0	0	0	2	18
46	3	6.11651941132732	293	12	0	0	0	3	18
46	3	2.86785266315565	166	20	0	0	0	4	18
46	5	0.491480552591383	235	33	0	0	0	5	18
46	6	3.70835845754482	331	22	0	0	0	6	18
46	8	5.16615421511233	281	54	2	0	0	7	18
47	1	3.18119019758888	149	16	1	0	0	1	18
47	2	3.40817433525808	278	20	0	0	0	2	18
47	3	4.73494656011462	301	18	0	0	0	3	18
47	4	3.57909543486312	246	21	0	0	0	4	18
47	6	6.24257895513438	281	22	0	0	0	5	18
47	8	3.63107377057895	187	17	2	0	0	6	18
48	2	0.567990235285833	167	16	1	0	0	1	18
48	2	5.75358316698112	198	18	0	0	0	2	18
48	4	1.89357286761515	204	13	0	0	0	3	18
48	3	4.10024267202243	304	19	0	0	0	4	18
48	5	0.960943073499948	229	18	0	0	0	5	18
48	5	7.90778865944594	224	21	0	0	0	6	18
48	8	1.96040336834267	203	14	2	0	0	7	18
49	1	3.85359242069535	159	19	1	0	0	1	18
49	2	5.98349209758453	356	17	0	0	0	2	18
49	1	3.38125358871184	362	19	0	0	0	3	18
49	2	6.49967887438834	207	12	0	0	0	4	18
49	2	3.69636406982318	429	17	0	0	0	5	18
49	3	2.17210185946897	375	18	0	0	0	6	18
49	4	3.99402847001329	356	20	0	0	0	7	18
49	5	2.26227297680452	452	18	0	0	0	8	18
49	6	1.47626169561408	326	16	0	0	0	9	18
49	7	3.36876907991245	249	19	0	0	0	10	18
49	8	7.48388966941275	785	49	2	0	0	11	18
50	1	3.16812819312327	143	17	1	0	0	1	18
50	2	4.25867937342264	419	18	0	0	0	2	18
50	3	4.87055871053599	346	17	0	0	0	3	18
50	4	3.97857813700102	216	17	0	0	0	4	18
50	6	2.7373920136597	255	19	0	0	0	5	18
50	7	6.65165829425678	206	19	0	0	0	6	18
50	9	1.6733829441946	144	13	2	0	0	7	18
51	1	1.7163610374555	156	15	1	0	0	1	18
51	2	1.94590524118394	237	18	0	0	0	2	18
51	3	3.97946219239384	273	17	0	0	0	3	18
51	4	2.67460800916888	293	18	0	0	0	4	18
51	6	0.737892071017995	248	18	0	0	0	5	18
51	8	1.57123022060841	216	23	0	0	0	6	18
51	9	4.9822862201836	277	21	0	0	0	7	18
51	11	0.923164916224778	180	13	2	0	0	8	18
52	1	2.40441018808633	140	17	1	0	0	1	18
52	2	4.977646518033	279	18	0	0	0	2	18
52	3	3.61432390962727	397	16	0	0	0	3	18
52	4	1.44031688454561	288	22	0	0	0	4	18
52	6	2.58736664918251	154	15	2	0	0	5	18
53	1	1.21220651594922	207	17	1	0	0	1	18
53	2	3.05736700375564	314	15	0	0	0	2	18
53	2	0.926556907594204	218	21	0	0	0	3	18
53	4	1.6230856559705	222	17	0	0	0	4	18
53	5	7.88561088289134	215	12	0	0	0	5	18
53	5	4.43686246918514	241	16	0	0	0	6	18
53	5	7.38581944047473	249	23	0	0	0	7	18
53	7	1.69150688359514	151	12	0	0	0	8	18
53	6	4.59693104005419	168	19	0	0	0	9	18
53	8	4.14320195489563	248	19	0	0	0	10	18
53	9	4.41955908597447	321	56	0	0	0	11	18
53	9	7.8302521284204	122	13	2	0	0	12	18
54	1	3.92654032725841	179	16	1	0	0	1	18
54	2	4.94562305766158	153	15	0	0	0	2	18
54	2	1.22569274669513	244	19	0	0	0	3	18
54	3	4.99404908297583	264	17	0	0	0	4	18
54	4	3.62179193133488	259	17	0	0	0	5	18
54	5	2.10869100946002	318	17	0	0	0	6	18
54	6	5.48949331743643	191	19	0	0	0	7	18
54	7	6.23197895335034	177	15	0	0	0	8	18
54	8	3.34021532279439	365	50	2	0	0	9	18
55	1	2.52186142560095	229	18	1	0	0	1	18
55	3	1.67425338714384	186	16	0	0	0	2	18
55	2	0.815300525864586	301	20	0	0	0	3	18
55	3	6.95457376190461	228	18	0	0	0	4	18
55	6	0.701231453102082	174	14	0	0	0	5	18
55	4	5.9946715014521	203	18	0	0	0	6	18
55	6	3.75377404736355	194	18	0	0	0	7	18
55	8	5.94785952940583	169	16	0	0	0	8	18
55	8	1.46118756360374	238	18	0	0	0	9	18
55	9	4.70338684716262	156	48	2	0	0	10	18
56	1	1.27085365355015	156	13	1	0	0	1	18
56	2	0.652441557962447	283	21	0	0	0	2	18
56	4	0.130381188122556	145	14	0	0	0	3	18
56	3	1.59863504045643	247	20	0	0	0	4	18
56	5	3.54595450591296	254	16	0	0	0	5	18
56	6	3.24432236817665	197	18	2	0	0	6	18
57	1	2.65263684513047	149	18	1	0	0	1	18
57	2	4.53955048369244	221	19	0	0	0	2	18
57	3	6.90363769046962	163	12	0	0	0	3	18
57	3	4.27627727924846	315	16	0	0	0	4	18
57	5	1.84916461259127	199	15	0	0	0	5	18
57	6	3.02531089656986	237	16	0	0	0	6	18
57	7	7.15069619030692	249	15	0	0	0	7	18
57	7	2.50239011854865	151	61	2	0	0	8	18
58	1	4.34517557104118	177	16	1	0	0	1	18
58	2	3.93513357033953	250	17	0	0	0	2	18
58	4	1.54864021157846	229	20	0	0	0	3	18
58	5	3.38894419977441	365	19	0	0	0	4	18
58	7	5.46682515414432	406	19	0	0	0	5	18
58	9	1.08593399194069	310	19	0	0	0	6	18
58	10	3.65783710987307	292	51	2	0	0	7	18
59	1	2.46921228198335	178	19	1	0	0	1	18
59	3	0.327785417437553	147	35	0	0	0	2	18
59	1	2.74540843372233	328	32	0	0	0	3	18
59	3	2.15290262619965	209	30	0	0	0	4	18
59	5	0.597852954175323	150	14	0	0	0	5	18
59	4	0.255660850554705	217	18	0	0	0	6	18
59	6	1.80507441144437	317	19	0	0	0	7	18
59	8	2.71786590665579	172	14	2	0	0	8	18
60	1	2.43181017437018	147	14	1	0	0	1	18
60	2	3.34175492194481	243	18	0	0	0	2	18
60	4	3.0703389022965	220	12	0	0	0	3	18
60	4	0.716284897411242	139	21	0	0	0	4	18
60	5	3.48498014896177	248	19	0	0	0	5	18
60	7	5.89754401380196	247	18	0	0	0	6	18
60	8	4.35313078016043	201	17	2	0	0	7	18
61	1	2.09903663629666	311	18	1	0	0	1	18
61	2	4.89537442219444	250	18	0	0	0	2	18
61	3	3.28911359328777	549	17	0	0	0	3	18
61	4	4.59858677210286	234	24	0	0	0	4	18
61	6	2.48543839086778	235	14	2	0	0	5	18
62	1	2.19012986798771	143	16	1	0	0	1	18
62	2	2.46391181647778	206	17	0	0	0	2	18
62	3	4.71840999694541	135	12	0	0	0	3	18
62	3	3.6191663518548	247	17	0	0	0	4	18
62	4	3.01525040250272	220	19	0	0	0	5	18
62	3	2.88548244070262	342	17	0	0	0	6	18
62	4	4.3145744712092	218	17	0	0	0	7	18
62	6	0.402960800100118	286	18	0	0	0	8	18
62	7	1.39736904203892	195	16	2	0	0	9	18
63	1	3.9097963324748	149	13	1	0	0	1	18
63	2	3.50850509828888	271	18	0	0	0	2	18
63	3	3.15156777645461	292	18	0	0	0	3	18
63	4	4.83504254370928	221	16	0	0	0	4	18
63	5	4.72598398989066	246	17	0	0	0	5	18
63	7	1.38874442665838	301	18	0	0	0	6	18
63	8	4.36292348825373	174	16	0	0	0	7	18
63	9	2.4668224377092	212	31	2	0	0	8	18
64	1	1.80493981624022	247	17	1	0	0	1	18
64	2	3.12047092127614	137	17	0	0	0	2	18
64	1	1.07992931082845	549	17	0	0	0	3	18
64	2	5.08658419572748	169	13	0	0	0	4	18
64	2	2.7316907888744	364	19	0	0	0	5	18
64	3	1.68144556554034	289	17	0	0	0	6	18
64	4	1.24820160982199	246	19	0	0	0	7	18
64	6	1.28866386367008	236	18	0	0	0	8	18
64	7	5.86670236196369	189	19	0	0	0	9	18
64	8	4.16602786025032	254	19	0	0	0	10	18
64	9	3.10833945986815	300	18	2	0	0	11	18
65	1	3.81781120807864	149	14	1	0	0	1	18
65	2	1.69806874776259	209	18	0	0	0	2	18
65	3	5.36216056603007	247	19	0	0	0	3	18
65	4	5.91327545046806	237	17	0	0	0	4	18
65	5	5.82884257123806	247	16	0	0	0	5	18
65	7	2.99152557854541	252	21	0	0	0	6	18
65	10	0.951137322001159	230	17	2	0	0	7	18
66	1	1.76120580662973	207	20	1	0	0	1	18
66	3	4.78777662618086	162	16	0	0	0	2	18
66	2	2.34238576493226	143	13	0	0	0	3	18
66	2	0.884586040629074	269	18	0	0	0	4	18
66	3	5.20439897431061	203	14	0	0	0	5	18
66	3	0.128415287239477	257	20	0	0	0	6	18
66	4	5.27293751738034	147	16	0	0	0	7	18
66	5	2.3776688342914	229	19	0	0	0	8	18
66	7	0.388912864029408	245	18	0	0	0	9	18
66	8	1.58727545454167	199	22	0	0	0	10	18
66	10	2.44424264808185	297	16	2	0	0	11	18
67	1	3.71527695981786	146	19	1	0	0	1	18
67	2	3.62250721198507	287	15	0	0	0	2	18
67	2	1.61119365529157	162	20	0	0	0	3	18
67	3	3.20641775848344	282	18	0	0	0	4	18
67	4	4.96493581170216	285	21	0	0	0	5	18
67	6	2.54135825904086	247	16	2	0	0	6	18
68	1	3.94384530652314	156	14	1	0	0	1	18
68	2	1.29471791326068	213	18	0	0	0	2	18
68	3	4.44526046980172	180	25	0	0	0	3	18
68	5	0.174624283565208	188	15	0	0	0	4	18
68	4	1.83030292182229	208	19	0	0	0	5	18
68	6	4.12691983091645	346	18	0	0	0	6	18
68	7	5.00994308292866	249	23	0	0	0	7	18
68	8	2.57159399543889	278	47	2	0	0	8	18
70	1	4.17566073290072	386	19	1	0	0	1	18
70	3	2.8978534382768	367	19	0	0	0	2	18
70	4	3.86795718409121	450	19	0	0	0	3	18
70	5	8.06507341563702	132	15	0	0	0	4	18
70	5	3.03467371780425	268	15	0	0	0	5	18
70	5	7.90422415873036	216	12	0	0	0	6	18
70	5	4.47897503827699	190	18	0	0	0	7	18
70	6	4.65998032223433	282	18	0	0	0	8	18
70	7	5.0966429177206	227	18	0	0	0	9	18
70	9	1.1189194645267	191	16	0	0	0	10	18
70	9	5.18468031915836	827	50	2	0	0	11	18
71	1	2.2667824558448	155	12	1	0	0	1	18
71	2	0.759963776916265	149	17	0	0	0	2	18
71	3	0.136170382844284	190	16	0	0	0	3	18
71	3	6.15742714726366	395	12	0	0	0	4	18
71	3	3.05773095134646	188	16	0	0	0	5	18
71	4	3.00217105471529	297	27	0	0	0	6	18
71	5	3.21700409962796	172	17	0	0	0	7	18
71	7	1.18523176317103	256	17	0	0	0	8	18
71	8	4.36416989774443	345	20	0	0	0	9	18
71	10	3.15474488842301	438	17	0	0	0	10	18
71	11	4.92502707988024	104	48	2	0	0	11	18
72	1	2.56023282138631	154	14	1	0	0	1	18
72	2	0.654361316701397	172	17	0	0	0	2	18
72	3	0.796865125885233	255	17	0	0	0	3	18
72	4	1.63397216144949	235	21	0	0	0	4	18
72	6	1.62798880622722	276	17	0	0	0	5	18
72	7	2.86664186511189	308	20	2	0	0	6	18
73	1	1.87665775232017	160	16	1	0	0	1	18
73	2	2.13309630914591	205	18	0	0	0	2	18
73	3	2.31117800227366	289	17	0	0	0	3	18
73	5	1.90609085117467	321	15	0	0	0	4	18
73	4	1.15187821839936	197	20	0	0	0	5	18
73	6	1.02053677639924	217	18	0	0	0	6	18
73	8	0.661674407543615	324	21	0	0	0	7	18
73	9	6.26655742013827	145	14	0	0	0	8	18
73	9	4.86536974390037	195	19	0	0	0	9	18
73	10	6.4743034101557	319	49	2	0	0	10	18
75	1	3.59657248528674	141	17	1	0	0	1	18
75	2	3.13722960767336	213	30	0	0	0	2	18
75	3	5.24809618317522	160	13	0	0	0	3	18
75	3	3.27021578396671	314	17	0	0	0	4	18
75	4	3.58654551790096	287	20	0	0	0	5	18
75	5	4.0323601111304	428	21	0	0	0	6	18
75	7	1.35107994591817	384	54	2	0	0	7	18
76	1	2.41669380641542	149	16	1	0	0	1	18
76	2	3.59719874407165	196	17	0	0	0	2	18
76	4	0.31852113478817	163	12	0	0	0	3	18
76	3	1.98061057389714	186	20	0	0	0	4	18
76	5	4.86970079829916	221	19	0	0	0	5	18
76	6	6.73325954913162	354	32	0	0	0	6	18
76	7	1.5129898826126	306	20	0	0	0	7	18
76	8	3.15568279055879	244	13	0	0	0	8	18
76	9	3.24476053006947	115	39	2	0	0	9	18
77	1	2.67894111899659	168	14	1	0	0	1	18
77	2	0.659644496394321	252	20	0	0	0	2	18
77	3	2.36926743201911	311	18	0	0	0	3	18
77	4	5.82350548007526	432	16	0	0	0	4	18
77	5	2.44926643371582	275	20	0	0	0	5	18
77	7	4.64227456483059	250	16	2	0	0	6	18
78	1	2.56896988698281	144	16	1	0	0	1	18
78	2	3.67024159361608	216	19	0	0	0	2	18
78	3	3.7580327980686	319	18	0	0	0	3	18
78	4	4.96847452362999	175	18	0	0	0	4	18
78	6	0.922147523146123	304	18	0	0	0	5	18
78	8	0.996742146788165	275	22	0	0	0	6	18
78	10	0.114281121641397	205	15	0	0	0	7	18
78	10	4.44420440052636	106	43	2	0	0	8	18
79	1	1.42735701124184	145	17	1	0	0	1	18
79	2	1.82261652941816	277	17	0	0	0	2	18
79	3	2.7231946925167	208	18	0	0	0	3	18
79	4	3.22056934912689	272	16	0	0	0	4	18
79	6	1.03938693949021	241	19	0	0	0	5	18
79	8	2.15608118195087	339	21	0	0	0	6	18
79	9	3.08358914358541	239	18	0	0	0	7	18
79	10	3.39004323119298	378	41	2	0	0	8	18
80	1	2.71121032861993	143	17	1	0	0	1	18
80	2	4.6157038139645	296	12	0	0	0	2	18
80	2	0.582181331003085	224	20	0	0	0	3	18
80	3	3.72956110467203	267	19	0	0	0	4	18
80	5	1.70314561692066	507	21	0	0	0	5	18
80	6	4.53813940775581	347	17	0	0	0	6	18
80	7	2.32382555608638	257	16	0	0	0	7	18
80	8	3.31491441791877	284	20	0	0	0	8	18
80	9	5.27840581559576	398	23	2	0	0	9	18
81	1	1.29206467256881	203	17	1	0	0	1	18
81	2	3.7882368543651	370	18	0	0	0	2	18
81	3	3.96144930203445	312	20	0	0	0	3	18
81	4	1.40132533130236	417	18	0	0	0	4	18
81	6	1.62361211632378	214	16	0	0	0	5	18
81	4	2.34503309894353	409	24	0	0	0	6	18
81	7	6.95664842636324	145	12	0	0	0	7	18
81	7	4.31252384278923	174	17	0	0	0	8	18
81	8	4.55293804989196	207	49	2	0	0	9	18
82	1	2.06861445331015	142	17	1	0	0	1	18
82	2	3.4159838645719	219	21	0	0	0	2	18
82	3	4.31341061205603	189	20	0	0	0	3	18
82	2	4.49823857354932	279	24	0	0	0	4	18
82	3	13.9850157431792	220	17	0	0	0	5	18
82	5	3.72941571823321	175	18	0	0	0	6	18
82	7	2.00537030957639	279	19	0	0	0	7	18
82	8	3.24622140661813	240	19	0	0	0	8	18
82	9	4.42215549107641	393	44	2	0	0	9	18
83	1	3.46450871159323	441	17	1	0	0	1	18
83	2	6.6148595539853	211	17	0	0	0	2	18
83	3	4.10268830391578	180	18	0	0	0	3	18
83	4	6.87316998513415	306	19	0	0	0	4	18
83	5	7.77047778549604	313	17	0	0	0	5	18
83	7	1.08004303323105	222	19	0	0	0	6	18
83	8	6.03223034529947	206	18	2	0	0	7	18
84	1	1.35622337507084	270	17	1	0	0	1	18
84	2	3.83355895685963	161	16	0	0	0	2	18
84	1	4.15212236135267	232	19	0	0	0	3	18
84	3	3.79834180884063	185	17	0	0	0	4	18
84	4	4.88027215586044	163	15	0	0	0	5	18
84	4	0.375601032981649	157	15	0	0	0	6	18
84	4	4.32040365622379	143	18	0	0	0	7	18
84	5	6.7480752049014	247	33	0	0	0	8	18
84	7	3.26275891275145	207	14	0	0	0	9	18
84	6	2.28166069742292	233	20	0	0	0	10	18
84	8	4.33961745188572	606	18	0	0	0	11	18
84	7	0.373228465206921	318	23	0	0	0	12	18
84	4	5.01498160837218	301	15	0	0	0	13	18
84	5	4.58602531836368	176	17	0	0	0	14	18
84	6	3.76733289286494	262	23	0	0	0	15	18
84	9	1.58916007215157	275	16	0	0	0	16	18
84	10	1.31649205926806	173	44	2	0	0	17	18
85	1	3.12987941713072	146	15	1	0	0	1	18
85	2	2.91409455728717	223	21	0	0	0	2	18
85	3	4.08493968145922	178	17	0	0	0	3	18
85	2	6.93706291355193	304	18	0	0	0	4	18
85	3	6.94393571326509	254	17	0	0	0	5	18
85	5	0.527944814180955	339	25	0	0	0	6	18
85	2	4.56878602784127	288	15	0	0	0	7	18
85	2	6.03155190590769	293	22	0	0	0	8	18
85	6	0.932126599131152	212	17	0	0	0	9	18
85	7	0.715217573102564	277	19	0	0	0	10	18
85	8	2.81499758432619	273	17	0	0	0	11	18
85	9	2.10029571643099	148	64	0	0	0	12	18
85	9	7.08902474213392	275	12	2	0	0	13	18
86	1	3.68827495560981	145	15	1	0	0	1	18
86	2	2.89545464282855	192	19	0	0	0	2	18
86	3	4.37672548973933	175	13	0	0	0	3	18
86	3	0.989848384866491	198	20	0	0	0	4	18
86	4	6.58051704848185	170	13	0	0	0	5	18
86	4	3.37404887471348	184	20	0	0	0	6	18
86	6	1.02748379460536	167	14	0	0	0	7	18
86	5	0.874150766991079	176	38	0	0	0	8	18
86	8	4.68937622290105	174	15	2	0	0	9	18
87	1	2.49735139240511	167	14	1	0	0	1	18
87	2	1.41691830847412	243	16	0	0	0	2	18
87	2	4.94676524889655	318	17	0	0	0	3	18
87	3	4.00116092176177	425	19	0	0	0	4	18
87	4	3.73840799136087	289	21	0	0	0	5	18
87	7	0.211109797703102	195	15	2	0	0	6	18
88	1	1.48058900842443	135	17	1	0	0	1	18
88	2	3.9559873493854	217	18	0	0	0	2	18
88	3	4.04548529163003	373	19	0	0	0	3	18
88	4	2.3666839224752	308	19	0	0	0	4	18
88	6	0.265483081806451	273	16	0	0	0	5	18
88	6	5.14611715706997	140	15	0	0	0	6	18
88	7	2.76253030519001	222	18	0	0	0	7	18
88	9	1.46968719363213	220	16	2	0	0	8	18
89	1	1.5879429706838	142	17	1	0	0	1	18
89	2	3.53191131865606	257	20	0	0	0	2	18
89	3	6.36106362077408	174	16	0	0	0	3	18
89	4	3.66122828074731	242	18	0	0	0	4	18
89	3	3.74032618897036	324	21	0	0	0	5	18
89	5	1.4101573699154	278	18	0	0	0	6	18
89	6	6.39363771863282	443	18	0	0	0	7	18
89	7	0.106036372249946	274	20	0	0	0	8	18
89	8	5.40611732169054	222	44	2	0	0	9	18
90	1	2.9629363224376	150	14	1	0	0	1	18
90	2	0.995825226651505	240	13	0	0	0	2	18
90	1	3.0480267140083	156	18	0	0	0	3	18
90	3	3.07328849588521	307	21	0	0	0	4	18
90	4	0.529963114531711	273	18	0	0	0	5	18
90	5	4.83145269472152	226	20	0	0	0	6	18
90	7	2.38344730134122	473	17	0	0	0	7	18
90	8	0.605264623882249	478	50	2	0	0	8	18
92	1	2.64178575458936	145	16	1	0	0	1	18
92	2	3.93423562007956	249	18	0	0	0	2	18
92	3	5.38242117175832	156	17	0	0	0	3	18
92	4	4.93989184359089	215	19	0	0	0	4	18
92	5	4.81832206319086	268	20	0	0	0	5	18
92	7	0.787177972262725	270	19	0	0	0	6	18
92	8	3.43750524451025	189	30	0	0	0	7	18
92	9	5.00002696202137	214	16	0	0	0	8	18
92	10	6.04461837233976	222	47	2	0	0	9	18
93	1	3.92724319780245	147	16	1	0	0	1	18
93	2	2.60600312310271	231	19	0	0	0	2	18
93	3	3.3143370624166	339	20	0	0	0	3	18
93	2	3.45890226797201	244	21	0	0	0	4	18
93	4	2.94765298487619	275	19	0	0	0	5	18
93	5	8.0051466722507	165	22	0	0	0	6	18
93	4	4.80374245112762	239	25	0	0	0	7	18
93	6	4.95543799037114	128	15	0	0	0	8	18
93	6	2.09437884273939	221	31	0	0	0	9	18
93	7	5.86088820802979	291	21	0	0	0	10	18
93	8	4.09654230601154	451	39	2	0	0	11	18
96	1	2.56483699125238	147	17	1	0	0	1	18
96	2	2.46205847058445	165	16	0	0	0	2	18
96	3	4.22141601610929	182	20	0	0	0	3	18
96	5	2.05649080988951	146	14	0	0	0	4	18
96	4	3.52295403066091	156	23	0	0	0	5	18
96	8	0.808354889275506	213	16	0	0	0	6	18
96	8	5.04450575145893	175	20	0	0	0	7	18
96	11	0.862937455996871	184	13	2	0	0	8	18
97	1	1.76487543387339	148	14	1	0	0	1	18
97	2	1.69692211272195	223	19	0	0	0	2	18
97	3	4.45181818655692	279	20	0	0	0	3	18
97	4	4.17569124745205	268	19	0	0	0	4	18
97	6	2.00617266795598	243	13	0	0	0	5	18
97	5	2.81575837917626	211	15	0	0	0	6	18
97	6	2.44521928881295	120	18	0	0	0	7	18
97	8	3.20734043978155	176	14	2	0	0	8	18
98	1	2.44272953993641	142	15	1	0	0	1	18
98	2	3.74625353538431	297	22	0	0	0	2	18
98	3	3.33499780297279	317	20	0	0	0	3	18
98	5	1.73543391516432	288	19	0	0	0	4	18
98	6	3.3826877665706	227	21	0	0	0	5	18
98	5	0.726698293583468	295	21	0	0	0	6	18
98	6	3.19822281575762	283	20	0	0	0	7	18
98	8	1.06516721774824	233	21	0	0	0	8	18
98	10	3.27440835954621	297	49	2	0	0	9	18
100	1	3.87785432022065	138	16	1	0	0	1	18
100	2	4.13888802775182	296	18	0	0	0	2	18
100	3	6.97925109835342	183	13	0	0	0	3	18
100	3	4.72678777691908	231	30	0	0	0	4	18
100	5	3.19513446139172	273	22	0	0	0	5	18
100	6	6.06276829447597	298	22	0	0	0	6	18
100	8	4.45853130123578	299	20	0	0	0	7	18
100	9	7.05740374908783	219	16	0	0	0	8	18
100	10	3.40469216252677	178	45	2	0	0	9	18
101	1	2.91672200057656	152	17	1	0	0	1	18
101	2	3.79131514858454	349	19	0	0	0	2	18
101	3	4.83842229470611	257	18	0	0	0	3	18
101	5	3.32220722804777	308	19	0	0	0	4	18
101	6	5.97229241859168	297	18	0	0	0	5	18
101	8	1.42806202266365	286	18	0	0	0	6	18
101	9	3.84721498657018	388	50	0	0	0	7	18
101	10	5.23984466562979	430	13	2	0	0	8	18
102	1	2.04028945253231	148	14	1	0	0	1	18
102	2	2.73572391667403	196	18	0	0	0	2	18
102	3	2.16066898335703	321	20	0	0	0	3	18
102	5	2.25153815560043	386	20	0	0	0	4	18
102	6	1.51675183605403	286	18	0	0	0	5	18
102	7	3.11826419294812	238	19	0	0	0	6	18
102	8	6.02396877645515	167	17	0	0	0	7	18
102	9	3.85665896139108	160	50	2	0	0	8	18
104	1	1.38550703600049	200	16	1	0	0	1	18
104	2	4.15412264480256	391	17	0	0	0	2	18
104	3	0.961157366167754	215	17	0	0	0	3	18
104	4	5.43278092611581	248	20	0	0	0	4	18
104	6	2.97081114607863	210	13	0	0	0	5	18
104	5	2.62391545274295	163	20	0	0	0	6	18
104	4	5.30949293775484	280	20	0	0	0	7	18
104	6	2.14345131348819	149	20	0	0	0	8	18
104	7	8.93808882776648	193	22	0	0	0	9	18
104	9	3.89469790784642	189	13	0	0	0	10	18
104	9	1.88022576994263	170	53	2	0	0	11	18
105	1	1.58479983662255	214	18	1	0	0	1	18
105	2	4.87333674589172	205	16	0	0	0	2	18
105	1	3.6022199683357	270	18	0	0	0	3	18
105	3	1.33254434587434	210	20	0	0	0	4	18
105	1	1.41524451994337	382	19	0	0	0	5	18
105	3	1.92218803218566	278	18	0	0	0	6	18
105	4	0.866201756987721	372	17	0	0	0	7	18
105	5	1.26008083694614	324	19	0	0	0	8	18
105	7	0.884782252833247	294	32	2	0	0	9	18
106	1	2.30487997760065	121	17	1	0	0	1	18
106	2	4.0896762565244	473	15	0	0	0	2	18
106	2	0.733372849645093	229	18	0	0	0	3	18
106	2	8.34114026767202	193	15	0	0	0	4	18
106	2	4.20421369303949	265	19	0	0	0	5	18
106	3	2.79925345210359	289	18	0	0	0	6	18
106	4	2.87074153567664	267	18	0	0	0	7	18
106	6	1.39947806391865	183	13	2	0	0	8	18
107	1	3.91637896443717	142	15	1	0	0	1	18
107	2	3.346575088799	294	12	0	0	0	2	18
107	2	1.50021799537353	176	19	0	0	0	3	18
107	3	3.45406029326841	259	30	0	0	0	4	18
107	5	1.48626313032582	155	15	0	0	0	5	18
107	4	1.19703665678389	199	22	0	0	0	6	18
107	6	4.49372338084504	384	18	0	0	0	7	18
107	8	0.1791175538674	230	35	0	0	0	8	18
107	10	1.43224664172158	192	15	2	0	0	9	18
108	1	2.75645941821858	147	17	1	0	0	1	18
108	2	2.7551356733311	220	33	0	0	0	2	18
108	3	4.33673334191553	263	18	0	0	0	3	18
108	4	5.32953759189695	283	19	0	0	0	4	18
108	6	2.82658110163175	263	14	0	0	0	5	18
108	5	1.73528359644115	200	18	0	0	0	6	18
108	4	4.66700520855375	170	26	0	0	0	7	18
108	9	3.83772079646587	178	17	2	0	0	8	18
109	1	3.81543569942005	228	18	1	0	0	1	18
109	2	6.38181947288103	186	16	0	0	0	2	18
109	2	2.44499786198139	183	13	0	0	0	3	18
109	1	3.2185344947502	185	34	0	0	0	4	18
109	3	1.49260011548176	223	19	0	0	0	5	18
109	4	3.34142326726578	151	12	0	0	0	6	18
109	4	1.08767554257065	171	19	0	0	0	7	18
109	6	0.0026860237121582	288	21	0	0	0	8	18
109	7	3.65926344739273	160	13	0	0	0	9	18
109	7	1.73562219599262	154	20	0	0	0	10	18
109	9	4.70573969441466	435	50	2	0	0	11	18
110	2	0.986264401581138	179	17	1	0	0	1	18
110	2	5.78921526903287	248	17	0	0	0	2	18
110	3	4.97248863056302	301	16	0	0	0	3	18
110	4	3.77042167168111	280	15	0	0	0	4	18
110	5	2.53851878037676	234	19	0	0	0	5	18
110	3	3.82035861141048	328	20	0	0	0	6	18
110	5	3.62473900080658	205	18	0	0	0	7	18
110	7	2.68486670264974	331	21	0	0	0	8	18
110	8	3.39620151929557	239	22	0	0	0	9	18
110	10	4.29679293837398	221	17	2	0	0	10	18
111	1	1.21092735719867	154	18	1	0	0	1	18
111	2	3.48502961569466	197	18	0	0	0	2	18
111	2	13.4500138498843	325	16	0	0	0	3	18
111	3	4.80152929038741	177	18	0	0	0	4	18
111	5	1.83922773832455	181	12	0	0	0	5	18
111	4	2.9846338883508	166	17	0	0	0	6	18
111	6	0.636780065484345	203	17	0	0	0	7	18
111	6	7.31285350490361	161	16	0	0	0	8	18
111	8	1.28074577264488	269	31	0	0	0	9	18
111	9	3.01777464011684	163	19	2	0	0	10	18
112	1	1.67773230839521	152	17	1	0	0	1	18
112	2	3.67791646160185	225	32	0	0	0	2	18
112	3	3.51859793206677	300	17	0	0	0	3	18
112	4	3.15520794014446	240	21	0	0	0	4	18
112	6	2.29420585255139	280	19	0	0	0	5	18
112	8	0.906333756865934	257	19	0	0	0	6	18
112	9	2.73277245974168	559	50	0	0	0	7	18
112	9	11.5542085352354	543	12	2	0	0	8	18
113	1	2.80253895418718	231	19	1	0	0	1	18
113	3	3.60319845215417	181	15	0	0	0	2	18
113	3	0.0970497394446284	201	30	0	0	0	3	18
113	4	2.52747002546676	180	31	0	0	0	4	18
113	5	5.33954247715883	254	20	0	0	0	5	18
113	7	1.35623779078014	305	16	2	0	0	6	18
