1	1	2.49440571432933	151	12	1	0	0	1	21
1	2	0.738890069769695	116	17	0	0	0	2	21
1	3	3.65796432038769	319	19	0	0	0	3	21
1	4	1.59957628068514	181	19	0	0	0	4	21
1	3	3.75187168177217	511	16	0	0	0	5	21
1	2	0.709178782301024	228	14	0	0	0	6	21
1	3	0.359066763427109	208	15	0	0	0	7	21
1	3	4.92640818911605	263	13	0	0	0	8	21
1	3	8.5166223347187	144	16	0	0	0	9	21
1	4	4.80277969222516	360	16	0	0	0	10	21
1	6	5.04602385102771	174	13	0	0	0	11	21
1	6	2.83764170319773	158	19	0	0	0	12	21
1	8	0.254562705755234	214	17	0	0	0	13	21
1	9	5.61131097073667	196	16	0	0	0	14	21
1	10	5.94342798157595	172	18	0	0	0	15	21
1	11	3.16572777251713	546	48	2	0	0	16	21
2	1	2.2743866732344	153	17	1	0	0	1	21
2	3	1.21584768686444	138	16	0	0	0	2	21
2	3	5.28833946143277	347	18	0	0	0	3	21
2	4	5.13244247343391	306	19	0	0	0	4	21
2	6	2.79132196470164	190	17	0	0	0	5	21
2	5	1.26273574400693	221	19	0	0	0	6	21
2	7	2.80086620664224	219	15	0	0	0	7	21
2	8	1.36780947190709	208	15	0	0	0	8	21
2	9	0.342773305252194	249	12	2	0	0	9	21
3	1	2.80064521706663	142	17	1	0	0	1	21
3	2	4.53319110209122	359	16	0	0	0	2	21
3	3	4.49195067305118	154	15	0	0	0	3	21
3	4	3.47656518942676	230	15	0	0	0	4	21
3	6	0.31623632600531	151	12	0	0	0	5	21
3	5	1.25974772660993	160	18	0	0	0	6	21
3	6	5.83660421124659	208	15	0	0	0	7	21
3	8	0.805999964708462	242	18	0	0	0	8	21
3	9	2.34903293731622	326	15	0	0	0	9	21
3	10	2.91635602456518	300	13	0	0	0	10	21
3	10	6.74014914478175	757	46	2	0	0	11	21
4	1	2.57040698616765	154	19	1	0	0	1	21
4	2	6.51413032738492	174	15	0	0	0	2	21
4	3	4.22416715952568	175	15	0	0	0	3	21
4	4	5.24935217970051	200	17	0	0	0	4	21
4	5	3.88476016419008	291	14	0	0	0	5	21
4	6	1.0586694048252	221	17	0	0	0	6	21
4	7	4.28383442340419	234	15	0	0	0	7	21
4	8	2.53143316251226	270	47	2	0	0	8	21
5	1	4.10138091235422	319	15	1	0	0	1	21
5	2	1.61154489265755	186	14	0	0	0	2	21
5	2	5.15241868328303	205	15	0	0	0	3	21
5	3	0.937654211651534	225	16	0	0	0	4	21
5	4	1.58886652369983	271	22	0	0	0	5	21
5	5	1.4560312887188	370	16	0	0	0	6	21
5	6	0.130498880287632	403	56	0	0	0	7	21
5	7	7.28091332386248	149	17	2	0	0	8	21
6	2	0.902549044694752	315	14	1	0	0	1	21
6	2	7.86800750158727	152	15	0	0	0	2	21
6	3	5.23418080667034	243	16	0	0	0	3	21
6	4	1.26830824511126	271	18	0	0	0	4	21
6	3	3.14277859800495	446	17	0	0	0	5	21
6	4	1.01836335798725	202	14	0	0	0	6	21
6	5	2.38216768228449	329	18	0	0	0	7	21
6	6	6.98733280762099	168	16	0	0	0	8	21
6	8	0.561985325999558	192	13	2	0	0	9	21
7	2	0.319040337810293	303	17	1	0	0	1	21
7	3	1.60656454320997	189	16	0	0	0	2	21
7	4	2.0087852361612	184	13	0	0	0	3	21
7	5	3.41504947678186	170	18	0	0	0	4	21
7	6	2.78071789140813	280	13	0	0	0	5	21
7	7	0.167817688547075	193	16	0	0	0	6	21
7	7	5.09494944824837	220	19	0	0	0	7	21
7	8	2.14764504111372	254	17	0	0	0	8	21
7	10	2.77723021805286	262	27	2	0	0	9	21
8	1	1.15099633089267	148	17	1	0	0	1	21
8	2	3.28380737034604	152	15	0	0	0	2	21
8	3	3.44555870909244	155	15	0	0	0	3	21
8	4	1.32228833343834	448	15	0	0	0	4	21
8	4	5.92327034869231	223	17	0	0	0	5	21
8	6	2.63187836227007	275	17	0	0	0	6	21
8	7	7.84291215264238	212	15	0	0	0	7	21
8	9	2.89821718004532	210	20	0	0	0	8	21
8	10	3.86397920269519	167	12	2	0	0	9	21
9	1	2.96080159721896	147	17	1	0	0	1	21
9	3	1.78199241636321	148	14	0	0	0	2	21
9	2	3.56544946786016	217	16	0	0	0	3	21
9	3	2.52026474033482	178	16	0	0	0	4	21
9	4	2.48899948550388	213	15	0	0	0	5	21
9	5	1.11119608744048	185	15	0	0	0	6	21
9	6	1.87597061088309	253	18	0	0	0	7	21
9	7	2.88627587538213	728	54	2	0	0	8	21
10	1	1.91252029570751	141	17	1	0	0	1	21
10	2	3.36775323445909	565	19	0	0	0	2	21
10	3	6.05728216422722	160	17	0	0	0	3	21
10	4	3.81432311958633	238	13	0	0	0	4	21
10	5	2.81159178470261	274	15	0	0	0	5	21
10	6	3.13146731629968	233	14	0	0	0	6	21
10	7	1.34837112599052	223	19	0	0	0	7	21
10	8	1.35524382907897	196	16	0	0	0	8	21
10	9	4.49327852088027	168	16	0	0	0	9	21
10	10	4.19616396469064	165	56	2	0	0	10	21
11	1	2.28880287054926	146	15	1	0	0	1	21
11	2	1.06451086164452	158	15	0	0	0	2	21
11	2	6.61257104412653	260	17	0	0	0	3	21
11	3	1.97151811351068	236	17	0	0	0	4	21
11	4	1.38206586474553	190	17	0	0	0	5	21
11	6	0.257964381948113	241	18	0	0	0	6	21
11	7	2.95345925912261	162	18	0	0	0	7	21
11	8	5.90294430428185	215	16	0	0	0	8	21
11	9	5.29108568374068	203	46	2	0	0	9	21
12	1	1.56681487336755	154	14	1	0	0	1	21
12	2	2.33648420032114	181	15	0	0	0	2	21
12	3	1.93576259654947	209	15	0	0	0	3	21
12	4	2.25437988969497	174	16	0	0	0	4	21
12	5	0.765309069072828	281	13	0	0	0	5	21
12	5	4.93990640924312	153	13	0	0	0	6	21
12	6	3.86379447812214	196	16	0	0	0	7	21
12	8	2.48253282299265	164	47	2	0	0	8	21
13	1	3.12587669747882	290	15	1	0	0	1	21
13	3	2.41835749754682	331	17	0	0	0	2	21
13	4	1.539587801788	283	20	0	0	0	3	21
13	3	0.841128550935537	234	12	0	0	0	4	21
13	2	1.5969360016752	171	13	0	0	0	5	21
13	1	3.09140764106996	195	14	0	0	0	6	21
13	2	3.12023160792887	202	19	0	0	0	7	21
13	3	6.20806287997402	194	17	0	0	0	8	21
13	4	4.5132080600597	207	15	0	0	0	9	21
13	5	3.76000874117017	218	18	0	0	0	10	21
13	7	1.53261852473952	246	13	2	0	0	11	21
14	1	4.82343259337358	376	16	1	0	0	1	21
14	2	0.238008043495938	211	14	0	0	0	2	21
14	2	5.22377031226642	263	16	0	0	0	3	21
14	3	2.19661043072119	295	17	0	0	0	4	21
14	5	2.21609883196652	283	17	0	0	0	5	21
14	6	1.30320111988112	249	17	0	0	0	6	21
14	7	2.57183659705333	408	29	2	0	0	7	21
15	1	2.41988208098337	190	12	1	0	0	1	21
15	2	1.37543510575779	133	15	0	0	0	2	21
15	3	3.41436439449899	195	16	0	0	0	3	21
15	4	0.841581537853926	225	16	0	0	0	4	21
15	3	2.01587817398831	261	21	0	0	0	5	21
15	5	0.0227938233874738	216	17	0	0	0	6	21
15	6	1.03242780221626	248	18	0	0	0	7	21
15	7	4.40284308092669	213	17	0	0	0	8	21
15	8	2.33946508471854	294	15	0	0	0	9	21
15	8	6.94066034955904	213	19	0	0	0	10	21
15	9	5.76067360490561	269	52	2	0	0	11	21
16	2	0.530024624662474	387	14	1	0	0	1	21
16	2	6.00158641603775	182	14	0	0	0	2	21
16	2	3.65930211427622	295	17	0	0	0	3	21
16	2	9.40433541592211	229	15	0	0	0	4	21
16	3	2.15116553963162	249	16	0	0	0	5	21
16	4	1.35770669090562	190	24	0	0	0	6	21
16	2	4.65008234744892	295	16	0	0	0	7	21
16	3	2.7296428186819	207	16	0	0	0	8	21
16	4	2.3777722180821	236	17	0	0	0	9	21
16	5	1.94477738090791	312	18	0	0	0	10	21
16	6	3.71809849329293	228	18	0	0	0	11	21
16	6	10.4962368623819	158	50	2	0	0	12	21
17	1	3.02803576504812	146	16	1	0	0	1	21
17	2	5.52436950360425	375	14	0	0	0	2	21
17	3	2.0026230935473	208	16	0	0	0	3	21
17	4	3.50889634946361	243	15	0	0	0	4	21
17	5	3.5658688347321	209	15	0	0	0	5	21
17	6	4.53195054037496	189	16	0	0	0	6	21
17	8	2.9882655129768	249	19	0	0	0	7	21
17	9	3.87679676851258	183	44	2	0	0	8	21
19	1	1.89503037463874	147	14	1	0	0	1	21
19	2	1.17935751588084	204	14	0	0	0	2	21
19	2	6.8311734427698	174	16	0	0	0	3	21
19	3	4.46674123872072	172	18	0	0	0	4	21
19	4	3.84073743596673	160	13	0	0	0	5	21
19	3	6.43030174425803	208	22	0	0	0	6	21
19	5	6.04932710737921	279	17	0	0	0	7	21
19	7	1.42906226427294	205	14	0	0	0	8	21
19	6	4.74741409556009	193	24	0	0	0	9	21
19	10	2.6202345774509	190	13	2	0	0	10	21
20	1	2.14900526893325	296	16	1	0	0	1	21
20	2	5.35426113079302	189	16	0	0	0	2	21
20	3	1.4098757172469	202	16	0	0	0	3	21
20	4	1.06192261888646	289	16	0	0	0	4	21
20	4	9.83803121512756	160	13	0	0	0	5	21
20	5	3.18018665886484	249	24	0	0	0	6	21
20	4	4.0604646790307	305	14	0	0	0	7	21
20	4	8.96277467766777	150	14	0	0	0	8	21
20	5	2.47454214841127	219	14	0	0	0	9	21
20	6	2.73198849381879	204	17	0	0	0	10	21
20	7	5.71890807943419	205	13	0	0	0	11	21
20	7	1.60273103276268	210	15	0	0	0	12	21
20	6	1.45874080085196	223	16	0	0	0	13	21
20	7	2.64352399180643	188	20	0	0	0	14	21
20	9	1.93019477743655	246	46	2	0	0	15	21
22	1	2.57252369006164	145	16	1	0	0	1	21
22	3	0.801190265221521	168	12	0	0	0	2	21
22	2	2.80170111265033	212	32	0	0	0	3	21
22	4	2.81879339949228	269	14	0	0	0	4	21
22	5	0.786248944932595	298	19	0	0	0	5	21
22	6	1.14653108851053	403	17	0	0	0	6	21
22	7	1.35692064254545	155	41	2	0	0	7	21
23	1	2.29042416135781	163	13	1	0	0	1	21
23	2	0.999853702960536	139	16	0	0	0	2	21
23	3	1.1358075926546	220	15	0	0	0	3	21
23	4	1.43448676378466	200	16	0	0	0	4	21
23	5	0.128949431236833	244	20	0	0	0	5	21
23	6	1.93232595571317	290	15	0	0	0	6	21
23	6	6.87757424102165	250	70	2	0	0	7	21
24	1	1.38248036568984	64	15	1	0	0	1	21
24	2	5.61840381310321	161	12	0	0	0	2	21
24	2	2.69038904760964	203	14	0	0	0	3	21
24	3	3.24350422527641	184	17	0	0	0	4	21
24	4	2.59331282251514	239	14	0	0	0	5	21
24	5	4.90057102451101	198	17	0	0	0	6	21
24	6	3.81758182030171	394	19	0	0	0	7	21
24	4	3.50579108367674	197	14	0	0	0	8	21
24	4	0.17109924252145	165	19	0	0	0	9	21
24	6	2.87902544392273	217	13	0	0	0	10	21
24	7	0.111662012524903	203	14	0	0	0	11	21
24	8	0.57270865724422	221	16	0	0	0	12	21
24	9	2.07881970331073	183	18	0	0	0	13	21
24	10	3.00278391921893	371	34	0	0	0	14	21
24	10	8.61683037318289	152	16	2	0	0	15	21
25	1	2.38965624361299	152	17	1	0	0	1	21
25	2	5.37414141814224	156	12	0	0	0	2	21
25	2	2.17538220877759	228	16	0	0	0	3	21
25	3	2.35854928893968	235	16	0	0	0	4	21
25	2	3.15236884634942	165	12	0	0	0	5	21
25	2	2.09887882880867	211	13	0	0	0	6	21
25	2	5.65152012044564	148	14	0	0	0	7	21
25	3	3.56079673697241	296	15	0	0	0	8	21
25	4	2.03859771625139	249	21	0	0	0	9	21
25	5	1.31896198424511	233	14	0	0	0	10	21
25	6	0.239709539571777	206	26	0	0	0	11	21
25	7	3.15865253610536	247	19	0	0	0	12	21
25	8	6.18713660584763	154	13	0	0	0	13	21
25	8	3.52923262072727	211	16	0	0	0	14	21
25	8	10.6236123952549	239	15	0	0	0	15	21
25	8	6.61366883921437	314	49	0	0	0	16	21
25	8	17.9929608213715	139	12	2	0	0	17	21
26	1	2.14104746165685	139	15	1	0	0	1	21
26	2	4.52575686154887	301	17	0	0	0	2	21
26	3	4.38120205560699	178	13	0	0	0	3	21
26	4	4.4183021786157	148	16	0	0	0	4	21
26	5	3.24436213052832	238	15	0	0	0	5	21
26	4	3.46947143157013	153	13	0	0	0	6	21
26	4	0.929644575109705	257	17	0	0	0	7	21
26	5	2.21721364255063	189	16	0	0	0	8	21
26	6	4.31436646729708	247	13	0	0	0	9	21
26	7	1.31505042873323	136	51	2	0	0	10	21
27	1	2.41026961174794	142	18	1	0	0	1	21
27	2	4.25124835805036	204	17	0	0	0	2	21
27	3	2.77691902662627	259	12	0	0	0	3	21
27	4	0.742854729527608	166	15	0	0	0	4	21
27	4	5.96899232151918	280	18	0	0	0	5	21
27	5	2.02000246848911	261	20	0	0	0	6	21
27	4	3.65480463160202	510	19	0	0	0	7	21
27	5	1.58217127737589	217	19	0	0	0	8	21
27	4	4.67310372670181	330	18	0	0	0	9	21
27	5	2.06926434789784	377	12	0	0	0	10	21
27	5	3.7019856874831	280	18	0	0	0	11	21
27	7	3.19592905091122	284	19	2	0	0	12	21
29	1	2.56867711432278	141	16	1	0	0	1	21
29	2	3.79997397586703	202	16	0	0	0	2	21
29	3	1.94800861016847	188	16	0	0	0	3	21
29	4	2.70015451288782	182	14	0	0	0	4	21
29	5	1.21650430373847	194	18	0	0	0	5	21
29	6	2.56767145381309	273	13	0	0	0	6	21
29	7	1.57410384994	256	17	0	0	0	7	21
29	7	6.90536778466776	373	17	0	0	0	8	21
29	8	0.236627277219668	215	42	2	0	0	9	21
30	1	1.55654073273763	141	17	1	0	0	1	21
30	2	5.71858848864213	179	14	0	0	0	2	21
30	3	3.96122130285949	141	15	0	0	0	3	21
30	4	3.1659821709618	162	16	0	0	0	4	21
30	5	2.88408872904256	262	21	0	0	0	5	21
30	3	3.14818397234194	193	13	0	0	0	6	21
30	3	0.344004272948951	189	27	0	0	0	7	21
30	7	0.232547198887914	195	51	2	0	0	8	21
32	1	2.40507419896312	241	17	1	0	0	1	21
32	3	0.232989620883018	427	17	0	0	0	2	21
32	4	2.85080277593806	324	16	0	0	0	3	21
32	5	5.35998589731753	147	14	0	0	0	4	21
32	6	3.67374066682532	430	15	0	0	0	5	21
32	7	1.68860274250619	222	17	0	0	0	6	21
32	8	3.89733339194208	336	19	2	0	0	7	21
33	1	1.55249898787588	302	15	1	0	0	1	21
33	2	0.00796289043501019	506	15	0	0	0	2	21
33	3	1.51904056756757	375	20	0	0	0	3	21
33	1	1.41950975824147	253	16	0	0	0	4	21
33	2	2.85785133414902	165	12	0	0	0	5	21
33	1	4.19041469250806	153	18	0	0	0	6	21
33	4	1.25196306570433	360	17	0	0	0	7	21
33	5	2.83403406967409	170	16	0	0	0	8	21
33	6	5.69631320727058	177	13	0	0	0	9	21
33	6	2.22949521662667	176	20	0	0	0	10	21
33	7	1.81949265650474	211	53	2	0	0	11	21
34	1	3.87501436960883	205	14	1	0	0	1	21
34	2	4.95113276643679	169	16	0	0	0	2	21
34	3	2.66993586136959	214	13	0	0	0	3	21
34	4	0.467042984906584	192	17	0	0	0	4	21
34	5	3.61982628423721	242	18	0	0	0	5	21
34	6	3.06491776136681	232	17	0	0	0	6	21
34	7	6.48606831906363	309	17	0	0	0	7	21
34	8	2.06945253163576	289	50	0	0	0	8	21
34	8	13.4247713843361	61	16	2	0	0	9	21
35	1	2.28696564515121	297	17	1	0	0	1	21
35	2	5.08160615898669	161	15	0	0	0	2	21
35	3	3.30874878144823	173	16	0	0	0	3	21
35	4	2.45246841385961	182	19	0	0	0	4	21
35	3	0.812911058776081	287	15	0	0	0	5	21
35	3	5.98161652358249	185	16	0	0	0	6	21
35	4	6.06350127910264	208	17	0	0	0	7	21
35	6	0.245275892317295	195	64	2	0	0	8	21
36	1	2.0207653446123	141	17	1	0	0	1	21
36	2	2.91238509560935	173	15	0	0	0	2	21
36	3	2.38885300396942	242	17	0	0	0	3	21
36	4	1.60828465828672	262	14	0	0	0	4	21
36	4	5.81923069595359	169	14	0	0	0	5	21
36	5	3.91040352266282	137	23	0	0	0	6	21
36	3	2.79056571284309	294	17	0	0	0	7	21
36	4	1.06456238403916	229	15	0	0	0	8	21
36	5	3.89006885094568	245	18	0	0	0	9	21
36	6	2.52469743438996	268	15	0	0	0	10	21
36	6	5.18384410068393	133	13	0	0	0	11	21
36	7	2.94079820415936	151	15	2	0	0	12	21
38	1	3.29113646992482	142	16	1	0	0	1	21
38	2	5.58161313505843	360	15	0	0	0	2	21
38	3	4.3028746121563	356	16	0	0	0	3	21
38	4	0.0922896272968501	181	16	0	0	0	4	21
38	4	4.91691972292028	219	17	0	0	0	5	21
38	6	1.09859858546406	243	18	0	0	0	6	21
38	4	4.65415042825043	241	16	0	0	0	7	21
38	5	4.69170095399022	158	16	0	0	0	8	21
38	6	5.84139277786016	158	19	0	0	0	9	21
38	9	0.133126183412969	168	18	0	0	0	10	21
38	9	9.48186241276562	226	18	0	0	0	11	21
38	9	2.21410535136238	177	39	2	0	0	12	21
39	1	2.627755548805	147	16	1	0	0	1	21
39	2	5.90840850002132	175	17	0	0	0	2	21
39	3	1.44526145746931	197	19	0	0	0	3	21
39	2	3.08324001869187	461	19	0	0	0	4	21
39	3	3.25155758718029	126	12	0	0	0	5	21
39	2	10.8921777058858	266	16	0	0	0	6	21
39	3	4.45418060664088	289	14	0	0	0	7	21
39	4	3.40613256720826	195	14	0	0	0	8	21
39	3	5.28919017198496	308	15	0	0	0	9	21
39	5	0.0504017143975943	201	17	0	0	0	10	21
39	6	0.323119804728776	169	15	0	0	0	11	21
39	7	1.65354569582269	217	17	0	0	0	12	21
39	9	0.986544437240809	234	12	2	0	0	13	21
41	1	1.55428357585333	149	15	1	0	0	1	21
41	2	2.48487525922246	174	16	0	0	0	2	21
41	2	7.11918490193784	318	12	0	0	0	3	21
41	2	3.98543759109452	233	15	0	0	0	4	21
41	2	9.77262972155586	281	19	0	0	0	5	21
41	3	1.91521496139467	242	16	0	0	0	6	21
41	4	0.40823666844517	242	18	0	0	0	7	21
41	5	2.43716039764695	208	17	0	0	0	8	21
41	6	4.91661398671567	195	17	0	0	0	9	21
41	7	4.7150746982079	244	22	2	0	0	10	21
42	1	2.5287040208932	139	17	1	0	0	1	21
42	3	2.20801542466506	232	15	0	0	0	2	21
42	4	2.78749988158233	318	16	0	0	0	3	21
42	5	1.79839480156079	179	13	0	0	0	4	21
42	6	1.02784735849127	174	15	0	0	0	5	21
42	8	0.76287634158507	159	16	0	0	0	6	21
42	8	5.77097501419485	267	18	0	0	0	7	21
42	9	5.40803428390063	234	64	2	0	0	8	21
44	1	2.64983993512578	143	12	1	0	0	1	21
44	2	2.86749724857509	197	15	0	0	0	2	21
44	3	2.10721641173586	190	15	0	0	0	3	21
44	3	6.00933621590957	189	14	0	0	0	4	21
44	4	4.80010088277049	182	18	0	0	0	5	21
44	6	0.417478462914005	267	17	0	0	0	6	21
44	6	9.35280167055316	171	16	0	0	0	7	21
44	7	4.53206016588956	198	18	0	0	0	8	21
44	8	5.98465082980692	159	16	0	0	0	9	21
44	10	0.604406439932063	210	15	2	0	0	10	21
45	1	4.67148496070877	385	17	1	0	0	1	21
45	1	10.732139603002	150	14	0	0	0	2	21
45	2	3.16286498005502	206	15	0	0	0	3	21
45	3	1.74295313144103	169	16	0	0	0	4	21
45	4	3.9285061811097	158	14	0	0	0	5	21
45	5	4.06937643233687	309	13	0	0	0	6	21
45	5	1.49357154243626	184	16	0	0	0	7	21
45	5	8.84398054936901	291	16	0	0	0	8	21
45	6	4.88166828500107	188	20	2	0	0	9	21
46	1	2.47269508754835	152	14	1	0	0	1	21
46	2	1.69536624941975	166	17	0	0	0	2	21
46	3	4.69403556105681	160	12	0	0	0	3	21
46	3	2.45600096764974	119	16	0	0	0	4	21
46	4	1.71163276140578	202	16	0	0	0	5	21
46	5	1.02853381400928	304	18	0	0	0	6	21
46	6	2.62773140450008	232	16	0	0	0	7	21
46	7	4.52050362643786	423	16	0	0	0	8	21
46	8	3.44486049516127	216	55	2	0	0	9	21
47	1	2.91633140528575	148	18	1	0	0	1	21
47	2	3.01570013142191	264	17	0	0	0	2	21
47	3	1.96867248811759	194	18	0	0	0	3	21
47	2	2.67339663556777	268	17	0	0	0	4	21
47	3	2.95366660039872	263	16	0	0	0	5	21
47	4	1.48007339960895	413	14	0	0	0	6	21
47	5	0.47627102676779	254	17	0	0	0	7	21
47	6	0.618439155863598	304	14	0	0	0	8	21
47	6	5.5997597053647	180	12	0	0	0	9	21
47	6	3.58425453444943	129	19	0	0	0	10	21
47	7	2.41195057542063	190	16	0	0	0	11	21
47	8	2.81068656849675	232	17	0	0	0	12	21
47	9	2.13589230692014	246	17	2	0	0	13	21
48	1	1.22029884648509	148	18	1	0	0	1	21
48	3	1.64920449815691	206	15	0	0	0	2	21
48	2	2.6410186921712	332	17	0	0	0	3	21
48	3	4.45675079897046	358	15	0	0	0	4	21
48	4	3.17512923292816	156	13	0	0	0	5	21
48	4	0.422540677012876	184	15	0	0	0	6	21
48	5	0.735439260490239	249	19	0	0	0	7	21
48	6	1.66411337791942	270	17	0	0	0	8	21
48	8	3.83474317239597	200	23	2	0	0	9	21
49	1	3.71843197289854	147	15	1	0	0	1	21
49	2	2.74603935796767	271	14	0	0	0	2	21
49	2	6.74714268604293	155	16	0	0	0	3	21
49	3	4.28780747368	157	16	0	0	0	4	21
49	4	4.86827282537706	150	29	0	0	0	5	21
49	1	3.96395575930364	236	15	0	0	0	6	21
49	2	1.02704491396435	210	14	0	0	0	7	21
49	1	3.67490644287318	294	24	0	0	0	8	21
49	3	6.95245224633254	271	17	0	0	0	9	21
49	4	5.43115389137529	193	18	0	0	0	10	21
49	5	2.11332234391011	328	17	0	0	0	11	21
49	6	3.01744493143633	231	13	0	0	0	12	21
49	7	2.77576571516693	243	19	0	0	0	13	21
49	8	6.18033612170257	158	13	2	0	0	14	21
50	1	2.64053263468668	301	14	1	0	0	1	21
50	2	4.63040709169582	159	14	0	0	0	2	21
50	2	0.874457177706063	604	12	0	0	0	3	21
50	2	1.02760839927942	158	17	0	0	0	4	21
50	3	0.345771700143814	280	14	0	0	0	5	21
50	3	6.152643234469	221	16	0	0	0	6	21
50	5	1.37964158132672	176	18	0	0	0	7	21
50	7	0.0792458984069526	209	15	0	0	0	8	21
50	7	4.26867414359003	188	19	0	0	0	9	21
50	8	2.45737184910104	332	15	0	0	0	10	21
50	9	1.95594005240127	189	52	2	0	0	11	21
51	1	1.25847650179639	139	17	1	0	0	1	21
51	2	5.04044780414551	159	16	0	0	0	2	21
51	3	5.49525037454441	175	17	0	0	0	3	21
51	4	2.97782074450515	170	21	0	0	0	4	21
51	3	0.850287224864587	264	22	0	0	0	5	21
51	4	3.61199418478645	227	16	0	0	0	6	21
51	6	0.947465264238417	324	20	0	0	0	7	21
51	8	3.9505392361898	255	17	0	0	0	8	21
51	9	2.5039939803537	281	19	0	0	0	9	21
51	10	4.0506327173207	307	32	2	0	0	10	21
52	1	1.2670872786548	150	15	1	0	0	1	21
52	2	2.47877080319449	204	18	0	0	0	2	21
52	3	1.71741225360893	592	16	0	0	0	3	21
52	4	0.695337197976187	247	15	0	0	0	4	21
52	4	4.91968115163036	222	19	0	0	0	5	21
52	6	2.89255288406275	262	52	2	0	0	6	21
53	1	1.84179026051424	148	15	1	0	0	1	21
53	2	1.67290963139385	192	15	0	0	0	2	21
53	3	0.969392051221803	225	16	0	0	0	3	21
53	3	3.55859327153303	368	17	0	0	0	4	21
53	4	1.70736917457543	166	15	0	0	0	5	21
53	5	4.61231374344788	358	13	0	0	0	6	21
53	5	1.32431607600302	328	12	0	0	0	7	21
53	5	4.34382922225632	265	12	0	0	0	8	21
53	5	7.79941520188004	325	13	0	0	0	9	21
53	5	2.77302651689388	348	14	0	0	0	10	21
53	5	5.84764627600089	221	20	0	0	0	11	21
53	7	0.550900496775284	306	16	0	0	0	12	21
53	5	11.5953235039487	113	21	0	0	0	13	21
53	9	0.346925620920956	150	16	2	0	0	14	21
54	2	0.416236466960981	149	14	1	0	0	1	21
54	2	3.0118527719751	219	15	0	0	0	2	21
54	3	2.59431024733931	356	14	0	0	0	3	21
54	4	0.944136379752308	150	14	0	0	0	4	21
54	4	4.96258861455135	169	15	0	0	0	5	21
54	6	0.0725017944350839	193	16	0	0	0	6	21
54	6	5.37419064599089	160	18	0	0	0	7	21
54	7	5.29540559370071	193	19	0	0	0	8	21
54	8	3.11053622723557	495	47	2	0	0	9	21
55	1	3.15044238907285	148	15	1	0	0	1	21
55	2	4.19810631242581	179	16	0	0	0	2	21
55	3	3.11523424484767	211	15	0	0	0	3	21
55	4	1.6765515380539	344	15	0	0	0	4	21
55	5	0.503565184772015	178	13	0	0	0	5	21
55	4	3.55598503653891	173	14	0	0	0	6	21
55	5	2.20922405412421	210	16	0	0	0	7	21
55	6	3.78167641325854	495	22	0	0	0	8	21
55	9	0.365642497548833	198	15	0	0	0	9	21
55	9	3.54315654723905	145	15	0	0	0	10	21
55	10	3.15968325617723	161	43	2	0	0	11	21
56	1	3.58556395326741	138	15	1	0	0	1	21
56	2	2.37840707413852	151	15	0	0	0	2	21
56	3	0.466535510728136	152	15	0	0	0	3	21
56	4	2.59678931487724	215	16	0	0	0	4	21
56	5	3.39151135180146	239	16	0	0	0	5	21
56	6	1.65948255290277	287	18	0	0	0	6	21
56	6	9.10992635576986	256	47	2	0	0	7	21
57	1	3.57685166690499	183	14	1	0	0	1	21
57	2	4.03754360484891	439	15	0	0	0	2	21
57	3	1.70601826021448	163	15	0	0	0	3	21
57	3	5.35964969126508	155	15	0	0	0	4	21
57	4	3.32526781433262	148	13	0	0	0	5	21
57	4	1.75724295526743	157	16	0	0	0	6	21
57	5	4.06702853646129	155	13	0	0	0	7	21
57	6	3.50702562578954	274	17	2	0	0	8	21
58	1	5.86515698605217	340	15	1	0	0	1	21
58	3	2.9231097062584	262	14	0	0	0	2	21
58	2	3.4172608810477	193	22	0	0	0	3	21
58	4	4.89085282268934	278	15	0	0	0	4	21
58	5	2.33461955236271	487	17	0	0	0	5	21
58	7	0.522275489522144	291	18	0	0	0	6	21
58	6	0.43452983815223	155	13	0	0	0	7	21
58	5	0.348974657710642	234	17	0	0	0	8	21
58	6	1.52201486635022	109	21	0	0	0	9	21
58	9	2.02946824976243	252	17	0	0	0	10	21
58	10	4.65118850278668	243	53	2	0	0	11	21
59	2	0.429487558780238	144	15	1	0	0	1	21
59	2	6.37263827491552	181	14	0	0	0	2	21
59	3	1.50386216491461	351	16	0	0	0	3	21
59	4	2.82326777093112	196	15	0	0	0	4	21
59	5	3.3569439095445	207	15	0	0	0	5	21
59	6	3.48726018564776	327	17	0	0	0	6	21
59	8	0.357999314554036	237	17	0	0	0	7	21
59	9	5.29029606981203	277	46	2	0	0	8	21
60	2	0.997902721399441	149	17	1	0	0	1	21
60	3	0.686151832342148	165	13	0	0	0	2	21
60	2	5.98695092112757	145	18	0	0	0	3	21
60	4	1.68490203679539	176	15	0	0	0	4	21
60	5	0.838923490839079	195	17	0	0	0	5	21
60	7	0.966854286147282	179	13	0	0	0	6	21
60	7	3.14300093706697	172	16	0	0	0	7	21
60	8	2.12855564150959	287	16	0	0	0	8	21
60	9	1.92622470948845	225	17	2	0	0	9	21
61	1	4.60559301334433	299	14	1	0	0	1	21
61	2	5.93945861537941	180	15	0	0	0	2	21
61	3	0.121833920478821	183	15	0	0	0	3	21
61	3	5.59243808896281	187	15	0	0	0	4	21
61	4	2.10233691614121	271	17	0	0	0	5	21
61	4	9.39404513849877	157	14	0	0	0	6	21
61	5	3.46390137681738	167	17	0	0	0	7	21
61	6	4.65926532354206	346	17	0	0	0	8	21
61	7	3.41997939790599	208	51	2	0	0	9	21
62	1	3.86936648748815	137	16	1	0	0	1	21
62	3	0.789764614077285	259	16	0	0	0	2	21
62	3	6.9068960219156	140	16	0	0	0	3	21
62	4	3.41428522951901	227	17	0	0	0	4	21
62	5	2.18831296940334	252	19	0	0	0	5	21
62	7	1.2863664906472	184	18	2	0	0	6	21
63	1	3.88042738800868	353	16	1	0	0	1	21
63	2	6.60758404782973	156	13	0	0	0	2	21
63	3	1.8650373914279	209	12	0	0	0	3	21
63	3	4.65923122130334	168	14	0	0	0	4	21
63	4	1.15514724119566	340	16	0	0	0	5	21
63	5	1.64308087062091	212	17	0	0	0	6	21
63	6	1.40091597870924	180	20	0	0	0	7	21
63	8	4.7909463441465	337	18	2	0	0	8	21
64	1	2.07907812856138	144	18	1	0	0	1	21
64	2	7.2561826845631	177	15	0	0	0	2	21
64	2	2.34889547852799	211	14	0	0	0	3	21
64	3	1.39233427797444	401	15	0	0	0	4	21
64	4	1.58353124884889	220	17	0	0	0	5	21
64	5	3.48970069270581	255	20	0	0	0	6	21
64	7	6.35404849774204	152	13	0	0	0	7	21
64	7	2.3553679222241	191	22	0	0	0	8	21
64	8	6.95729670114815	241	19	0	0	0	9	21
64	9	7.20012468425557	89	12	2	0	0	10	21
65	1	3.02065997361206	145	16	1	0	0	1	21
65	2	2.60141628794372	130	15	0	0	0	2	21
65	3	3.19267021678388	313	25	0	0	0	3	21
65	4	5.48214138904586	151	12	0	0	0	4	21
65	4	2.40300785982981	172	17	0	0	0	5	21
65	5	1.08348212740384	189	16	0	0	0	6	21
65	6	2.50985211669467	226	18	0	0	0	7	21
65	8	2.06601063976996	196	13	0	0	0	8	21
65	7	4.96306465030648	171	20	0	0	0	9	21
65	10	2.22593647381291	222	15	0	0	0	10	21
65	10	7.0582558568567	189	16	0	0	0	11	21
65	11	4.93000824120827	250	35	2	0	0	12	21
66	1	3.1482672393322	373	16	1	0	0	1	21
66	3	2.34343775990419	224	15	0	0	0	2	21
66	4	2.59864904824644	391	17	0	0	0	3	21
66	4	8.61784402909689	161	15	0	0	0	4	21
66	5	3.09866035706364	373	15	0	0	0	5	21
66	6	3.57132132421248	178	17	0	0	0	6	21
66	7	3.01739589264616	297	14	0	0	0	7	21
66	8	1.2836844518315	187	16	0	0	0	8	21
66	9	3.66781848785467	188	19	0	0	0	9	21
66	10	6.34730422100984	254	16	2	0	0	10	21
67	2	0.67382242786698	137	15	1	0	0	1	21
67	2	4.91102982498705	150	15	0	0	0	2	21
67	3	3.33970464929007	227	16	0	0	0	3	21
67	4	2.52987762098201	270	16	0	0	0	4	21
67	4	7.81821564096026	189	17	0	0	0	5	21
67	5	3.28561926539987	226	12	0	0	0	6	21
67	5	1.95989251881838	192	20	0	0	0	7	21
67	7	3.4659847675357	441	57	2	0	0	8	21
69	1	2.34001941699535	140	17	1	0	0	1	21
69	2	4.40121042658575	201	17	0	0	0	2	21
69	3	2.49275875976309	193	13	0	0	0	3	21
69	3	6.98661678959616	170	16	0	0	0	4	21
69	4	3.06410416727886	688	18	0	0	0	5	21
69	5	3.59339848184027	313	20	0	0	0	6	21
69	6	4.81618220871314	186	18	0	0	0	7	21
69	6	0.445314790587872	246	52	2	0	0	8	21
70	1	4.83390769246034	150	13	1	0	0	1	21
70	1	6.51459573651664	141	14	0	0	0	2	21
70	2	4.58532415959053	153	17	0	0	0	3	21
70	3	5.71425359160639	180	15	0	0	0	4	21
70	5	0.187757248524576	235	20	0	0	0	5	21
70	6	2.14330928283744	392	23	0	0	0	6	21
70	5	2.41179436049424	287	25	0	0	0	7	21
70	7	5.68043736857362	495	21	0	0	0	8	21
70	10	1.59985452052206	233	16	2	0	0	9	21
71	1	3.2975333284121	147	13	1	0	0	1	21
71	2	1.31432394566946	126	16	0	0	0	2	21
71	3	0.116434106836095	239	14	0	0	0	3	21
71	2	2.76623699674383	241	17	0	0	0	4	21
71	3	4.80600735009648	225	16	0	0	0	5	21
71	4	2.69702968513593	279	13	0	0	0	6	21
71	4	6.11625503073446	140	13	0	0	0	7	21
71	5	3.436975173885	404	16	0	0	0	8	21
71	7	0.62048659613356	239	18	0	0	0	9	21
71	8	2.44007788668387	262	17	0	0	0	10	21
71	9	3.18849280988798	173	17	0	0	0	11	21
71	8	0.230448400601745	350	15	0	0	0	12	21
71	9	1.78905176231638	251	18	0	0	0	13	21
71	10	4.42529593151994	234	15	0	0	0	14	21
71	11	3.87322988291271	224	45	2	0	0	15	21
72	1	3.4988713816274	141	15	1	0	0	1	21
72	2	5.52860978851095	163	12	0	0	0	2	21
72	2	3.28299008961767	137	16	0	0	0	3	21
72	3	3.33626362425275	224	13	0	0	0	4	21
72	4	2.74117856449448	197	17	0	0	0	5	21
72	6	0.397136871702969	236	17	0	0	0	6	21
72	7	4.73328715702519	201	12	2	0	0	7	21
73	1	2.51728604268283	151	18	1	0	0	1	21
73	2	3.99556138156913	494	15	0	0	0	2	21
73	3	0.590596419759095	194	16	0	0	0	3	21
73	4	2.76776739838533	209	17	0	0	0	4	21
73	5	5.13917229464278	202	18	0	0	0	5	21
73	6	2.83534992020577	179	18	0	0	0	6	21
73	7	1.51756128878333	195	18	0	0	0	7	21
73	8	5.9278662186116	186	15	0	0	0	8	21
73	9	4.31597344204783	182	18	2	0	0	9	21
74	1	3.69951584353112	314	16	1	0	0	1	21
74	3	0.336305240401998	210	16	0	0	0	2	21
74	4	1.16343075362965	349	15	0	0	0	3	21
74	5	1.44471512269229	325	15	0	0	0	4	21
74	6	2.71334538562223	354	17	0	0	0	5	21
74	7	6.33856346341781	197	15	0	0	0	6	21
74	8	3.69383836188354	228	19	0	0	0	7	21
74	7	2.34240646637045	208	12	0	0	0	8	21
74	7	6.9412023096811	174	25	0	0	0	9	21
74	9	3.86795342806727	420	18	0	0	0	10	21
74	10	5.6042994086165	274	38	2	0	0	11	21
75	1	1.23765938705765	315	15	1	0	0	1	21
75	2	2.18918094248511	391	15	0	0	0	2	21
75	2	5.0516876722686	223	13	0	0	0	3	21
75	3	4.72109700925648	226	16	0	0	0	4	21
75	4	3.42644036840647	194	15	0	0	0	5	21
75	5	0.361134451348335	333	18	0	0	0	6	21
75	5	6.44403851986863	151	13	0	0	0	7	21
75	6	1.79820115445182	203	20	0	0	0	8	21
75	5	0.300339564215392	269	28	0	0	0	9	21
75	9	1.09705241606571	174	52	2	0	0	10	21
76	1	1.10968710668385	140	14	1	0	0	1	21
76	2	1.64811338973232	180	16	0	0	0	2	21
76	3	0.918125277152285	168	15	0	0	0	3	21
76	4	2.42569983657449	212	15	0	0	0	4	21
76	5	2.0735416598618	207	17	0	0	0	5	21
76	6	1.71606651111506	273	19	0	0	0	6	21
76	6	12.276562047191	291	22	0	0	0	7	21
76	8	1.4856522763148	200	13	0	0	0	8	21
76	9	0.5713135516271	153	12	0	0	0	9	21
76	9	3.1767556311097	66	45	2	0	0	10	21
77	2	0.679792872397229	304	15	1	0	0	1	21
77	2	6.69849119498394	218	15	0	0	0	2	21
77	2	0.705406564753503	369	16	0	0	0	3	21
77	3	0.982089824276045	189	15	0	0	0	4	21
77	3	4.79569315258414	286	15	0	0	0	5	21
77	4	3.67652797326446	367	16	0	0	0	6	21
77	5	1.50200493913144	295	19	0	0	0	7	21
77	3	6.21262573613785	147	13	0	0	0	8	21
77	3	3.0245814237278	464	23	0	0	0	9	21
77	5	2.98777505499311	215	17	0	0	0	10	21
77	7	1.41453130007721	204	13	2	0	0	11	21
78	1	2.03955730004236	142	18	1	0	0	1	21
78	2	3.53331522736698	200	15	0	0	0	2	21
78	2	7.30674043716863	269	16	0	0	0	3	21
78	3	6.82226083683781	180	14	0	0	0	4	21
78	4	4.89601212297566	156	19	0	0	0	5	21
78	6	0.803292135940865	211	19	0	0	0	6	21
78	7	2.66766064264812	177	17	0	0	0	7	21
78	8	5.8344736143481	216	16	0	0	0	8	21
78	9	3.94757161079906	203	23	2	0	0	9	21
79	1	2.18796374299563	148	17	1	0	0	1	21
79	2	1.71522299130447	186	14	0	0	0	2	21
79	3	0.495507440064102	177	16	0	0	0	3	21
79	4	1.36480024200864	167	16	0	0	0	4	21
79	5	3.68917898321524	188	15	0	0	0	5	21
79	7	0.0446566746104509	171	17	0	0	0	6	21
79	8	3.68498502601869	194	18	0	0	0	7	21
79	9	1.92104951408692	340	15	2	0	0	8	21
80	1	3.56253953604028	299	14	1	0	0	1	21
80	2	4.97488385578617	230	16	0	0	0	2	21
80	3	2.14625207171775	252	17	0	0	0	3	21
80	3	7.51084041455761	170	17	0	0	0	4	21
80	5	1.06950289290398	323	17	0	0	0	5	21
80	6	0.450225813314319	178	19	0	0	0	6	21
80	7	0.706072456436232	177	19	0	0	0	7	21
80	8	6.61360609577969	258	14	0	0	0	8	21
80	9	2.6089975151699	385	21	0	0	0	9	21
80	9	10.4294958179817	171	38	2	0	0	10	21
81	1	2.35375606850721	143	18	1	0	0	1	21
81	2	6.26643013674766	174	12	0	0	0	2	21
81	2	3.33046797849238	189	16	0	0	0	3	21
81	3	1.9537911657244	225	16	0	0	0	4	21
81	3	6.82120476057753	399	18	0	0	0	5	21
81	4	2.98157312069088	232	19	0	0	0	6	21
81	6	1.38857218669727	314	19	0	0	0	7	21
81	5	1.649864154635	249	16	0	0	0	8	21
81	6	3.78975608223118	236	19	0	0	0	9	21
81	7	5.93475799961016	336	16	0	0	0	10	21
81	8	3.50001017237082	247	51	2	0	0	11	21
82	1	3.78954126802273	57	14	1	0	0	1	21
82	2	3.70772736473009	417	18	0	0	0	2	21
82	3	2.45883631752804	305	15	0	0	0	3	21
82	3	7.42061025323346	190	18	0	0	0	4	21
82	4	2.47116449591704	345	16	0	0	0	5	21
82	6	2.64674742356874	235	14	0	0	0	6	21
82	5	0.0760820894502103	200	22	0	0	0	7	21
82	7	6.91027833800763	156	12	0	0	0	8	21
82	7	4.74119858909398	210	14	0	0	0	9	21
82	7	7.20619067898951	86	15	0	0	0	10	21
82	8	4.99830170720816	197	18	0	0	0	11	21
82	9	5.66818600683473	225	14	0	0	0	12	21
82	9	3.58054971206002	209	17	0	0	0	13	21
82	10	5.46119232382625	211	42	2	0	0	14	21
83	1	2.58192101982422	142	15	1	0	0	1	21
83	2	3.9801460346207	196	15	0	0	0	2	21
83	3	0.480588253354654	227	15	0	0	0	3	21
83	4	0.119337197160348	295	18	0	0	0	4	21
83	5	0.460603376384825	275	17	0	0	0	5	21
83	5	5.86730781872757	174	16	0	0	0	6	21
83	6	3.25453196675517	221	15	0	0	0	7	21
83	8	1.16367330960929	624	23	0	0	0	8	21
83	8	12.7098930862267	162	14	0	0	0	9	21
83	9	3.55524940555915	284	14	0	0	0	10	21
83	9	6.24079173360951	399	19	0	0	0	11	21
83	9	12.894198088441	364	12	0	0	0	12	21
83	9	9.94059269921854	597	44	2	0	0	13	21
84	1	3.53589670197107	324	16	1	0	0	1	21
84	2	3.94393833284266	192	16	0	0	0	2	21
84	4	0.247644557617605	225	16	0	0	0	3	21
84	4	5.45410422794521	247	14	0	0	0	4	21
84	4	1.12409540917724	446	14	0	0	0	5	21
84	4	4.60022118245251	173	14	0	0	0	6	21
84	5	2.49643490719609	176	18	0	0	0	7	21
84	5	9.20300200139172	196	17	0	0	0	8	21
84	7	3.95230408245698	443	16	0	0	0	9	21
84	8	3.16393277049065	407	19	0	0	0	10	21
84	7	1.59668544586748	510	18	0	0	0	11	21
84	8	4.03359728166834	148	12	0	0	0	12	21
84	8	1.35138178733177	409	14	0	0	0	13	21
84	8	4.74358357605524	174	16	0	0	0	14	21
84	10	0.268601909046993	186	15	2	0	0	15	21
85	1	3.58596870489419	139	21	1	0	0	1	21
85	2	7.84577406570315	178	15	0	0	0	2	21
85	2	3.46467382484116	340	17	0	0	0	3	21
85	3	2.6506407931447	213	16	0	0	0	4	21
85	2	5.43103603669442	360	14	0	0	0	5	21
85	2	3.02721544238739	352	15	0	0	0	6	21
85	2	7.61192699312232	164	19	0	0	0	7	21
85	4	1.19267040374689	169	15	0	0	0	8	21
85	5	2.91356611251831	203	17	0	0	0	9	21
85	7	0.697212322615087	210	13	0	0	0	10	21
85	6	4.91949301585555	117	14	0	0	0	11	21
85	6	2.58989342930727	187	21	0	0	0	12	21
85	9	0.598468360491097	389	56	2	0	0	13	21
86	1	1.68249428179115	155	19	1	0	0	1	21
86	2	5.35547487065196	172	15	0	0	0	2	21
86	3	3.88931318419054	201	18	0	0	0	3	21
86	2	5.27041212143376	163	14	0	0	0	4	21
86	2	2.84562428249046	117	22	0	0	0	5	21
86	4	5.48848955426365	292	19	0	0	0	6	21
86	6	0.175930953351781	225	17	0	0	0	7	21
86	6	6.74665275402367	264	17	0	0	0	8	21
86	8	0.915986605687067	319	17	0	0	0	9	21
86	9	3.16624932410195	198	18	2	0	0	10	21
88	2	0.611384219489992	143	17	1	0	0	1	21
88	3	4.77576758549549	256	18	0	0	0	2	21
88	4	1.46050849859603	199	17	0	0	0	3	21
88	5	6.83000601152889	252	16	0	0	0	4	21
88	6	6.10394716518931	344	17	0	0	0	5	21
88	7	4.15793494903482	265	19	0	0	0	6	21
88	9	1.49494134029374	487	16	2	0	0	7	21
89	1	1.22319377353415	170	14	1	0	0	1	21
89	2	0.628773470642045	141	16	0	0	0	2	21
89	3	0.185875224880874	283	15	0	0	0	3	21
89	3	5.31343788607046	148	14	0	0	0	4	21
89	4	2.04464252083562	174	14	0	0	0	5	21
89	4	0.219833457376808	161	16	0	0	0	6	21
89	5	0.419151779729873	169	14	0	0	0	7	21
89	6	1.38045989070088	349	19	0	0	0	8	21
89	6	10.5672508054413	223	13	0	0	0	9	21
89	6	7.43351558875293	377	16	0	0	0	10	21
89	6	12.1425799468998	144	14	0	0	0	11	21
89	7	3.96189081529155	194	15	0	0	0	12	21
89	8	2.89855797402561	386	49	2	0	0	13	21
91	1	2.45517447916791	154	17	1	0	0	1	21
91	2	4.44461339572445	287	14	0	0	0	2	21
91	2	1.79196784505621	153	14	0	0	0	3	21
91	1	2.71531491354108	218	23	0	0	0	4	21
91	4	0.737399467499927	130	13	0	0	0	5	21
91	3	0.396416623145342	179	16	0	0	0	6	21
91	4	3.5088113474194	243	16	0	0	0	7	21
91	5	3.83311635465361	231	14	0	0	0	8	21
91	6	3.53908583056182	222	18	0	0	0	9	21
91	7	8.41185700008646	175	18	0	0	0	10	21
91	8	5.60334856295958	270	18	0	0	0	11	21
91	10	2.22588094137609	243	37	2	0	0	12	21
92	1	2.63548792200163	146	16	1	0	0	1	21
92	2	1.17530894209631	142	18	0	0	0	2	21
92	3	2.18022737582214	184	17	0	0	0	3	21
92	4	2.55912942555733	271	15	0	0	0	4	21
92	5	1.37649659696035	258	17	0	0	0	5	21
92	6	1.82646362576634	221	19	0	0	0	6	21
92	7	3.65305130253546	159	16	0	0	0	7	21
92	8	4.28154712100513	314	16	0	0	0	8	21
92	9	3.95914383558556	219	18	2	0	0	9	21
93	1	2.42002037470229	139	20	1	0	0	1	21
93	2	3.88274786598049	202	15	0	0	0	2	21
93	3	0.88252671295777	195	15	0	0	0	3	21
93	3	5.39513115980662	246	15	0	0	0	4	21
93	4	3.9173268917948	222	14	0	0	0	5	21
93	5	1.41000318829902	218	19	0	0	0	6	21
93	5	9.3074133193586	189	20	0	0	0	7	21
93	5	14.8379785346333	57	19	0	0	0	8	21
93	7	1.76900320057757	192	17	2	0	0	9	21
94	1	2.69454964320175	139	16	1	0	0	1	21
94	2	4.32360111665912	180	18	0	0	0	2	21
94	3	3.30570126022212	196	13	0	0	0	3	21
94	3	0.836726123699918	122	12	0	0	0	4	21
94	2	4.07875342620537	190	16	0	0	0	5	21
94	4	1.66542654624209	176	17	0	0	0	6	21
94	5	3.91407277388498	308	17	0	0	0	7	21
94	6	2.95441093365662	263	16	0	0	0	8	21
94	7	0.614319568499923	216	15	0	0	0	9	21
94	8	4.15599734173156	364	15	0	0	0	10	21
94	9	1.15805825521238	481	23	2	0	0	11	21
95	1	1.25753271440044	148	19	1	0	0	1	21
95	3	0.848861429607496	311	16	0	0	0	2	21
95	4	3.75210983725265	186	14	0	0	0	3	21
95	3	2.43607054348104	251	16	0	0	0	4	21
95	4	4.84583523473702	199	15	0	0	0	5	21
95	5	6.82120857923292	156	16	0	0	0	6	21
95	7	0.617054098518565	405	19	2	0	0	7	21
96	1	3.89014233322814	148	17	1	0	0	1	21
96	3	1.24012293014675	217	13	0	0	0	2	21
96	2	2.99581885896623	249	19	0	0	0	3	21
96	4	3.49862623913214	398	15	0	0	0	4	21
96	6	2.91967326123267	378	19	0	0	0	5	21
96	7	7.45825221668929	165	14	0	0	0	6	21
96	8	4.71428772457875	394	17	0	0	0	7	21
96	9	3.58941089338623	224	14	0	0	0	8	21
96	11	0.566390538820997	185	16	0	0	0	9	21
96	11	4.04266095394269	181	17	0	0	0	10	21
96	12	3.85084093012847	225	36	2	0	0	11	21
97	1	3.86937620351091	146	22	1	0	0	1	21
97	3	0.419410970294848	157	14	0	0	0	2	21
97	2	4.98802004987374	192	15	0	0	0	3	21
97	3	3.32862515281886	227	18	0	0	0	4	21
97	2	3.77080082567409	249	18	0	0	0	5	21
97	3	7.35269404458813	154	16	0	0	0	6	21
97	4	4.51769398292527	188	16	0	0	0	7	21
97	5	2.43475600285456	216	15	0	0	0	8	21
97	6	4.20404262724333	194	15	0	0	0	9	21
97	8	1.31182056316175	256	15	2	0	0	10	21
98	1	3.75179440598004	149	18	1	0	0	1	21
98	2	7.81306585250422	167	14	0	0	0	2	21
98	4	1.83561362535693	189	20	0	0	0	3	21
98	2	1.68622118956409	220	15	0	0	0	4	21
98	2	7.64763181749731	161	14	0	0	0	5	21
98	4	0.868175664916635	234	19	0	0	0	6	21
98	5	2.65381074999459	279	16	0	0	0	7	21
98	6	0.847008915850893	258	22	0	0	0	8	21
98	8	0.219693030696362	218	15	0	0	0	9	21
98	9	2.58694631303661	183	18	0	0	0	10	21
98	10	4.42572690546513	281	32	2	0	0	11	21
99	1	2.73445574450307	140	14	1	0	0	1	21
99	2	2.9503429196775	167	16	0	0	0	2	21
99	2	8.90136988391168	150	16	0	0	0	3	21
99	3	4.99019208992831	216	17	0	0	0	4	21
99	5	1.35583099233918	205	14	0	0	0	5	21
99	6	1.78814731165767	225	15	0	0	0	6	21
99	6	6.91567619773559	154	17	0	0	0	7	21
99	8	2.96972834481858	290	61	0	0	0	8	21
99	8	11.5914636568632	50	17	2	0	0	9	21
100	1	2.17840285087004	149	13	1	0	0	1	21
100	2	0.870556418318301	139	16	0	0	0	2	21
100	3	0.0455661099404097	186	16	0	0	0	3	21
100	2	3.68350443686359	289	12	0	0	0	4	21
100	2	2.21718364814296	225	18	0	0	0	5	21
100	3	3.44501584884711	359	16	0	0	0	6	21
100	4	1.7315609306097	277	15	0	0	0	7	21
100	5	5.27444663341157	220	18	0	0	0	8	21
100	6	1.73116527521051	336	16	0	0	0	9	21
100	6	6.39958948246203	663	16	0	0	0	10	21
100	7	2.00851552677341	236	14	0	0	0	11	21
100	8	3.77907143160701	435	21	0	0	0	12	21
100	9	5.17103163641877	349	17	0	0	0	13	21
100	10	4.82529659825377	226	29	2	0	0	14	21
101	1	3.64140447741374	138	17	1	0	0	1	21
101	2	7.80372966290452	178	13	0	0	0	2	21
101	2	4.86874658684246	447	13	0	0	0	3	21
101	1	3.31151879299432	184	19	0	0	0	4	21
101	3	2.04780620196834	263	16	0	0	0	5	21
101	4	2.86888637277298	258	16	0	0	0	6	21
101	5	4.37815535371192	193	15	0	0	0	7	21
101	6	2.130112799583	213	14	0	0	0	8	21
101	6	7.68877233937383	133	15	0	0	0	9	21
101	8	1.80244409083389	252	19	0	0	0	10	21
101	10	1.38383190426975	157	13	2	0	0	11	21
102	1	1.03989241225645	142	18	1	0	0	1	21
102	2	4.02927693515085	201	16	0	0	0	2	21
102	3	4.5111313839443	211	17	0	0	0	3	21
102	3	0.189136140746996	188	17	0	0	0	4	21
102	4	2.36224139388651	145	18	0	0	0	5	21
102	5	4.9169793012552	185	17	0	0	0	6	21
102	6	1.90269009652548	356	16	0	0	0	7	21
102	7	0.261543023632839	231	14	0	0	0	8	21
102	7	5.43646201095544	166	16	0	0	0	9	21
102	8	5.24802275886759	277	16	0	0	0	10	21
102	9	3.80323660792783	191	47	2	0	0	11	21
103	1	2.88140513864346	148	14	1	0	0	1	21
103	2	3.59487939649262	176	15	0	0	0	2	21
103	3	3.3429838498123	332	18	0	0	0	3	21
103	4	3.65874991449527	252	18	0	0	0	4	21
103	6	0.380386099452153	191	22	0	0	0	5	21
103	4	2.40500347968191	535	16	0	0	0	6	21
103	4	7.70842203497887	154	17	0	0	0	7	21
103	5	1.71419774508104	317	20	0	0	0	8	21
103	7	3.58818558440544	347	15	0	0	0	9	21
103	8	3.81838231231086	228	47	2	0	0	10	21
104	1	2.87751199887134	134	13	1	0	0	1	21
104	2	2.39515349757858	188	14	0	0	0	2	21
104	2	7.2526767810341	257	17	0	0	0	3	21
104	3	0.907101076329127	168	14	0	0	0	4	21
104	4	2.75206743436866	291	20	0	0	0	5	21
104	5	1.31844283104874	292	18	0	0	0	6	21
104	7	2.38523377757519	282	17	0	0	0	7	21
104	8	2.13437155797146	321	20	0	0	0	8	21
104	10	1.14961067447439	248	14	2	0	0	9	21
105	1	3.11730126128532	170	14	1	0	0	1	21
105	2	2.06334493379109	166	16	0	0	0	2	21
105	3	3.39605744322762	294	16	0	0	0	3	21
105	2	3.95336421416141	323	17	0	0	0	4	21
105	3	4.38122739735991	209	15	0	0	0	5	21
105	4	0.516955044819042	149	14	0	0	0	6	21
105	5	0.653524367371574	180	18	0	0	0	7	21
105	6	3.20860040793195	187	12	2	0	0	8	21
106	1	3.41872332850471	133	18	1	0	0	1	21
106	2	9.88651451678015	155	16	0	0	0	2	21
106	2	3.34880782547407	265	17	0	0	0	3	21
106	3	1.79512726981193	222	17	0	0	0	4	21
106	4	2.02027586987242	283	14	0	0	0	5	21
106	5	0.111505955690518	253	15	0	0	0	6	21
106	6	1.44958660192788	288	16	0	0	0	7	21
106	7	0.644448708044365	264	56	2	0	0	8	21
107	1	1.82929189689457	148	12	1	0	0	1	21
107	2	0.0597813583444804	200	17	0	0	0	2	21
107	2	6.44062664126977	177	15	0	0	0	3	21
107	3	3.35275086760521	184	13	0	0	0	4	21
107	4	2.78291565086693	304	20	0	0	0	5	21
107	6	0.521137651056051	221	15	0	0	0	6	21
107	6	7.46395087148994	148	15	0	0	0	7	21
107	7	3.74871391500346	202	19	0	0	0	8	21
107	8	8.85072765033692	146	16	0	0	0	9	21
107	10	2.66105994582176	237	20	0	0	0	10	21
107	11	3.50392100797035	238	20	2	0	0	11	21
108	1	2.37647302937694	144	17	1	0	0	1	21
108	2	5.90203334297985	280	14	0	0	0	2	21
108	3	2.1494909718167	450	16	0	0	0	3	21
108	4	1.99652189854532	313	19	0	0	0	4	21
108	4	8.91280995495617	155	14	0	0	0	5	21
108	5	3.81245480012149	280	17	0	0	0	6	21
108	7	1.99293091590516	212	19	0	0	0	7	21
108	9	5.48207502439618	381	14	2	0	0	8	21
109	1	1.41794108320028	166	17	1	0	0	1	21
109	2	4.86443601245992	487	14	0	0	0	2	21
109	2	8.07570141833276	351	17	0	0	0	3	21
109	3	2.69285453204066	245	15	0	0	0	4	21
109	4	1.45269669499248	224	15	0	0	0	5	21
109	5	1.26423493912444	242	16	0	0	0	6	21
109	6	2.4585083774291	273	17	0	0	0	7	21
109	7	1.33636428532191	184	16	0	0	0	8	21
109	8	4.11297233379446	250	16	0	0	0	9	21
109	9	5.76651687640697	352	21	2	0	0	10	21
111	1	2.767567419447	147	16	1	0	0	1	21
111	2	6.9910692255944	178	14	0	0	0	2	21
111	2	2.14273497392423	194	16	0	0	0	3	21
111	2	7.01207430521026	196	19	0	0	0	4	21
111	2	15.2323960564099	153	14	0	0	0	5	21
111	3	3.58853954216465	249	15	0	0	0	6	21
111	4	3.01867547491565	294	19	0	0	0	7	21
111	6	2.54340526973829	350	17	0	0	0	8	21
111	7	1.2130195745267	305	16	0	0	0	9	21
111	6	2.28064416814595	373	20	0	0	0	10	21
111	8	0.127423398429528	249	17	0	0	0	11	21
111	8	6.56395261967555	171	13	0	0	0	12	21
111	8	4.041919372743	234	20	0	0	0	13	21
111	9	4.59410567791201	531	26	2	0	0	14	21
112	1	2.81717897462659	138	15	1	0	0	1	21
112	2	2.15032654651441	253	16	0	0	0	2	21
112	2	7.40487701562233	144	12	0	0	0	3	21
112	2	4.71036367095076	222	15	0	0	0	4	21
112	1	3.47177668171935	340	15	0	0	0	5	21
112	2	4.05054329824634	499	16	0	0	0	6	21
112	3	1.16996042546816	284	16	0	0	0	7	21
112	4	2.02675591222942	282	16	0	0	0	8	21
112	5	3.12564894906245	282	14	0	0	0	9	21
112	6	2.17369065573439	251	19	0	0	0	10	21
112	4	3.38550148485228	172	12	0	0	0	11	21
112	4	0.89077533618547	247	19	0	0	0	12	21
112	6	2.66063639032654	270	16	0	0	0	13	21
112	7	2.29984488268383	217	14	0	0	0	14	21
112	8	3.39656277629547	257	12	0	0	0	15	21
112	8	6.58426595199853	334	18	0	0	0	16	21
112	9	4.69088752544485	502	53	2	0	0	17	21
113	1	1.10914854169823	143	17	1	0	0	1	21
113	3	0.68355277297087	178	14	0	0	0	2	21
113	4	0.206653221044689	238	17	0	0	0	3	21
113	2	3.85187536757439	318	20	0	0	0	4	21
113	5	0.734185944544151	222	16	0	0	0	5	21
113	4	1.78471440053545	318	16	0	0	0	6	21
113	3	1.1201395005919	221	13	0	0	0	7	21
113	3	3.73020352050662	157	23	0	0	0	8	21
113	5	7.54742785892449	169	15	0	0	0	9	21
113	6	2.10080345068127	142	15	0	0	0	10	21
113	7	1.24027796089649	450	15	0	0	0	11	21
113	7	5.04498082352802	103	50	2	0	0	12	21
114	1	2.61401476943865	140	16	1	0	0	1	21
114	3	0.0369883065577596	252	12	0	0	0	2	21
114	2	3.23480991157703	146	14	0	0	0	3	21
114	3	3.74503098870628	241	14	0	0	0	4	21
114	4	0.384109259583056	206	13	0	0	0	5	21
114	5	2.19571833545342	148	16	0	0	0	6	21
114	6	4.21600721217692	170	16	0	0	0	7	21
114	7	5.21174929453991	184	17	0	0	0	8	21
114	8	2.62794089037925	473	19	0	0	0	9	21
114	9	4.40710025443695	199	13	0	0	0	10	21
114	9	2.6459256936796	159	19	2	0	0	11	21
