1	1	1.17991107190028	179	16	1	0	0	1	32
1	3	1.88355356594548	210	19	0	0	0	2	32
1	4	2.43055808404461	257	16	0	0	0	3	32
1	6	2.38400492980145	226	22	0	0	0	4	32
1	7	3.23825909662992	241	14	0	0	0	5	32
1	9	2.94789832062088	276	13	0	0	0	6	32
1	10	1.29418698791414	137	17	0	0	0	7	32
1	11	3.65681685041636	186	15	0	0	0	8	32
1	11	8.18808280047961	103	52	2	0	0	9	32
2	2	0.774534148396924	189	13	1	0	0	1	32
2	3	1.63703649002127	138	15	0	0	0	2	32
2	4	2.15698792529292	217	27	0	0	0	3	32
2	6	0.139460009289905	214	15	0	0	0	4	32
2	7	4.01701741851866	168	15	0	0	0	5	32
2	8	5.91009499598294	189	12	0	0	0	6	32
2	9	4.08567896438763	282	16	0	0	0	7	32
2	10	2.62447691522539	183	19	2	0	0	8	32
3	2	1.61942924233153	277	17	1	0	0	1	32
3	3	5.54904186329804	198	15	0	0	0	2	32
3	4	4.3830520035699	156	17	0	0	0	3	32
3	6	3.51002321415581	190	18	0	0	0	4	32
3	8	4.28899257304147	274	17	0	0	0	5	32
3	10	2.2540192832239	215	14	0	0	0	6	32
3	10	7.22340817120858	316	60	2	0	0	7	32
4	2	1.95285580749623	190	13	1	0	0	1	32
4	3	4.37107414077036	208	23	0	0	0	2	32
4	4	5.36004779394716	167	23	0	0	0	3	32
4	5	4.7882157121785	195	14	0	0	0	4	32
4	6	4.10600732313469	204	13	0	0	0	5	32
4	8	1.94483241485432	181	14	0	0	0	6	32
4	8	6.54856209200807	137	59	2	0	0	7	32
5	1	5.18486043205485	210	15	1	0	0	1	32
5	2	4.60682307207026	234	17	0	0	0	2	32
5	3	3.33337779669091	124	16	0	0	0	3	32
5	4	6.14183939155191	200	29	0	0	0	4	32
5	5	3.44130732910708	201	18	0	0	0	5	32
5	7	1.18130207527429	204	61	2	0	0	6	32
6	2	1.30633254605345	238	21	1	0	0	1	32
6	3	4.28856618981808	224	16	0	0	0	2	32
6	5	0.0110809339676052	228	16	0	0	0	3	32
6	6	5.6422612296883	179	17	0	0	0	4	32
6	8	1.96499369642697	256	14	0	0	0	5	32
6	9	3.90814265841618	190	20	2	0	0	6	32
7	2	0.122609311714768	225	17	1	0	0	1	32
7	3	3.53774848254398	187	15	0	0	0	2	32
7	5	3.09820955712348	213	14	0	0	0	3	32
7	6	1.08550454070792	240	15	0	0	0	4	32
7	7	4.56477235024795	207	17	0	0	0	5	32
7	8	1.14392100600526	171	17	0	0	0	6	32
7	10	1.13353478070349	220	53	2	0	0	7	32
8	1	3.76688517234288	196	12	1	0	0	1	32
8	3	0.326244067400694	137	16	0	0	0	2	32
8	4	1.86792881251313	191	14	0	0	0	3	32
8	5	4.2856981374789	217	15	0	0	0	4	32
8	7	3.93588102865033	191	16	0	0	0	5	32
8	9	0.666529857320711	172	18	0	0	0	6	32
8	10	3.94869982660748	213	22	2	0	0	7	32
9	1	1.48166232951917	171	14	1	0	0	1	32
9	2	1.5173600690905	92	17	0	0	0	2	32
9	3	4.08556418633088	178	23	0	0	0	3	32
9	4	5.61933869798668	158	15	0	0	0	4	32
9	6	4.46754474169575	223	24	0	0	0	5	32
9	7	2.85072581632994	411	13	0	0	0	6	32
9	7	5.15188407409005	190	59	2	0	0	7	32
10	2	0.96386880078353	159	13	1	0	0	1	32
10	3	2.47237497591414	172	15	0	0	0	2	32
10	4	3.38687240541913	212	15	0	0	0	3	32
10	6	1.43317803740501	210	17	0	0	0	4	32
10	7	2.61034579342231	215	15	0	0	0	5	32
10	8	2.37606184976175	184	14	0	0	0	6	32
10	9	5.06502924347296	170	15	0	0	0	7	32
10	10	3.92073914478533	196	55	2	0	0	8	32
11	1	3.08741813059896	185	16	1	0	0	1	32
11	2	7.83091673254967	175	27	0	0	0	2	32
11	3	2.47661436209455	151	15	0	0	0	3	32
11	5	1.54052372719161	221	13	0	0	0	4	32
11	6	3.46462999400683	182	22	0	0	0	5	32
11	7	2.85351866134442	341	16	0	0	0	6	32
11	8	5.06076371693052	164	27	0	0	0	7	32
11	9	5.78581876191311	383	53	2	0	0	8	32
12	1	1.23091204534285	134	12	1	0	0	1	32
12	2	2.99465189920738	158	15	0	0	0	2	32
12	4	2.62074004858732	224	14	0	0	0	3	32
12	5	4.66976410988718	153	16	0	0	0	4	32
12	7	2.29620578023605	282	20	2	0	0	5	32
13	2	1.33741561579518	297	16	1	0	0	1	32
13	3	8.14001779491082	184	13	0	0	0	2	32
13	4	4.52744621410966	226	14	0	0	0	3	32
13	5	4.29944062535651	176	15	0	0	0	4	32
13	7	0.229813140351325	204	15	0	0	0	5	32
13	8	2.61968093784526	155	61	2	0	0	6	32
14	1	5.06084181368351	226	18	1	0	0	1	32
14	2	6.56409202562645	204	24	0	0	0	2	32
14	4	0.375469483900815	176	15	0	0	0	3	32
14	5	4.79184176027775	191	19	0	0	0	4	32
14	6	4.94726356770843	185	16	0	0	0	5	32
14	8	2.21285814559087	157	78	2	0	0	6	32
15	1	3.22862601303495	208	17	1	0	0	1	32
15	3	4.80883071548305	282	14	0	0	0	2	32
15	4	5.9025443661958	190	14	0	0	0	3	32
15	6	2.02679264522158	148	15	0	0	0	4	32
15	7	6.57665661512874	192	16	0	0	0	5	32
15	8	4.74593545868993	208	19	0	0	0	6	32
15	9	4.54488929198124	257	48	2	0	0	7	32
16	2	0.172590967267752	303	26	1	0	0	1	32
16	3	3.03227151185274	227	17	0	0	0	2	32
16	4	6.3690027766861	231	17	0	0	0	3	32
16	6	3.11428366135806	148	15	2	0	0	4	32
17	1	2.92736516543664	206	13	1	0	0	1	32
17	2	5.10703357099555	199	12	0	0	0	2	32
17	3	2.02425937540829	133	17	0	0	0	3	32
17	5	2.26262371661142	350	12	0	0	0	4	32
17	7	1.28378792922013	182	16	0	0	0	5	32
17	8	5.23077824246138	191	17	0	0	0	6	32
17	9	3.538614745019	202	15	0	0	0	7	32
17	9	6.92283288110048	135	55	2	0	0	8	32
18	2	0.0855568943079561	192	16	1	0	0	1	32
18	3	5.79832639871165	198	13	0	0	0	2	32
18	4	5.71658769389614	184	14	0	0	0	3	32
18	5	4.92769259191118	232	18	0	0	0	4	32
18	7	3.52506208280101	184	18	0	0	0	5	32
18	9	2.53326451149769	210	14	0	0	0	6	32
18	10	3.57444596500136	97	50	2	0	0	7	32
19	1	3.69132201001048	162	14	1	0	0	1	32
19	2	6.72663514805026	113	27	0	0	0	2	32
19	4	0.639373037498444	189	14	0	0	0	3	32
19	5	2.12339399498887	106	17	0	0	0	4	32
19	6	5.44902887893841	236	13	0	0	0	5	32
19	8	1.83141978876665	187	15	0	0	0	6	32
19	8	9.98835789808072	177	17	0	0	0	7	32
19	10	3.1455216917675	234	16	0	0	0	8	32
19	11	4.13939512614161	238	45	2	0	0	9	32
20	1	2.99128116504289	163	16	1	0	0	1	32
20	2	6.48742874502204	190	26	0	0	0	2	32
20	3	3.99528548354283	209	24	0	0	0	3	32
20	4	6.46237707044929	183	22	0	0	0	4	32
20	6	2.01455696881749	176	27	0	0	0	5	32
20	8	1.20468789804727	220	16	0	0	0	6	32
20	10	1.14767207484692	434	33	0	0	0	7	32
20	10	5.64351195562631	203	47	2	0	0	8	32
21	1	3.34317226405255	156	12	1	0	0	1	32
21	2	1.41910751350224	100	18	0	0	0	2	32
21	3	1.34584029810503	198	32	0	0	0	3	32
21	5	0.889420321444049	197	15	0	0	0	4	32
21	6	4.11859607766382	194	15	0	0	0	5	32
21	7	5.31178536661901	166	15	0	0	0	6	32
21	9	2.20467607141472	256	17	2	0	0	7	32
23	2	0.730637964326888	279	15	1	0	0	1	32
23	3	2.04451660322957	173	14	0	0	0	2	32
23	4	3.85961613524705	182	16	0	0	0	3	32
23	5	5.01874501025304	183	24	0	0	0	4	32
23	6	5.88712556520477	179	16	0	0	0	5	32
23	7	4.37310560443439	159	62	2	0	0	6	32
24	2	0.520377488341182	246	17	1	0	0	1	32
24	3	4.05236723204143	193	25	0	0	0	2	32
24	5	2.70852091955021	173	18	0	0	0	3	32
24	7	0.835895142052323	221	14	0	0	0	4	32
24	8	3.01359441736713	392	16	0	0	0	5	32
24	10	2.72406558971852	181	60	2	0	0	6	32
25	1	3.91020214557648	237	16	1	0	0	1	32
25	3	3.32387103955261	275	16	0	0	0	2	32
25	4	5.91426258417778	185	17	0	0	0	3	32
25	6	2.70210475777276	341	29	0	0	0	4	32
25	8	5.22680492396466	185	14	0	0	0	5	32
25	8	11.8538833996281	121	56	2	0	0	6	32
26	2	0.529700711602345	291	15	1	0	0	1	32
26	3	2.99975208146498	170	15	0	0	0	2	32
26	4	4.56473395461217	246	16	0	0	0	3	32
26	6	2.23485386930406	164	14	0	0	0	4	32
26	7	3.93904806603678	200	69	2	0	0	5	32
27	1	3.71740634250455	173	14	1	0	0	1	32
27	2	6.44848700799048	180	15	0	0	0	2	32
27	4	0.357465208973736	165	15	0	0	0	3	32
27	4	8.57830719742924	206	13	0	0	0	4	32
27	5	3.06364872911945	413	22	0	0	0	5	32
27	4	1.94801281997934	319	14	0	0	0	6	32
27	4	8.08454139647074	175	26	0	0	0	7	32
27	6	1.53247871459462	439	19	0	0	0	8	32
27	7	4.37874692003243	264	59	2	0	0	9	32
28	1	3.50972799444571	189	13	1	0	0	1	32
28	2	5.10424640751444	155	13	0	0	0	2	32
28	3	5.5933695351705	166	23	0	0	0	3	32
28	4	6.96933032409288	179	14	0	0	0	4	32
28	5	4.97810109821148	189	14	0	0	0	5	32
28	7	5.16269827913493	219	30	0	0	0	6	32
28	9	2.3801417069044	198	18	0	0	0	7	32
28	10	6.09244199981913	190	14	0	0	0	8	32
28	10	11.210222188849	110	50	2	0	0	9	32
29	2	1.63210059748963	295	15	1	0	0	1	32
29	3	4.51181604783051	165	14	0	0	0	2	32
29	5	1.0713558041025	195	14	0	0	0	3	32
29	6	2.6255334422458	196	18	0	0	0	4	32
29	7	7.9085736349225	180	17	0	0	0	5	32
29	8	2.16176655143499	138	61	2	0	0	6	32
30	1	2.52626621350646	165	12	1	0	0	1	32
30	2	4.99954806570895	185	14	0	0	0	2	32
30	4	1.02485092496499	221	18	0	0	0	3	32
30	5	4.06310783699155	234	14	0	0	0	4	32
30	7	1.83292707218789	310	66	2	0	0	5	32
31	2	0.728319058427587	182	16	1	0	0	1	32
31	3	5.05302081722766	189	17	0	0	0	2	32
31	5	1.59855165798217	235	13	0	0	0	3	32
31	6	1.08628609729931	296	14	0	0	0	4	32
31	7	1.31239745998755	185	15	0	0	0	5	32
31	8	3.91348140081391	174	13	0	0	0	6	32
31	9	3.05279574263841	160	57	2	0	0	7	32
32	1	2.96812521363609	172	12	1	0	0	1	32
32	2	3.05324573069811	121	25	0	0	0	2	32
32	4	1.83779263170436	181	13	0	0	0	3	32
32	5	4.32605174812488	214	16	0	0	0	4	32
32	7	0.70300644589588	213	27	0	0	0	5	32
32	8	5.47590499231592	202	13	2	0	0	6	32
33	2	3.18453511060216	162	15	1	0	0	1	32
33	2	0.665179123636335	166	16	0	0	0	2	32
33	3	3.01421829289757	186	15	0	0	0	3	32
33	4	5.09517392888665	165	13	0	0	0	4	32
33	4	2.45874086930417	132	16	0	0	0	5	32
33	6	1.02548263012432	185	16	0	0	0	6	32
33	6	8.69788930634968	174	16	0	0	0	7	32
33	7	6.43116927170195	311	16	0	0	0	8	32
33	7	10.6339926742949	163	55	2	0	0	9	32
34	1	3.05173752806149	210	13	1	0	0	1	32
34	2	3.37441016361117	122	14	0	0	0	2	32
34	4	0.615177490981296	156	24	0	0	0	3	32
34	5	2.95320204272866	191	13	0	0	0	4	32
34	6	0.904173091985285	299	18	0	0	0	5	32
34	7	6.97961605945602	241	18	0	0	0	6	32
34	8	3.66998369270004	108	15	0	0	0	7	32
34	8	7.08193695126101	365	14	0	0	0	8	32
34	8	10.0901683897246	145	46	2	0	0	9	32
35	1	2.50173127558082	175	12	1	0	0	1	32
35	2	4.8380574779585	185	15	0	0	0	2	32
35	3	2.61992088588886	166	15	0	0	0	3	32
35	4	4.51640564086847	176	17	0	0	0	4	32
35	6	0.327930505154654	175	13	2	0	0	5	32
36	2	0.130452892975882	261	15	1	0	0	1	32
36	3	4.06202549813315	176	14	0	0	0	2	32
36	4	4.15981058985926	175	13	0	0	0	3	32
36	5	4.49607209442183	206	18	0	0	0	4	32
36	7	0.838394534308463	206	14	0	0	0	5	32
36	7	6.18049381882884	221	22	0	0	0	6	32
36	7	0.717456859536469	205	22	0	0	0	7	32
36	8	7.28808661154471	92	41	2	0	0	8	32
37	1	2.95941352378577	191	16	1	0	0	1	32
37	3	1.87112949742004	193	14	0	0	0	2	32
37	4	3.34193466510624	202	13	0	0	0	3	32
37	5	2.34818877070211	116	25	0	0	0	4	32
37	6	5.64045858569443	175	17	0	0	0	5	32
37	8	2.46195164043456	161	17	2	0	0	6	32
38	1	3.07659399160184	195	12	1	0	0	1	32
38	2	5.19688643165864	106	16	0	0	0	2	32
38	3	6.96303902054206	174	15	0	0	0	3	32
38	4	3.32817709748633	158	14	0	0	0	4	32
38	5	5.78665566607378	152	14	0	0	0	5	32
38	7	1.11698717437685	183	19	0	0	0	6	32
38	9	5.44609171990305	223	12	2	0	0	7	32
39	2	0.537826048908755	205	13	1	0	0	1	32
39	2	7.51693573198281	159	16	0	0	0	2	32
39	3	5.4982883722987	191	12	0	0	0	3	32
39	4	4.78381282370538	219	15	0	0	0	4	32
39	5	5.45734831481241	162	22	0	0	0	5	32
39	3	4.73334988742135	131	23	0	0	0	6	32
39	2	2.36004826822318	592	14	0	0	0	7	32
39	2	6.20001913607121	408	15	0	0	0	8	32
39	3	3.88066919427365	251	14	0	0	0	9	32
39	4	2.93715929379687	216	25	0	0	0	10	32
39	5	3.80259043863043	286	27	0	0	0	11	32
39	4	1.79080924252048	113	29	0	0	0	12	32
39	6	1.16544330539182	213	24	0	0	0	13	32
39	8	0.627253660233691	149	14	0	0	0	14	32
39	9	1.00771166291088	239	14	0	0	0	15	32
39	9	5.87122967559844	160	52	2	0	0	16	32
40	1	2.96024594968185	184	15	1	0	0	1	32
40	2	3.36098163505085	176	16	0	0	0	2	32
40	4	5.62871733075008	185	16	0	0	0	3	32
40	6	3.44291095715016	184	15	0	0	0	4	32
40	8	1.25042764213867	218	14	0	0	0	5	32
40	9	5.14544943068177	175	14	0	0	0	6	32
40	10	5.22037678514607	218	14	0	0	0	7	32
40	11	4.57610919652507	294	19	2	0	0	8	32
41	2	2.81576790683903	270	15	1	0	0	1	32
41	2	11.6064481639769	176	15	0	0	0	2	32
41	3	5.38063980475999	184	15	0	0	0	3	32
41	5	0.550574904074892	161	13	0	0	0	4	32
41	6	2.35469457344152	175	17	0	0	0	5	32
41	7	0.825764913577586	201	16	0	0	0	6	32
41	8	1.98363732546568	221	36	2	0	0	7	32
42	2	0.872097956947982	174	12	1	0	0	1	32
42	3	2.52212971937843	166	16	0	0	0	2	32
42	4	5.91376735293306	185	22	0	0	0	3	32
42	5	3.01818661624566	204	12	0	0	0	4	32
42	7	0.658351577352732	108	19	0	0	0	5	32
42	4	3.9591671358794	174	16	0	0	0	6	32
42	6	1.75093363039196	164	15	0	0	0	7	32
42	8	1.47727021458559	196	14	0	0	0	8	32
42	8	9.91165723721497	139	14	0	0	0	9	32
42	9	5.5809438736178	171	55	2	0	0	10	32
43	2	0.989949705079198	188	24	1	0	0	1	32
43	3	0.246696275426075	175	16	0	0	0	2	32
43	4	2.81698838807642	186	18	0	0	0	3	32
43	5	3.61321997549385	306	16	0	0	0	4	32
43	7	4.72797611309215	198	15	0	0	0	5	32
43	8	4.46851872815751	166	58	2	0	0	6	32
44	2	2.63920785021037	289	34	1	0	0	1	32
44	3	5.87668217369355	175	25	0	0	0	2	32
44	4	4.09350776253268	151	25	0	0	0	3	32
44	6	3.68906922941096	177	15	0	0	0	4	32
44	7	3.65875733690336	155	19	0	0	0	5	32
44	9	0.311542412266135	255	12	0	0	0	6	32
44	9	3.01608099765144	142	14	0	0	0	7	32
44	10	3.313026341144	136	45	2	0	0	8	32
45	1	6.39671837934293	273	27	1	0	0	1	32
45	2	3.16906773345545	189	16	0	0	0	2	32
45	4	2.88467382173985	352	13	0	0	0	3	32
45	5	2.41695120022632	181	16	0	0	0	4	32
45	6	4.32793026021682	171	14	0	0	0	5	32
45	7	3.49743757187389	229	16	2	0	0	6	32
46	1	3.68196585238911	296	16	1	0	0	1	32
46	3	1.15638281730935	189	17	0	0	0	2	32
46	4	2.97757712448947	235	15	0	0	0	3	32
46	5	2.39555708016269	176	15	0	0	0	4	32
46	6	3.60155021748506	187	15	0	0	0	5	32
46	7	5.30202775448561	151	16	0	0	0	6	32
46	8	5.97524814726785	284	65	2	0	0	7	32
47	2	0.810811125440523	275	17	1	0	0	1	32
47	3	4.30475445068441	213	18	0	0	0	2	32
47	5	4.62195332534611	216	15	0	0	0	3	32
47	6	6.35395703162067	182	17	0	0	0	4	32
47	7	4.4175938135013	171	14	0	0	0	5	32
47	8	4.46139634517021	156	13	0	0	0	6	32
47	9	2.43214684678242	258	47	2	0	0	7	32
48	2	1.56317904614843	272	15	1	0	0	1	32
48	4	0.654979921178892	276	18	0	0	0	2	32
48	3	4.16700236964971	245	17	0	0	0	3	32
48	5	2.3066084603779	260	17	0	0	0	4	32
48	6	2.60993077931926	207	15	0	0	0	5	32
48	8	2.25308154080994	202	20	0	0	0	6	32
48	8	5.29380561970174	273	63	2	0	0	7	32
49	1	5.32750335754827	195	19	1	0	0	1	32
49	2	4.26097147958353	142	17	0	0	0	2	32
49	3	5.16987351235002	200	16	0	0	0	3	32
49	4	6.91578540904447	286	13	0	0	0	4	32
49	4	11.4209252090659	79	17	0	0	0	5	32
49	5	6.52260308852419	179	16	0	0	0	6	32
49	7	4.55988710420206	231	17	0	0	0	7	32
49	8	8.38874836987816	243	57	2	0	0	8	32
50	1	2.2985770739615	174	13	1	0	0	1	32
50	2	3.31410073768348	148	15	0	0	0	2	32
50	3	3.12208744138479	186	14	0	0	0	3	32
50	5	0.0933792639989406	218	13	0	0	0	4	32
50	6	3.03045195597224	175	16	0	0	0	5	32
50	7	9.02356832707301	161	14	0	0	0	6	32
50	8	4.5171201066114	168	16	0	0	0	7	32
50	9	4.42960418690927	314	81	2	0	0	8	32
51	1	1.49370203749277	179	12	1	0	0	1	32
51	2	2.87767802691087	133	25	0	0	0	2	32
51	3	4.9634517931845	187	15	0	0	0	3	32
51	4	3.24389838287607	217	17	0	0	0	4	32
51	6	1.27701229928061	175	24	0	0	0	5	32
51	8	3.31684365775436	167	26	0	0	0	6	32
51	9	5.65645332424901	226	15	0	0	0	7	32
51	10	5.21378487022594	364	17	0	0	0	8	32
51	11	5.78127590962686	156	46	2	0	0	9	32
52	2	1.65342754265293	253	17	1	0	0	1	32
52	3	3.7876148277428	210	15	0	0	0	2	32
52	4	4.66636807890609	557	16	0	0	0	3	32
52	6	2.44232580414973	194	16	2	0	0	4	32
53	1	3.21032645925879	164	15	1	0	0	1	32
53	2	5.10264603048563	150	14	0	0	0	2	32
53	3	4.46310971979983	180	15	0	0	0	3	32
53	5	2.93753891787492	195	15	0	0	0	4	32
53	6	1.16858218191192	195	12	0	0	0	5	32
53	7	0.135649693431333	131	20	0	0	0	6	32
53	5	6.66509208711796	134	18	0	0	0	7	32
53	7	1.06226733815856	255	16	0	0	0	8	32
53	8	6.11678389250301	168	15	0	0	0	9	32
53	9	4.9827934615314	142	53	2	0	0	10	32
54	2	0.095774503890425	213	20	1	0	0	1	32
54	3	5.6806723549962	186	13	0	0	0	2	32
54	4	4.83031317638233	137	15	0	0	0	3	32
54	6	2.63688715361059	283	28	0	0	0	4	32
54	7	7.48428372852504	149	15	0	0	0	5	32
54	8	5.08751283306628	157	58	2	0	0	6	32
55	2	0.994164068019018	220	18	1	0	0	1	32
55	3	4.71641031559557	242	14	0	0	0	2	32
55	4	4.28179948031902	226	13	0	0	0	3	32
55	5	3.55786385457031	171	15	0	0	0	4	32
55	7	2.1708632002119	176	15	0	0	0	5	32
55	9	0.852061089361086	193	13	0	0	0	6	32
55	9	3.32446940685622	151	15	0	0	0	7	32
55	10	4.99474078323692	63	53	2	0	0	8	32
56	1	3.13126622303389	240	16	1	0	0	1	32
56	3	2.33936506626196	187	16	0	0	0	2	32
56	5	5.41308613703586	201	12	0	0	0	3	32
56	6	3.74635997624137	370	18	0	0	0	4	32
56	7	2.78494397131726	129	69	2	0	0	5	32
57	2	1.35077506396919	237	17	1	0	0	1	32
57	3	4.9371816390194	197	14	0	0	0	2	32
57	4	2.32431595539674	179	15	0	0	0	3	32
57	6	0.123163576237857	212	15	0	0	0	4	32
57	7	4.72897729510441	200	15	0	0	0	5	32
57	7	9.18301366572268	103	61	2	0	0	6	32
58	1	5.28420986281708	227	26	1	0	0	1	32
58	3	5.85785444057547	286	15	0	0	0	2	32
58	5	0.449351388029754	249	17	0	0	0	3	32
58	6	3.85927960905246	197	15	0	0	0	4	32
58	8	2.33248809515499	225	12	0	0	0	5	32
58	7	4.12720124609768	193	15	0	0	0	6	32
58	9	0.907143341843039	362	16	0	0	0	7	32
58	10	4.21256621973589	176	58	2	0	0	8	32
60	2	1.77602768293582	239	19	1	0	0	1	32
60	3	3.5899162653368	181	12	0	0	0	2	32
60	4	4.36768139177002	145	15	0	0	0	3	32
60	5	3.33041472104378	234	15	0	0	0	4	32
60	7	1.08024311065674	213	18	0	0	0	5	32
60	8	2.55585558549501	112	26	2	0	0	6	32
61	2	2.84797738795169	158	12	1	0	0	1	32
61	1	4.3292243424803	97	19	0	0	0	2	32
61	3	4.0664830878377	286	17	0	0	0	3	32
61	4	5.98610318941064	313	13	0	0	0	4	32
61	4	2.00614860095084	96	17	0	0	0	5	32
61	3	1.11806418094784	275	14	0	0	0	6	32
61	3	6.85577036486939	63	21	0	0	0	7	32
61	2	5.35381452413276	375	35	0	0	0	8	32
61	5	3.19501217151992	302	14	0	0	0	9	32
61	6	6.81126243411563	110	17	0	0	0	10	32
61	7	5.88549994677305	192	29	2	0	0	11	32
62	1	3.73659185646102	232	17	1	0	0	1	32
62	3	4.27288868441246	191	15	0	0	0	2	32
62	4	4.67405479913577	164	24	0	0	0	3	32
62	6	2.10924688098021	192	18	0	0	0	4	32
62	7	4.71007438097149	222	15	0	0	0	5	32
62	8	6.89415327645838	281	64	2	0	0	6	32
63	1	3.59022940625437	173	15	1	0	0	1	32
63	2	5.07238392904401	194	14	0	0	0	2	32
63	3	3.38993539032526	175	16	0	0	0	3	32
63	4	5.17790018068627	193	15	0	0	0	4	32
63	6	0.162685207091272	179	25	0	0	0	5	32
63	8	1.81344904308207	330	14	0	0	0	6	32
63	8	6.92257287213579	157	15	0	0	0	7	32
63	9	5.86009459407069	157	54	2	0	0	8	32
64	2	0.367659768322483	248	14	1	0	0	1	32
64	3	2.99747566925362	193	16	0	0	0	2	32
64	4	5.08146243193187	182	16	0	0	0	3	32
64	7	2.57177856308408	305	16	0	0	0	4	32
64	8	3.18567094695754	230	20	0	0	0	5	32
64	9	4.21347597567365	284	60	2	0	0	6	32
66	2	3.74194801598787	264	17	1	0	0	1	32
66	4	3.93547443370335	173	14	0	0	0	2	32
66	3	5.52855290984735	170	15	0	0	0	3	32
66	4	6.34063018322922	151	17	0	0	0	4	32
66	6	3.83008774183691	252	16	0	0	0	5	32
66	7	4.72243341337889	173	15	0	0	0	6	32
66	9	2.80314288008958	224	26	0	0	0	7	32
66	10	2.92587042157538	223	20	0	0	0	8	32
66	11	3.00944162881933	138	44	2	0	0	9	32
67	1	2.73014977830462	177	13	1	0	0	1	32
67	2	3.51964932400733	118	16	0	0	0	2	32
67	3	6.2491356015671	336	12	0	0	0	3	32
67	3	4.17989686853252	195	16	0	0	0	4	32
67	4	5.51154115400277	214	27	0	0	0	5	32
67	6	0.437406986951828	182	16	0	0	0	6	32
67	6	8.89090179139748	153	15	0	0	0	7	32
67	7	5.23658409412019	284	14	0	0	0	8	32
67	7	9.33378253900446	128	49	2	0	0	9	32
68	2	0.526646368671209	243	15	1	0	0	1	32
68	3	1.02886587707326	195	16	0	0	0	2	32
68	5	0.506499238545075	202	26	0	0	0	3	32
68	6	6.41891145543195	249	15	0	0	0	4	32
68	7	6.16608028719202	139	19	0	0	0	5	32
68	8	1.67877249233425	182	64	2	0	0	6	32
69	1	3.93323953519575	167	14	1	0	0	1	32
69	2	7.98466918757185	233	14	0	0	0	2	32
69	3	5.07857668539509	194	15	0	0	0	3	32
69	4	4.16928887739778	206	14	0	0	0	4	32
69	5	4.16825089347549	223	14	0	0	0	5	32
69	6	3.87419248605147	147	18	0	0	0	6	32
69	7	7.36092699505389	315	60	2	0	0	7	32
71	2	0.28025397262536	235	19	1	0	0	1	32
71	3	5.17869651899673	222	16	0	0	0	2	32
71	5	0.889194424264133	219	14	0	0	0	3	32
71	6	2.72338511841372	212	12	0	0	0	4	32
71	7	2.91720768250525	182	14	0	0	0	5	32
71	8	2.76486728200689	30	33	0	0	0	6	32
71	4	3.71760083199479	284	18	0	0	0	7	32
71	6	0.481365520739928	285	17	0	0	0	8	32
71	7	3.63550587743521	178	23	0	0	0	9	32
71	8	4.51105119427666	180	14	0	0	0	10	32
71	10	1.07717443397269	255	16	0	0	0	11	32
71	11	3.61911160917953	197	52	2	0	0	12	32
72	1	4.68303906545043	273	15	1	0	0	1	32
72	3	2.29164335224777	190	15	0	0	0	2	32
72	4	3.54946857737377	230	15	0	0	0	3	32
72	6	1.8780413500499	260	16	0	0	0	4	32
72	7	2.19163898564875	214	23	2	0	0	5	32
73	2	2.88967804471031	241	18	1	0	0	1	32
73	3	3.34123084763996	173	15	0	0	0	2	32
73	5	1.27641666354612	173	18	0	0	0	3	32
73	6	3.35148842120543	222	17	0	0	0	4	32
73	8	2.52014418062754	212	17	0	0	0	5	32
73	9	3.51362492190674	200	18	0	0	0	6	32
73	10	6.45857686991803	421	13	0	0	0	7	32
73	10	8.54110069875605	148	54	2	0	0	8	32
74	1	4.73699182155542	213	16	1	0	0	1	32
74	3	2.70793475932442	195	16	0	0	0	2	32
74	4	5.1896889586933	148	15	0	0	0	3	32
74	6	2.6657297431957	171	14	0	0	0	4	32
74	7	5.60420121392235	162	18	0	0	0	5	32
74	8	9.44779686606489	255	15	0	0	0	6	32
74	10	1.89346592198126	189	13	0	0	0	7	32
74	10	6.37867678911425	230	14	0	0	0	8	32
74	10	10.0451736233663	215	54	2	0	0	9	32
75	2	1.23120272695087	277	22	1	0	0	1	32
75	3	3.69119636109099	181	17	0	0	0	2	32
75	4	4.93478662217967	277	14	0	0	0	3	32
75	5	2.85102107468992	197	17	0	0	0	4	32
75	7	1.48739468073472	264	18	0	0	0	5	32
75	9	4.32795649510808	244	15	2	0	0	6	32
77	1	2.57691270997748	45	13	1	0	0	1	32
77	2	0.474945255555212	167	14	0	0	0	2	32
77	2	7.80609416239895	164	13	0	0	0	3	32
77	3	4.86133565567434	208	14	0	0	0	4	32
77	4	4.59239589539357	190	14	0	0	0	5	32
77	5	4.36000379896723	192	15	0	0	0	6	32
77	7	4.83057022863068	230	14	2	0	0	7	32
78	1	2.47693153470755	168	14	1	0	0	1	32
78	2	5.48873623250984	179	16	0	0	0	2	32
78	3	4.99171065166593	175	14	0	0	0	3	32
78	4	4.26320246327668	159	20	0	0	0	4	32
78	6	0.51927520846948	291	25	0	0	0	5	32
78	4	2.03687959676608	270	17	0	0	0	6	32
78	6	0.0527976311277598	245	16	0	0	0	7	32
78	7	3.8585183233954	172	16	0	0	0	8	32
78	9	0.229724850039929	228	18	0	0	0	9	32
78	10	3.12343069631606	337	51	2	0	0	10	32
79	1	3.94786123349331	195	16	1	0	0	1	32
79	2	5.64154287148267	69	15	0	0	0	2	32
79	4	0.545344012556598	174	16	0	0	0	3	32
79	6	2.57022648490965	174	14	0	0	0	4	32
79	8	3.55057424423285	203	19	0	0	0	5	32
79	9	4.27986258291639	181	18	0	0	0	6	32
79	10	4.17071738024242	421	26	2	0	0	7	32
80	1	2.67160844057798	167	14	1	0	0	1	32
80	2	4.70125800441019	202	26	0	0	0	2	32
80	3	3.60970383370295	185	16	0	0	0	3	32
80	5	0.673516238573939	196	18	0	0	0	4	32
80	6	2.8216673231218	195	18	0	0	0	5	32
80	8	0.957838263828307	213	15	0	0	0	6	32
80	8	5.79299279884435	192	16	0	0	0	7	32
80	9	4.87735770898871	140	49	2	0	0	8	32
81	1	3.98278442863375	195	14	1	0	0	1	32
81	2	8.96090433932841	174	23	0	0	0	2	32
81	3	5.66578184836544	192	25	0	0	0	3	32
81	5	0.585734451189637	197	20	0	0	0	4	32
81	5	4.79541879799217	165	14	0	0	0	5	32
81	7	1.57504052948207	217	16	0	0	0	6	32
81	7	6.03570837061852	171	18	0	0	0	7	32
81	8	6.93140818784013	198	55	2	0	0	8	32
82	2	1.45369380316697	201	26	1	0	0	1	32
82	3	0.360215206397697	83	17	0	0	0	2	32
82	3	9.64575995388441	201	17	0	0	0	3	32
82	4	4.36753178131767	198	20	0	0	0	4	32
82	7	4.33758162823506	254	17	0	0	0	5	32
82	8	4.60300052864477	291	16	0	0	0	6	32
82	9	2.45771013200283	134	17	0	0	0	7	32
82	10	2.77791267517023	215	53	2	0	0	8	32
83	2	1.72746059508063	256	19	1	0	0	1	32
83	4	0.0460908161476254	184	28	0	0	0	2	32
83	5	3.25165233504958	169	19	0	0	0	3	32
83	8	1.75475264759734	186	13	0	0	0	4	32
83	8	6.65005107992329	233	25	0	0	0	5	32
83	9	7.11167269060388	370	16	0	0	0	6	32
83	9	12.9376757289283	166	51	2	0	0	7	32
84	2	0.980815068120137	266	14	1	0	0	1	32
84	3	4.27884122612886	244	13	0	0	0	2	32
84	4	3.61278346553445	247	15	0	0	0	3	32
84	5	4.73439365345985	195	27	0	0	0	4	32
84	7	0.183063265867531	237	13	0	0	0	5	32
84	7	6.77648345706984	202	14	0	0	0	6	32
84	8	4.40809046360664	146	18	0	0	0	7	32
84	7	0.789827771950513	231	13	0	0	0	8	32
84	6	1.68802218651399	218	14	0	0	0	9	32
84	7	4.89079203852452	239	16	0	0	0	10	32
84	8	5.93543120939285	237	16	0	0	0	11	32
84	10	1.41013094433583	277	52	2	0	0	12	32
85	1	3.8858744117897	163	12	1	0	0	1	32
85	2	2.24824190419167	60	17	0	0	0	2	32
85	3	3.66878993157297	252	14	0	0	0	3	32
85	4	2.96227822056971	186	14	0	0	0	4	32
85	6	2.11333449394442	188	14	0	0	0	5	32
85	7	4.61798570188694	211	16	0	0	0	6	32
85	8	4.428442775039	341	14	0	0	0	7	32
85	9	2.57943092426285	128	56	2	0	0	8	32
86	1	3.13230208144523	183	15	1	0	0	1	32
86	2	6.59240077855065	195	13	0	0	0	2	32
86	3	6.49135205103084	192	12	0	0	0	3	32
86	4	3.60108230751939	284	12	0	0	0	4	32
86	4	7.74839981738478	152	26	0	0	0	5	32
86	6	5.60726415831596	253	19	0	0	0	6	32
86	8	0.844645835924894	239	16	0	0	0	7	32
86	9	0.790484895231202	185	57	2	0	0	8	32
87	1	3.08141471189447	166	14	1	0	0	1	32
87	2	2.29527306649834	107	18	0	0	0	2	32
87	3	3.64077638904564	205	24	0	0	0	3	32
87	4	2.97099111531861	187	23	0	0	0	4	32
87	6	0.867616690229625	236	12	0	0	0	5	32
87	6	4.66646381467581	104	16	0	0	0	6	32
87	7	7.65250451117754	225	13	0	0	0	7	32
87	7	11.2384040339384	190	63	2	0	0	8	32
88	2	0.0105900964699686	280	25	1	0	0	1	32
88	3	5.70709692384116	176	16	0	0	0	2	32
88	4	2.03918823343702	166	15	0	0	0	3	32
88	5	5.26969456207007	249	15	0	0	0	4	32
88	6	5.71941953524947	181	14	0	0	0	5	32
88	7	4.95921839214861	209	22	0	0	0	6	32
88	5	3.2184821467381	298	15	0	0	0	7	32
88	6	3.50903680035844	216	17	0	0	0	8	32
88	7	5.53453924041241	199	17	0	0	0	9	32
88	9	3.13105593365617	274	15	2	0	0	10	32
89	1	2.04132805229165	205	13	1	0	0	1	32
89	2	4.09194339229725	159	21	0	0	0	2	32
89	3	6.57398769608699	190	13	0	0	0	3	32
89	4	4.57966074021533	205	15	0	0	0	4	32
89	6	4.68677224148996	171	16	0	0	0	5	32
89	6	12.3666322224308	186	15	0	0	0	6	32
89	7	5.79393839556724	199	17	0	0	0	7	32
89	8	5.35181611729786	310	53	2	0	0	8	32
90	1	3.00680218660273	205	12	1	0	0	1	32
90	2	4.65696254605427	156	34	0	0	0	2	32
90	3	5.93151516816579	196	15	0	0	0	3	32
90	4	3.25600051716901	186	14	0	0	0	4	32
90	6	0.542088055284694	152	15	0	0	0	5	32
90	7	0.602899493882433	143	15	0	0	0	6	32
90	7	7.35279023996554	306	13	0	0	0	7	32
90	9	0.372408671537414	240	60	2	0	0	8	32
91	1	2.67742262338288	205	16	1	0	0	1	32
91	2	6.10424097580835	164	14	0	0	0	2	32
91	3	0.056021097349003	208	17	0	0	0	3	32
91	4	5.50506729399785	171	14	0	0	0	4	32
91	5	3.89225542522036	103	18	0	0	0	5	32
91	7	4.57231255318038	184	13	0	0	0	6	32
91	7	10.7073299863841	160	13	0	0	0	7	32
91	8	3.55789481522515	198	16	0	0	0	8	32
91	10	0.275428577093408	183	21	2	0	0	9	32
92	2	0.935194515623152	242	18	1	0	0	1	32
92	3	5.46838939515874	198	21	0	0	0	2	32
92	4	4.73757899482735	111	16	0	0	0	3	32
92	5	4.51656152051874	214	21	0	0	0	4	32
92	6	4.08100876375102	168	17	0	0	0	5	32
92	8	4.97124279197305	184	25	0	0	0	6	32
92	9	5.81039509386756	309	19	0	0	0	7	32
92	10	6.91629998851568	245	15	0	0	0	8	32
92	10	10.888441904448	252	50	2	0	0	9	32
93	2	1.03175890445709	188	28	1	0	0	1	32
93	3	3.9354938340839	201	14	0	0	0	2	32
93	4	3.29521950683556	170	18	0	0	0	3	32
93	5	8.39379460294731	195	17	0	0	0	4	32
93	6	5.53546704957262	282	14	0	0	0	5	32
93	7	5.44489266816527	189	21	0	0	0	6	32
93	8	5.59469745657407	123	24	2	0	0	7	32
94	1	2.14975981041789	187	15	1	0	0	1	32
94	3	0.122009421698749	173	15	0	0	0	2	32
94	5	0.317685514921322	263	17	0	0	0	3	32
94	6	5.69475349830464	325	15	0	0	0	4	32
94	8	3.63938991632313	204	18	0	0	0	5	32
94	9	2.09314356814139	217	12	0	0	0	6	32
94	9	5.62041520676576	137	47	2	0	0	7	32
95	2	1.15341127361171	165	13	1	0	0	1	32
95	3	2.94188468321227	147	26	0	0	0	2	32
95	5	1.43686107289977	208	16	0	0	0	3	32
95	6	1.28724531992339	200	12	0	0	0	4	32
95	6	4.19281113683246	178	12	0	0	0	5	32
95	7	3.57476708386093	230	14	2	0	0	6	32
96	1	2.63267135061324	230	17	1	0	0	1	32
96	3	3.66485765855759	167	14	0	0	0	2	32
96	5	0.0157912739086896	191	17	0	0	0	3	32
96	7	4.31203170656227	199	18	0	0	0	4	32
96	8	6.88741560233757	199	13	0	0	0	5	32
96	10	0.73796291090548	190	13	0	0	0	6	32
96	11	2.4035348854959	162	16	0	0	0	7	32
96	12	3.89629392884672	295	54	2	0	0	8	32
97	2	0.665850682416931	182	13	1	0	0	1	32
97	2	6.70667969970964	155	15	0	0	0	2	32
97	3	7.77345306775533	168	14	0	0	0	3	32
97	4	6.85567937698215	182	16	0	0	0	4	32
97	6	0.164876478957012	191	17	0	0	0	5	32
97	9	0.668283178005368	251	14	2	0	0	6	32
98	2	0.950084568466991	263	15	1	0	0	1	32
98	3	0.361207280773669	173	13	0	0	0	2	32
98	4	3.90026241377927	197	15	0	0	0	3	32
98	5	4.65517950500362	173	16	0	0	0	4	32
98	6	5.40120128262788	191	16	0	0	0	5	32
98	8	1.04292004974559	214	14	0	0	0	6	32
98	9	5.01994682266377	173	23	0	0	0	7	32
98	10	3.84031735104509	183	57	2	0	0	8	32
99	1	3.86172652686946	164	14	1	0	0	1	32
99	2	4.81290921755135	179	27	0	0	0	2	32
99	3	3.53016651701182	190	15	0	0	0	3	32
99	4	3.05453952890821	193	15	0	0	0	4	32
99	5	5.3589724060148	166	14	0	0	0	5	32
99	6	5.31825296906754	191	14	0	0	0	6	32
99	8	3.44169424427673	258	16	2	0	0	7	32
100	2	0.0810227347537875	279	16	1	0	0	1	32
100	3	3.06225209170952	219	14	0	0	0	2	32
100	5	0.802898504771292	194	16	0	0	0	3	32
100	5	8.41476014372893	107	15	0	0	0	4	32
100	6	5.24405558779836	188	18	0	0	0	5	32
100	8	2.74606703175232	214	16	0	0	0	6	32
100	9	0.808402994181961	93	18	0	0	0	7	32
100	9	8.29038990824483	185	15	0	0	0	8	32
100	10	3.87130188778974	177	51	2	0	0	9	32
101	1	3.03301367233507	159	14	1	0	0	1	32
101	2	6.74518198589794	172	15	0	0	0	2	32
101	3	5.21806674427353	208	16	0	0	0	3	32
101	5	2.40022858651355	233	18	0	0	0	4	32
101	6	4.29345006379299	240	16	0	0	0	5	32
101	8	2.42713290103711	196	15	0	0	0	6	32
101	9	1.65510977921076	136	15	0	0	0	7	32
101	10	2.63544684811495	133	45	2	0	0	8	32
102	2	1.10858445614576	254	17	1	0	0	1	32
102	4	1.18449699622579	182	14	0	0	0	2	32
102	5	3.81399582000449	151	16	0	0	0	3	32
102	6	2.225589183392	208	15	0	0	0	4	32
102	7	3.40025349915959	164	18	0	0	0	5	32
102	8	6.47080782824196	197	15	0	0	0	6	32
102	9	4.45597577118315	71	52	2	0	0	7	32
103	1	2.84760541468859	176	14	1	0	0	1	32
103	2	4.53634941857308	113	16	0	0	0	2	32
103	3	6.73257772414945	335	14	0	0	0	3	32
103	4	6.09462331258692	64	19	0	0	0	4	32
103	3	5.42586764041334	278	25	0	0	0	5	32
103	4	5.44855991308577	247	14	0	0	0	6	32
103	5	2.35797554417513	251	16	0	0	0	7	32
103	7	1.6384557641577	253	16	0	0	0	8	32
103	8	3.91790910926647	124	20	2	0	0	9	32
104	1	3.64253244618885	175	12	1	0	0	1	32
104	2	4.20853773504496	115	35	0	0	0	2	32
104	3	2.0440532034263	201	15	0	0	0	3	32
104	4	5.95446635899134	173	26	0	0	0	4	32
104	6	3.93217622768134	212	15	0	0	0	5	32
104	7	5.51491867494769	188	17	0	0	0	6	32
104	8	5.19188988651149	238	17	0	0	0	7	32
104	10	3.97702803579159	220	64	2	0	0	8	32
105	2	0.914576400537044	162	12	1	0	0	1	32
105	2	4.0039353671018	150	15	0	0	0	2	32
105	3	4.87276213080622	180	16	0	0	0	3	32
105	4	3.15978306578472	233	12	0	0	0	4	32
105	6	0.431650688173249	243	16	0	0	0	5	32
105	7	1.23449746170081	105	61	2	0	0	6	32
106	1	3.96550484211184	187	13	1	0	0	1	32
106	2	3.26383847300895	213	16	0	0	0	2	32
106	3	3.82371818018146	195	27	0	0	0	3	32
106	4	4.89932852284983	204	26	0	0	0	4	32
106	6	4.05267028976232	264	27	0	0	0	5	32
106	7	6.66939882514998	303	12	0	0	0	6	32
106	7	8.89564922801219	277	63	2	0	0	7	32
107	2	0.494969218270853	250	16	1	0	0	1	32
107	2	7.6043778124731	434	15	0	0	0	2	32
107	3	4.32306856592186	141	24	0	0	0	3	32
107	5	1.95858327578753	178	16	0	0	0	4	32
107	6	3.01165529200807	182	27	0	0	0	5	32
107	8	2.16617634962313	212	15	0	0	0	6	32
107	9	1.78979534120299	203	14	0	0	0	7	32
107	10	3.231430654414	173	18	0	0	0	8	32
107	11	3.67050442891195	255	57	0	0	0	9	32
107	11	7.29686346463859	84	21	2	0	0	10	32
108	1	1.03347954177298	164	15	1	0	0	1	32
108	2	4.93504628236406	151	25	0	0	0	2	32
108	3	4.7403330351226	198	16	0	0	0	3	32
108	4	6.53024450642988	227	18	0	0	0	4	32
108	6	1.66653598402627	281	15	0	0	0	5	32
108	8	2.75410404498689	226	18	0	0	0	6	32
108	9	7.27069750591181	359	14	0	0	0	7	32
108	9	10.2944845224265	126	14	0	0	0	8	32
108	9	14.8952704383992	314	52	2	0	0	9	32
109	2	0.686300091911107	227	13	1	0	0	1	32
109	2	4.30226517468691	101	16	0	0	0	2	32
109	3	0.2280392809771	149	25	0	0	0	3	32
109	4	3.04355483106337	175	15	0	0	0	4	32
109	6	3.16634076321498	205	17	0	0	0	5	32
109	8	1.88293858384714	248	19	0	0	0	6	32
109	9	5.54363898816518	216	15	2	0	0	7	32
110	2	0.984678837936372	158	14	1	0	0	1	32
110	2	5.15846266061999	69	29	0	0	0	2	32
110	3	5.26537282415666	219	15	0	0	0	3	32
110	5	3.44108728459105	169	19	0	0	0	4	32
110	7	5.64855391276069	204	18	0	0	0	5	32
110	8	6.69746793666855	210	18	0	0	0	6	32
110	10	5.41364304022864	191	14	0	0	0	7	32
110	10	11.2140995026566	204	12	0	0	0	8	32
110	10	14.4408710279968	230	52	2	0	0	9	32
111	2	2.55725713679567	175	30	1	0	0	1	32
111	2	11.3915916297119	185	23	0	0	0	2	32
111	3	3.89163697650656	176	17	0	0	0	3	32
111	5	1.03152656159364	270	17	0	0	0	4	32
111	6	4.64956055465154	186	16	0	0	0	5	32
111	8	0.874823251506314	199	14	0	0	0	6	32
111	8	6.59972676867619	177	16	0	0	0	7	32
111	9	4.59599367412739	267	52	2	0	0	8	32
112	2	1.09753247536719	266	16	1	0	0	1	32
112	3	3.85140578751452	210	24	0	0	0	2	32
112	4	4.88891137507744	182	15	0	0	0	3	32
112	6	4.76849003974348	264	17	0	0	0	4	32
112	8	0.258604350732639	285	15	0	0	0	5	32
112	8	7.95194574561901	87	18	0	0	0	6	32
112	9	6.59616009681486	233	49	2	0	0	7	32
113	2	1.44527540798299	290	14	1	0	0	1	32
113	4	3.96216020663269	209	15	0	0	0	2	32
113	5	4.09408232616261	304	25	0	0	0	3	32
113	6	2.82137896306813	185	27	2	0	0	4	32
114	1	1.08254286576994	159	14	1	0	0	1	32
114	3	0.00141621474176645	145	15	0	0	0	2	32
114	3	7.51517913071439	202	13	0	0	0	3	32
114	5	0.111631447682157	177	16	0	0	0	4	32
114	6	3.97206815704703	170	15	0	0	0	5	32
114	7	5.3454503219109	213	16	0	0	0	6	32
114	8	5.43993761250749	204	16	0	0	0	7	32
114	9	5.79703171597794	409	19	0	0	0	8	32
114	8	2.96802365430631	158	18	0	0	0	9	32
114	7	3.74013844877481	309	17	0	0	0	10	32
114	8	4.17025103862397	186	14	0	0	0	11	32
114	9	4.35793563653715	206	18	0	0	0	12	32
114	11	4.92328778351657	214	12	2	0	0	13	32
