1	1	2.27542778756469	173	17	1	0	0	1	27
1	3	0.728908755583689	167	16	0	0	0	2	27
1	3	4.60627255495638	182	18	0	0	0	3	27
1	4	4.48098267777823	186	17	0	0	0	4	27
1	6	2.996285201516	270	15	0	0	0	5	27
1	7	2.33006603270769	304	21	0	0	0	6	27
1	9	0.273916783509776	240	19	0	0	0	7	27
1	10	2.64898333349265	251	19	0	0	0	8	27
1	11	4.1903681657277	342	12	0	0	0	9	27
1	11	7.1070067610126	550	44	2	0	0	10	27
2	1	1.62918314291164	195	13	1	0	0	1	27
2	2	3.37386869709007	172	15	0	0	0	2	27
2	3	4.99511150410399	306	18	0	0	0	3	27
2	4	4.39699915912934	635	19	0	0	0	4	27
2	5	2.8959553851746	248	17	0	0	0	5	27
2	7	2.37175637925975	652	14	0	0	0	6	27
2	8	2.45641049626283	441	27	0	0	0	7	27
2	9	5.70119504979812	365	17	0	0	0	8	27
2	10	4.43131368723698	435	39	2	0	0	9	27
3	2	3.41202508262359	606	19	1	0	0	1	27
3	4	1.43415805674158	284	12	0	0	0	2	27
3	5	1.56977864005603	659	13	0	0	0	3	27
3	6	3.65673044044524	272	15	0	0	0	4	27
3	7	3.72056943317875	468	19	0	0	0	5	27
3	9	2.92898190906271	402	15	0	0	0	6	27
3	10	5.20718198129907	745	49	2	0	0	7	27
4	1	2.55337716732174	191	16	1	0	0	1	27
4	2	3.76398039748892	198	15	0	0	0	2	27
4	3	3.86874107411131	169	15	0	0	0	3	27
4	4	3.51430578785948	253	17	0	0	0	4	27
4	5	1.29032679810189	233	18	0	0	0	5	27
4	6	1.99499233718961	203	20	0	0	0	6	27
4	7	3.32624466437846	319	18	0	0	0	7	27
4	8	6.69112202944234	223	18	0	0	0	8	27
4	8	10.1603520333301	207	44	2	0	0	9	27
5	1	4.53237012238242	618	20	1	0	0	1	27
5	2	2.43399769207463	304	17	0	0	0	2	27
5	2	6.14316411782056	259	16	0	0	0	3	27
5	3	1.36409899569117	155	15	0	0	0	4	27
5	4	1.72649991232902	393	16	0	0	0	5	27
5	4	5.27598551730625	368	21	0	0	0	6	27
5	5	0.176708717597649	377	13	0	0	0	7	27
5	6	0.362363253720105	570	15	0	0	0	8	27
5	7	2.83788921986707	683	50	2	0	0	9	27
6	2	1.51932432292961	422	18	1	0	0	1	27
6	3	3.30419115233235	242	14	0	0	0	2	27
6	4	0.988738014595583	358	12	0	0	0	3	27
6	6	1.09589633252472	361	13	0	0	0	4	27
6	7	2.06473426753655	406	13	0	0	0	5	27
6	8	1.2986281493213	281	13	2	0	0	6	27
8	1	3.47231444087811	340	18	1	0	0	1	27
8	3	4.46893308707513	258	16	0	0	0	2	27
8	4	3.95481220190413	223	15	0	0	0	3	27
8	5	2.31878058984876	792	17	0	0	0	4	27
8	7	2.51934560458176	189	19	0	0	0	5	27
8	8	2.62069885083474	188	16	0	0	0	6	27
8	9	4.47981611080468	166	19	0	0	0	7	27
8	10	3.89849167899229	165	13	0	0	0	8	27
8	11	3.56924362899736	257	48	2	0	0	9	27
9	1	2.89870452322066	179	18	1	0	0	1	27
9	2	3.12347946618684	192	16	0	0	0	2	27
9	3	2.51110266405158	357	17	0	0	0	3	27
9	4	2.81527644209564	236	15	0	0	0	4	27
9	5	0.770573068875819	229	14	0	0	0	5	27
9	6	0.353536776034161	240	18	0	0	0	6	27
9	7	2.28259861725383	312	15	0	0	0	7	27
9	7	5.21474809548818	132	51	2	0	0	8	27
11	2	1.84535644832067	398	12	1	0	0	1	27
11	2	6.48787941015325	200	21	0	0	0	2	27
11	3	3.17639255546965	253	19	0	0	0	3	27
11	5	1.65669896709733	547	12	0	0	0	4	27
11	6	2.6423598062247	259	18	0	0	0	5	27
11	7	3.35867407964543	321	18	0	0	0	6	27
11	8	5.02843461348675	229	22	0	0	0	7	27
11	9	4.07682981342077	400	21	0	0	0	8	27
11	9	9.20988330524415	104	45	2	0	0	9	27
13	1	2.39989677909762	228	18	1	0	0	1	27
13	3	2.49089546059258	434	14	0	0	0	2	27
13	4	1.98961271299049	271	17	0	0	0	3	27
13	5	4.24474035296589	519	15	0	0	0	4	27
13	7	1.43766222358681	264	17	0	0	0	5	27
13	8	3.80753421387635	416	47	2	0	0	6	27
14	1	5.58353055804037	313	16	1	0	0	1	27
14	2	3.21239671506919	233	17	0	0	0	2	27
14	3	0.757019805489108	245	18	0	0	0	3	27
14	5	2.37517581717111	505	18	0	0	0	4	27
14	6	3.3603811331559	183	14	0	0	0	5	27
14	8	0.446331678424031	977	45	2	0	0	6	27
15	1	2.18439772888087	174	18	1	0	0	1	27
15	3	0.857033989625052	219	13	0	0	0	2	27
15	3	4.06721620913595	178	12	0	0	0	3	27
15	3	2.56136619718745	187	20	0	0	0	4	27
15	4	1.16899775294587	224	18	0	0	0	5	27
15	5	1.33171907579526	224	19	0	0	0	6	27
15	7	1.37487510871142	415	21	0	0	0	7	27
15	8	2.8094165106304	321	27	0	0	0	8	27
15	9	4.3824787591584	256	12	0	0	0	9	27
15	9	7.85656905756332	192	44	2	0	0	10	27
16	1	3.21478167013265	204	13	1	0	0	1	27
16	2	3.65511879324913	259	20	0	0	0	2	27
16	3	1.4525376483798	270	16	0	0	0	3	27
16	4	3.80701536219567	219	16	0	0	0	4	27
16	5	1.51194312912412	260	22	0	0	0	5	27
16	6	5.13644614350051	213	18	0	0	0	6	27
16	6	11.4497039576527	260	14	0	0	0	7	27
16	6	15.3347537391819	174	47	2	0	0	8	27
17	1	3.81241434928961	201	14	1	0	0	1	27
17	2	4.26894251862541	234	14	0	0	0	2	27
17	3	0.268837220035493	222	14	0	0	0	3	27
17	4	1.66323009715416	228	13	0	0	0	4	27
17	5	1.59652004484087	228	18	0	0	0	5	27
17	6	3.54759728047065	373	23	0	0	0	6	27
17	8	3.81453033350408	317	18	0	0	0	7	27
17	9	3.6853788907174	537	51	2	0	0	8	27
19	1	3.8213855412323	171	13	1	0	0	1	27
19	2	3.16962655074894	208	17	0	0	0	2	27
19	3	3.41343626147136	210	16	0	0	0	3	27
19	4	2.60042386455461	338	17	0	0	0	4	27
19	5	2.6167688339483	411	19	0	0	0	5	27
19	6	2.94233241886832	203	16	0	0	0	6	27
19	7	2.65468848752789	236	14	0	0	0	7	27
19	8	4.03959957929328	169	20	0	0	0	8	27
19	10	0.990154193947092	652	24	0	0	0	9	27
19	11	7.18027457408607	478	12	0	0	0	10	27
19	11	11.7267403937876	116	40	2	0	0	11	27
20	1	2.21554560982622	182	18	1	0	0	1	27
20	2	4.67803124175407	201	14	0	0	0	2	27
20	2	10.1331131940242	155	16	0	0	0	3	27
20	3	5.72371132532135	175	16	0	0	0	4	27
20	4	3.26899789995514	228	21	0	0	0	5	27
20	5	1.78798501146957	222	14	0	0	0	6	27
20	6	3.54519639746286	402	21	0	0	0	7	27
20	8	1.14866731781512	412	19	0	0	0	8	27
20	10	2.64534333487973	775	52	2	0	0	9	27
21	1	3.16226605279371	230	14	1	0	0	1	27
21	2	3.89104032935575	351	19	0	0	0	2	27
21	3	0.180259758606553	373	18	0	0	0	3	27
21	3	7.74952984438278	347	19	0	0	0	4	27
21	5	3.10563750588335	228	15	0	0	0	5	27
21	6	2.9118433711119	262	17	0	0	0	6	27
21	7	0.00720720621757209	385	21	0	0	0	7	27
21	9	0.45162733271718	598	14	0	0	0	8	27
21	10	3.72322154627182	279	48	2	0	0	9	27
22	1	3.98680421453901	198	17	1	0	0	1	27
22	3	1.67617602855898	454	15	0	0	0	2	27
22	4	1.31577331968583	319	16	0	0	0	3	27
22	5	3.66804766841233	304	21	0	0	0	4	27
22	6	3.80602417746559	349	20	0	0	0	5	27
22	7	3.22343077580445	275	62	2	0	0	6	27
23	2	1.23086749645881	434	18	1	0	0	1	27
23	3	5.02253792155534	635	17	0	0	0	2	27
23	5	2.11478724959306	310	17	0	0	0	3	27
23	6	1.45347675331868	290	22	0	0	0	4	27
23	7	3.41498218197376	238	14	0	0	0	5	27
23	7	8.62965122889727	75	46	2	0	0	6	27
24	2	0.479604930616915	357	19	1	0	0	1	27
24	3	1.7745955416467	239	20	0	0	0	2	27
24	4	1.19683566642925	242	12	0	0	0	3	27
24	5	1.13652488496155	249	13	0	0	0	4	27
24	6	1.07718791440129	394	15	0	0	0	5	27
24	5	1.25723589677364	220	23	0	0	0	6	27
24	6	4.45184487989172	150	19	0	0	0	7	27
24	7	3.59259778307751	216	16	0	0	0	8	27
24	9	0.491583505179733	270	22	0	0	0	9	27
24	10	6.81519935163669	596	46	2	0	0	10	27
26	1	3.43145980173722	187	14	1	0	0	1	27
26	2	3.17658988386393	215	15	0	0	0	2	27
26	3	2.0511240218766	288	15	0	0	0	3	27
26	4	3.19107146258466	239	16	0	0	0	4	27
26	5	2.68580498429947	266	30	0	0	0	5	27
26	7	2.69134870008565	750	51	2	0	0	6	27
27	2	1.84989379439503	500	17	1	0	0	1	27
27	3	2.48849615175277	535	13	0	0	0	2	27
27	4	2.62404420645908	515	15	0	0	0	3	27
27	4	7.37631816742942	172	18	0	0	0	4	27
27	4	1.0961236229632	125	24	0	0	0	5	27
27	5	1.4540661086794	436	16	0	0	0	6	27
27	6	3.52544522797689	275	20	0	0	0	7	27
27	7	3.21508199814707	234	13	0	0	0	8	27
27	7	7.16058213845827	141	51	2	0	0	9	27
28	1	3.05276892287657	178	13	1	0	0	1	27
28	2	2.52809699974023	517	17	0	0	0	2	27
28	3	1.18812871235423	209	23	0	0	0	3	27
28	4	3.15733037679456	241	15	0	0	0	4	27
28	5	0.180505377938971	238	21	0	0	0	5	27
28	7	4.35281438287348	634	17	0	0	0	6	27
28	10	1.24921237258241	226	16	0	0	0	7	27
28	10	7.78900027321652	231	12	2	0	0	8	27
29	1	2.54981253575534	163	14	1	0	0	1	27
29	2	3.07445469265804	179	12	0	0	0	2	27
29	3	1.58419842272997	197	20	0	0	0	3	27
29	4	3.05356941348873	147	15	0	0	0	4	27
29	5	3.83258867752738	244	22	0	0	0	5	27
29	6	3.97136943368241	282	16	0	0	0	6	27
29	7	4.09139810386114	264	18	0	0	0	7	27
29	7	10.918407227844	323	16	0	0	0	8	27
29	8	1.29790298989974	375	50	2	0	0	9	27
30	1	2.7588958509732	206	16	1	0	0	1	27
30	2	3.22260104143061	219	18	0	0	0	2	27
30	3	1.97235657833517	322	16	0	0	0	3	27
30	4	1.85250791464932	407	18	0	0	0	4	27
30	5	0.211867701495066	312	13	0	0	0	5	27
30	5	4.74396290793084	370	18	0	0	0	6	27
30	7	3.48524354724213	425	60	2	0	0	7	27
31	1	1.19260026398115	170	18	1	0	0	1	27
31	3	0.235241285525262	470	21	0	0	0	2	27
31	4	2.54146014992148	248	21	0	0	0	3	27
31	5	1.65983733278699	218	22	0	0	0	4	27
31	6	3.99466672027484	165	15	0	0	0	5	27
31	7	2.80758741917089	244	14	0	0	0	6	27
31	8	2.95154788787477	250	19	0	0	0	7	27
31	9	5.78834228077903	408	45	2	0	0	8	27
32	1	2.84860524930991	196	17	1	0	0	1	27
32	2	3.76203819992952	176	16	0	0	0	2	27
32	3	1.34816502965987	274	17	0	0	0	3	27
32	4	2.80447639012709	178	14	0	0	0	4	27
32	5	1.90210210881196	288	18	0	0	0	5	27
32	6	2.44502353528515	339	17	0	0	0	6	27
32	7	1.06997951120138	316	18	0	0	0	7	27
32	8	5.3854697716888	533	20	0	0	0	8	27
32	8	13.9180088320281	229	55	2	0	0	9	27
33	1	3.59372025495395	196	18	1	0	0	1	27
33	2	2.83480430208147	263	14	0	0	0	2	27
33	3	2.09819775517099	346	24	0	0	0	3	27
33	4	3.60261947964318	448	22	0	0	0	4	27
33	5	1.96476702997461	266	18	0	0	0	5	27
33	6	5.62835963233374	454	22	0	0	0	6	27
33	7	5.40550233353861	572	15	0	0	0	7	27
33	7	11.5451496471651	175	48	2	0	0	8	27
35	1	2.74381212936714	179	15	1	0	0	1	27
35	2	2.85125340986997	253	19	0	0	0	2	27
35	3	1.6513223417569	516	17	0	0	0	3	27
35	4	2.58051747246645	394	19	0	0	0	4	27
35	5	2.05192708037794	173	15	0	0	0	5	27
35	6	3.16255241329782	246	61	2	0	0	6	27
36	2	1.36671872390434	459	17	1	0	0	1	27
36	3	2.96966252336279	290	17	0	0	0	2	27
36	4	1.89804557408206	652	20	0	0	0	3	27
36	5	3.3266078196466	342	25	0	0	0	4	27
36	6	3.78546402277425	264	15	0	0	0	5	27
36	7	2.04281505127437	161	14	2	0	0	6	27
37	2	0.317287094658241	440	16	1	0	0	1	27
37	3	2.68474430916831	373	13	0	0	0	2	27
37	4	1.83591060549952	227	15	0	0	0	3	27
37	5	0.314752950100228	272	13	0	0	0	4	27
37	6	0.0837066913954914	245	20	0	0	0	5	27
37	7	1.57860348327085	283	15	0	0	0	6	27
37	8	2.75537178036757	438	48	2	0	0	7	27
39	1	2.75001900689676	194	12	1	0	0	1	27
39	2	2.7902720880229	228	17	0	0	0	2	27
39	2	7.33606133726425	331	17	0	0	0	3	27
39	3	2.62218599789776	352	14	0	0	0	4	27
39	4	0.380429219454527	294	18	0	0	0	5	27
39	5	1.50933317746967	254	15	0	0	0	6	27
39	6	0.847940305946395	234	15	0	0	0	7	27
39	7	1.4228405514732	282	17	0	0	0	8	27
39	8	3.51089216466062	207	13	0	0	0	9	27
39	9	3.282580640167	337	12	2	0	0	10	27
40	1	2.98199007543735	233	16	1	0	0	1	27
40	2	2.22944558877498	249	17	0	0	0	2	27
40	3	4.07956343889236	203	17	0	0	0	3	27
40	4	4.71151965553872	199	16	0	0	0	4	27
40	5	4.43501247302629	173	14	0	0	0	5	27
40	6	2.36743242898956	186	21	0	0	0	6	27
40	7	2.93497283360921	206	17	0	0	0	7	27
40	8	3.1932129166089	253	16	0	0	0	8	27
40	9	4.58153963438235	290	14	0	0	0	9	27
40	10	3.86289432668127	272	18	0	0	0	10	27
40	11	4.07346622995101	371	47	2	0	0	11	27
42	2	0.896583242574707	224	17	1	0	0	1	27
42	3	1.47107373480685	250	17	0	0	0	2	27
42	4	1.40127606131136	465	15	0	0	0	3	27
42	5	1.62324646953493	274	19	0	0	0	4	27
42	7	0.319052494829521	275	19	0	0	0	5	27
42	8	2.20907740667462	189	14	0	0	0	6	27
42	8	7.19453872926533	252	15	0	0	0	7	27
42	8	2.87667815270834	289	23	0	0	0	8	27
42	9	3.30966176162474	277	13	0	0	0	9	27
42	9	6.97716482239775	405	13	0	0	0	10	27
42	9	2.83724311972037	265	16	0	0	0	11	27
42	9	7.83784618391655	188	57	0	0	0	12	27
42	9	10.4318996309303	175	13	2	0	0	13	27
43	1	2.36268973839469	201	17	1	0	0	1	27
43	2	2.85079211532138	239	15	0	0	0	2	27
43	3	2.60540994466282	260	17	0	0	0	3	27
43	4	3.74511884548701	440	18	0	0	0	4	27
43	5	1.13843518123031	297	15	0	0	0	5	27
43	6	3.96553452243097	460	18	0	0	0	6	27
43	7	4.497453403892	360	19	0	0	0	7	27
43	8	3.95591952512041	258	17	0	0	0	8	27
43	8	9.40017365524545	655	50	2	0	0	9	27
44	1	1.5589473976288	198	14	1	0	0	1	27
44	2	4.97746860352345	247	16	0	0	0	2	27
44	3	4.60370138543658	240	14	0	0	0	3	27
44	4	2.0199935385026	237	18	0	0	0	4	27
44	6	0.316169822355732	171	13	0	0	0	5	27
44	6	4.07860830426216	261	23	0	0	0	6	27
44	7	3.4554950282909	247	20	0	0	0	7	27
44	8	5.30413765343837	381	14	0	0	0	8	27
44	9	3.26902473764494	195	18	0	0	0	9	27
44	10	3.38492055493407	289	48	2	0	0	10	27
45	1	6.93496699328534	287	23	1	0	0	1	27
45	2	3.5858751796186	198	19	0	0	0	2	27
45	4	1.97787390346639	177	13	0	0	0	3	27
45	5	3.0292177319061	410	22	0	0	0	4	27
45	6	2.85183042567223	450	17	2	0	0	5	27
46	1	3.89497514232062	224	17	1	0	0	1	27
46	3	1.53528083884157	247	18	0	0	0	2	27
46	4	0.0154809453524649	202	19	0	0	0	3	27
46	5	1.88079008087516	265	19	0	0	0	4	27
46	6	1.73374614631757	368	19	0	0	0	5	27
46	7	3.39973025606014	277	18	2	0	0	6	27
47	2	2.09773923247121	152	13	1	0	0	1	27
47	1	3.58843071339652	142	17	0	0	0	2	27
47	2	4.68088892428204	181	15	0	0	0	3	27
47	3	1.88406196725555	203	18	0	0	0	4	27
47	4	0.774556833785027	233	27	0	0	0	5	27
47	6	0.273202513344586	139	17	0	0	0	6	27
47	6	3.1818987482693	165	27	0	0	0	7	27
47	7	4.11960575217381	198	18	0	0	0	8	27
47	8	4.47035721922293	360	19	0	0	0	9	27
47	9	5.28606899571605	397	55	2	0	0	10	27
48	1	2.69713489455171	206	18	1	0	0	1	27
48	2	3.90643230150454	174	14	0	0	0	2	27
48	3	2.24340278701857	199	17	0	0	0	3	27
48	4	1.1246513244696	281	20	0	0	0	4	27
48	5	4.74186689849012	241	19	0	0	0	5	27
48	6	2.02710114489309	266	22	0	0	0	6	27
48	8	3.05759558454156	212	15	0	0	0	7	27
48	8	8.83181322831661	504	47	2	0	0	8	27
49	1	4.56757253292017	280	16	1	0	0	1	27
49	2	4.09877623221837	279	14	0	0	0	2	27
49	3	2.7078855088912	419	22	0	0	0	3	27
49	4	5.85561291826889	532	22	0	0	0	4	27
49	5	2.69664738164283	255	14	0	0	0	5	27
49	6	0.0669191600754857	293	19	0	0	0	6	27
49	7	3.28551457123831	329	17	0	0	0	7	27
49	8	5.22044716752134	194	14	0	0	0	8	27
49	8	13.4051984276157	274	40	2	0	0	9	27
50	1	3.00954399560578	186	14	1	0	0	1	27
50	2	3.96003275574185	277	17	0	0	0	2	27
50	3	1.7596363783814	196	19	0	0	0	3	27
50	2	2.84012361732312	220	23	0	0	0	4	27
50	4	0.549901075428352	219	19	0	0	0	5	27
50	5	3.63267795694992	264	16	0	0	0	6	27
50	7	1.20486491010524	253	18	0	0	0	7	27
50	8	1.41857139370404	301	22	0	0	0	8	27
50	9	4.58254948514514	256	13	0	0	0	9	27
50	9	8.75280568795279	135	47	2	0	0	10	27
51	2	0.796467468841001	457	21	1	0	0	1	27
51	3	2.80818309262395	278	17	0	0	0	2	27
51	4	0.625320374500006	331	21	0	0	0	3	27
51	6	0.282052258495241	571	18	0	0	0	4	27
51	8	5.86423001415096	374	17	0	0	0	5	27
51	9	3.02533042104915	468	17	0	0	0	6	27
51	10	3.32632664730772	296	17	0	0	0	7	27
51	11	5.24821013305336	185	12	0	0	0	8	27
51	11	7.57302091945894	166	41	2	0	0	9	27
52	1	2.99789253761992	175	13	1	0	0	1	27
52	2	3.25085206073709	342	19	0	0	0	2	27
52	3	1.55347033729777	268	18	0	0	0	3	27
52	4	2.35420645796694	300	17	0	0	0	4	27
52	5	2.27751903468743	272	17	0	0	0	5	27
52	6	4.33453572914004	500	66	2	0	0	6	27
53	1	2.01491298573092	154	16	1	0	0	1	27
53	2	4.81279179616831	212	17	0	0	0	2	27
53	3	2.71434847638011	395	18	0	0	0	3	27
53	4	1.63978050742298	237	12	0	0	0	4	27
53	5	2.32537471759133	444	18	0	0	0	5	27
53	6	1.81441314565018	223	19	0	0	0	6	27
53	8	2.08643962070346	334	16	0	0	0	7	27
53	9	3.77092500356957	419	46	2	0	0	8	27
54	1	1.27073190710507	172	12	1	0	0	1	27
54	2	2.29421378299594	240	14	0	0	0	2	27
54	3	1.26339955069125	189	18	0	0	0	3	27
54	4	2.70740215387195	589	13	0	0	0	4	27
54	6	1.15512597095221	270	16	0	0	0	5	27
54	7	0.455085711553693	221	17	0	0	0	6	27
54	8	2.47460008086637	389	59	2	0	0	7	27
55	1	3.76801047590561	185	16	1	0	0	1	27
55	2	4.04977449285798	329	18	0	0	0	2	27
55	3	2.55840346869081	254	18	0	0	0	3	27
55	4	1.07709199050441	213	15	0	0	0	4	27
55	4	5.1657010903582	189	12	0	0	0	5	27
55	4	2.09357925504446	136	20	0	0	0	6	27
55	5	2.70392917050049	253	13	0	0	0	7	27
55	6	2.55018115928397	155	14	0	0	0	8	27
55	7	2.64392478996888	241	17	0	0	0	9	27
55	8	2.09462209395133	374	20	0	0	0	10	27
55	9	2.09440073184669	294	18	0	0	0	11	27
55	10	2.66568007715978	723	60	2	0	0	12	27
56	1	2.22762655164115	177	17	1	0	0	1	27
56	2	4.93927058088593	159	15	0	0	0	2	27
56	4	0.198020406300202	238	14	0	0	0	3	27
56	5	2.65370923932642	363	21	0	0	0	4	27
56	6	3.80018953769468	292	17	0	0	0	5	27
56	7	1.4084014496766	225	52	2	0	0	6	27
57	1	3.27893894934095	219	13	1	0	0	1	27
57	2	2.61107495473698	276	16	0	0	0	2	27
57	3	1.89727471652441	341	15	0	0	0	3	27
57	3	6.47516095358878	219	16	0	0	0	4	27
57	5	0.0603940403088927	279	16	0	0	0	5	27
57	6	1.02478930121288	253	13	0	0	0	6	27
57	7	0.976862506009638	108	16	2	0	0	7	27
58	1	2.61097899731249	217	15	1	0	0	1	27
58	2	2.37344730901532	223	17	0	0	0	2	27
58	4	0.903874775860459	225	20	0	0	0	3	27
58	5	1.6888474682346	516	19	0	0	0	4	27
58	7	1.8596657437738	285	17	0	0	0	5	27
58	8	1.40690848557279	211	16	0	0	0	6	27
58	9	2.39533941913396	224	12	2	0	0	7	27
60	1	2.79953446658328	163	12	1	0	0	1	27
60	2	4.99520303728059	173	13	0	0	0	2	27
60	4	5.60403559519909	555	17	0	0	0	3	27
60	7	2.33461863547564	315	17	0	0	0	4	27
60	6	0.519572637975216	283	27	0	0	0	5	27
60	8	2.52218123641796	392	19	2	0	0	6	27
61	1	3.03585368697532	171	16	1	0	0	1	27
61	2	3.87502063321881	226	15	0	0	0	2	27
61	3	0.666342377196997	247	18	0	0	0	3	27
61	4	0.132723059738055	331	15	0	0	0	4	27
61	4	7.28006418468431	163	14	0	0	0	5	27
61	5	2.25188895477913	203	15	0	0	0	6	27
61	6	3.49176813452505	230	21	0	0	0	7	27
61	7	4.43840326159261	359	48	2	0	0	8	27
62	1	2.29238624288701	173	14	1	0	0	1	27
62	2	3.34524853900075	227	12	0	0	0	2	27
62	3	2.54707151139155	236	19	0	0	0	3	27
62	4	2.1625443524681	264	16	0	0	0	4	27
62	5	0.983125760685652	265	14	0	0	0	5	27
62	6	0.245856070425361	241	18	0	0	0	6	27
62	6	7.46434804610908	239	19	0	0	0	7	27
62	8	2.69403158291243	236	15	0	0	0	8	27
62	8	9.02905423520133	495	21	0	0	0	9	27
62	8	3.36205679853447	65	47	2	0	0	10	27
63	1	2.82798367436044	162	13	1	0	0	1	27
63	2	4.35789487557486	676	16	0	0	0	2	27
63	3	5.91529517900199	302	14	0	0	0	3	27
63	4	3.17990751657635	288	15	0	0	0	4	27
63	5	1.78020884888247	238	19	0	0	0	5	27
63	6	2.05997635726817	229	15	0	0	0	6	27
63	8	0.837967279367149	246	16	0	0	0	7	27
63	8	6.29703200305812	229	14	2	0	0	8	27
65	1	3.19931437075138	211	18	1	0	0	1	27
65	2	3.70280025200918	152	13	0	0	0	2	27
65	3	3.28340162266977	225	25	0	0	0	3	27
65	4	3.80241570901126	338	18	0	0	0	4	27
65	5	2.29153945925646	236	17	0	0	0	5	27
65	6	3.56520719244145	205	17	0	0	0	6	27
65	7	5.861809985945	170	19	0	0	0	7	27
65	9	1.1749213996809	227	19	0	0	0	8	27
65	10	4.24236093577929	195	24	2	0	0	9	27
66	2	0.731646906351671	222	17	1	0	0	1	27
66	3	1.6678942614235	199	18	0	0	0	2	27
66	4	2.68604936520569	481	17	0	0	0	3	27
66	3	3.48062499286607	175	20	0	0	0	4	27
66	4	6.22889466374181	177	18	0	0	0	5	27
66	6	0.271918800426647	174	13	0	0	0	6	27
66	6	3.50121090747416	231	15	0	0	0	7	27
66	7	1.91138131683692	373	20	0	0	0	8	27
66	9	0.428808520548046	291	20	0	0	0	9	27
66	10	1.11419065762311	199	13	0	0	0	10	27
66	10	4.86754456232302	358	23	0	0	0	11	27
66	11	2.17139341542497	251	14	0	0	0	12	27
66	11	5.24047535727732	105	41	2	0	0	13	27
67	1	3.48327514482662	160	16	1	0	0	1	27
67	2	3.96593604586087	225	16	0	0	0	2	27
67	3	2.32755476562306	256	23	0	0	0	3	27
67	4	5.09263276774436	185	13	0	0	0	4	27
67	4	11.9977646141779	168	17	0	0	0	5	27
67	6	4.70858860365115	403	22	0	0	0	6	27
67	7	6.60132566606626	328	17	0	0	0	7	27
67	7	10.8454856299795	192	13	0	0	0	8	27
67	7	6.43084499752149	130	15	0	0	0	9	27
67	7	12.8828861936927	388	48	2	0	0	10	27
69	1	2.04085632320493	182	15	1	0	0	1	27
69	2	3.73442912450992	395	19	0	0	0	2	27
69	3	2.66940420959145	291	17	0	0	0	3	27
69	4	0.920927618863061	454	18	0	0	0	4	27
69	5	0.830820580478758	220	15	0	0	0	5	27
69	6	0.341587283648551	411	21	0	0	0	6	27
69	7	4.64868592214771	249	15	2	0	0	7	27
70	1	4.56152084679343	349	14	1	0	0	1	27
70	2	3.30975904827937	217	13	0	0	0	2	27
70	3	4.74552925792523	194	13	0	0	0	3	27
70	4	2.72984145651571	169	13	0	0	0	4	27
70	5	4.75842390418984	448	15	0	0	0	5	27
70	6	2.45172721333802	316	19	0	0	0	6	27
70	7	2.40038790437393	249	18	0	0	0	7	27
70	8	2.33387606753968	296	15	0	0	0	8	27
70	9	5.19739902438596	179	15	2	0	0	9	27
71	1	4.62152917636558	198	17	1	0	0	1	27
71	2	4.40418390394188	226	13	0	0	0	2	27
71	3	3.18518764921464	248	15	0	0	0	3	27
71	4	1.99761814298108	295	15	0	0	0	4	27
71	5	0.357760870363563	220	17	0	0	0	5	27
71	6	1.71207546489313	261	22	0	0	0	6	27
71	7	4.05609265947714	159	15	0	0	0	7	27
71	8	3.5249298538547	196	14	0	0	0	8	27
71	9	3.97725624334998	299	13	0	0	0	9	27
71	10	4.89438759046607	298	16	0	0	0	10	27
71	11	5.94705799268559	433	16	2	0	0	11	27
72	1	3.13429878419265	218	18	1	0	0	1	27
72	2	3.95552587881684	286	16	0	0	0	2	27
72	3	2.75014274241403	316	16	0	0	0	3	27
72	4	0.143633703002706	240	15	0	0	0	4	27
72	4	5.71471527754329	148	13	0	0	0	5	27
72	6	0.991389787290245	373	20	0	0	0	6	27
72	7	5.36066757142544	605	53	2	0	0	7	27
73	1	2.13971331482753	164	15	1	0	0	1	27
73	2	2.33619005698711	240	20	0	0	0	2	27
73	3	2.67744736978784	288	18	0	0	0	3	27
73	5	3.43664077552967	362	20	0	0	0	4	27
73	6	2.26148912939243	230	18	0	0	0	5	27
73	7	0.331853338517249	264	12	0	0	0	6	27
73	8	2.67732622125186	315	18	0	0	0	7	27
73	9	4.36836462421343	292	17	0	0	0	8	27
73	10	5.78216704982333	428	14	0	0	0	9	27
73	10	12.0623106870335	529	41	2	0	0	10	27
74	1	2.29912803554907	241	21	1	0	0	1	27
74	2	2.02568456414156	329	16	0	0	0	2	27
74	3	4.1194798250217	161	13	0	0	0	3	27
74	4	3.80773507710546	164	18	0	0	0	4	27
74	5	2.52504166751169	179	19	0	0	0	5	27
74	4	1.0173399541527	193	25	0	0	0	6	27
74	5	3.49329743161798	243	23	0	0	0	7	27
74	7	1.48880473012105	387	26	0	0	0	8	27
74	8	3.41195051674731	235	26	0	0	0	9	27
74	9	3.45605457667261	307	16	0	0	0	10	27
74	10	5.33107003825717	177	13	0	0	0	11	27
74	10	8.00289785023779	257	50	2	0	0	12	27
75	2	0.265821373322979	452	17	1	0	0	1	27
75	3	1.51277060573921	433	20	0	0	0	2	27
75	4	0.274783995002508	307	13	0	0	0	3	27
75	4	7.24861091491766	409	18	0	0	0	4	27
75	5	8.35090321744792	205	19	0	0	0	5	27
75	7	2.45179213420488	267	18	0	0	0	6	27
75	9	3.91966074961238	293	13	0	0	0	7	27
75	9	7.14855816448107	303	38	2	0	0	8	27
76	1	2.7615647893399	181	12	1	0	0	1	27
76	2	3.71633935673162	189	18	0	0	0	2	27
76	3	3.2287666099146	248	15	0	0	0	3	27
76	4	2.52702132449485	373	23	0	0	0	4	27
76	5	3.59499491658062	203	16	0	0	0	5	27
76	6	4.13853670097888	274	26	0	0	0	6	27
76	7	0.258151281857863	247	24	0	0	0	7	27
76	8	1.69299500249326	293	15	0	0	0	8	27
76	10	0.158337768167257	194	51	2	0	0	9	27
77	1	3.64086687075906	198	13	1	0	0	1	27
77	2	3.95523584750481	292	20	0	0	0	2	27
77	3	2.87167581636459	302	15	0	0	0	3	27
77	4	1.67846701270901	187	17	0	0	0	4	27
77	5	1.69062195974402	281	12	0	0	0	5	27
77	6	2.8425657118205	243	14	0	0	0	6	27
77	7	7.784225985175	759	53	2	0	0	7	27
79	1	3.56165147572756	175	19	1	0	0	1	27
79	2	3.3124679592438	174	17	0	0	0	2	27
79	3	4.56495711766183	170	16	0	0	0	3	27
79	5	0.173645292408764	205	16	0	0	0	4	27
79	6	2.97077064332552	166	17	0	0	0	5	27
79	8	0.413884871406481	156	13	0	0	0	6	27
79	8	3.9840927538462	246	23	0	0	0	7	27
79	9	2.24044695356861	274	20	0	0	0	8	27
79	10	3.22009233548306	421	47	2	0	0	9	27
80	2	1.64669315656647	381	12	1	0	0	1	27
80	2	4.0646348844748	192	19	0	0	0	2	27
80	3	1.4574421539437	266	13	0	0	0	3	27
80	3	6.08904691715725	164	14	0	0	0	4	27
80	4	1.95564825204201	261	16	0	0	0	5	27
80	5	2.53351917560212	188	18	0	0	0	6	27
80	6	1.14073179080151	240	17	0	0	0	7	27
80	7	1.15673527237959	226	16	0	0	0	8	27
80	8	2.73085473710671	208	17	0	0	0	9	27
80	8	5.70616592280567	387	20	0	0	0	10	27
80	9	3.73166544223204	615	15	2	0	0	11	27
81	2	1.25793650979176	526	20	1	0	0	1	27
81	3	3.66339484136552	565	23	0	0	0	2	27
81	4	0.910513004288077	248	14	0	0	0	3	27
81	5	0.265042715007439	251	16	0	0	0	4	27
81	6	1.35265573952347	496	18	0	0	0	5	27
81	7	2.32437954121269	524	19	0	0	0	6	27
81	8	4.24433959368616	282	14	0	0	0	7	27
81	8	7.14441585261375	237	46	2	0	0	8	27
82	1	3.47533179307356	174	17	1	0	0	1	27
82	2	4.56044936762191	199	20	0	0	0	2	27
82	3	4.04821872198954	256	19	0	0	0	3	27
82	4	0.546773207141086	267	21	0	0	0	4	27
82	5	2.81768411607482	220	23	0	0	0	5	27
82	7	4.25402753637172	265	14	0	0	0	6	27
82	6	0.949720294913277	272	19	0	0	0	7	27
82	7	5.15117973391898	225	24	0	0	0	8	27
82	8	4.35936458269134	350	18	0	0	0	9	27
82	9	4.2944301313255	380	17	0	0	0	10	27
82	10	3.31239102594554	224	41	2	0	0	11	27
83	1	2.95550125977024	190	15	1	0	0	1	27
83	2	2.53161145141348	197	19	0	0	0	2	27
83	3	3.0281079611741	151	17	0	0	0	3	27
83	4	2.24252769607119	213	18	0	0	0	4	27
83	5	2.31110408739187	380	13	0	0	0	5	27
83	5	6.99776486260816	219	17	0	0	0	6	27
83	7	2.79002274875529	192	15	0	0	0	7	27
83	8	4.87583238747902	198	16	0	0	0	8	27
83	8	8.48084924486466	200	23	0	0	0	9	27
83	9	4.70482825534418	324	19	0	0	0	10	27
83	9	10.2317705852911	211	14	2	0	0	11	27
84	1	3.09144334355369	197	19	1	0	0	1	27
84	3	1.15445206570439	248	17	0	0	0	2	27
84	4	1.74351551989093	326	17	0	0	0	3	27
84	5	1.49369245418347	352	23	0	0	0	4	27
84	6	1.41318381321616	241	14	0	0	0	5	27
84	7	1.89152637124062	306	18	0	0	0	6	27
84	8	3.81505539431237	318	23	2	0	0	7	27
85	1	2.45329274982214	138	12	1	0	0	1	27
85	2	1.45902066887356	258	14	0	0	0	2	27
85	2	7.77640801365487	175	14	0	0	0	3	27
85	3	2.87271508877166	264	15	0	0	0	4	27
85	4	0.821650998666883	325	17	0	0	0	5	27
85	5	2.91184819233604	252	18	0	0	0	6	27
85	7	0.443935581948608	285	18	0	0	0	7	27
85	8	3.09204349247739	477	14	0	0	0	8	27
85	8	0.866172652924433	137	17	0	0	0	9	27
85	9	3.78271661465988	413	43	2	0	0	10	27
86	2	0.487820955226198	325	27	1	0	0	1	27
86	3	2.17752960626967	301	23	0	0	0	2	27
86	4	3.02393330726773	232	20	0	0	0	3	27
86	5	1.83770560682751	187	21	0	0	0	4	27
86	4	3.63188891345635	317	23	0	0	0	5	27
86	5	1.1812506604474	323	21	0	0	0	6	27
86	6	4.34024603897706	174	12	0	0	0	7	27
86	6	9.6110287157353	261	21	0	0	0	8	27
86	7	2.74699860881083	291	17	0	0	0	9	27
86	8	4.4842060143128	289	16	0	0	0	10	27
86	9	5.51879399688914	570	43	2	0	0	11	27
88	2	0.0805879656691104	403	14	1	0	0	1	27
88	3	4.13351236935705	419	17	0	0	0	2	27
88	4	1.87228560866788	376	17	0	0	0	3	27
88	5	3.62889891956002	225	20	0	0	0	4	27
88	6	2.51624828320928	286	22	0	0	0	5	27
88	7	2.94399966835044	253	20	0	0	0	6	27
88	9	2.28222548170015	390	13	2	0	0	7	27
89	2	0.130447567906231	376	14	1	0	0	1	27
89	3	1.3042677284684	202	18	0	0	0	2	27
89	4	1.92202629498206	362	16	0	0	0	3	27
89	5	1.52234783233143	169	17	0	0	0	4	27
89	6	5.36341283842921	393	20	0	0	0	5	27
89	7	3.82891661813483	276	20	2	0	0	6	27
90	1	4.19987288932316	478	20	1	0	0	1	27
90	3	3.36662368988618	321	17	0	0	0	2	27
90	3	9.96146852802485	210	16	0	0	0	3	27
90	3	3.93070955527946	244	23	0	0	0	4	27
90	4	2.51337887812406	203	22	0	0	0	5	27
90	5	5.80925544304773	173	15	0	0	0	6	27
90	6	3.12134844623506	192	20	0	0	0	7	27
90	7	3.83283008215949	423	23	0	0	0	8	27
90	8	2.31007230188698	277	13	0	0	0	9	27
90	9	3.55345089617185	156	46	2	0	0	10	27
91	1	3.06476273783483	355	16	1	0	0	1	27
91	2	7.48503232421353	202	17	0	0	0	2	27
91	3	0.379128105705604	232	26	0	0	0	3	27
91	4	6.34223801153712	228	17	0	0	0	4	27
91	6	1.07687973324209	188	14	0	0	0	5	27
91	7	2.95658583426848	217	16	0	0	0	6	27
91	7	6.34813889232464	83	16	0	0	0	7	27
91	8	3.23777870135382	248	18	0	0	0	8	27
91	9	3.72921299608424	250	13	0	0	0	9	27
91	10	3.60807868186384	93	42	2	0	0	10	27
93	2	0.758107661269605	252	12	1	0	0	1	27
93	2	5.46932644373737	197	22	0	0	0	2	27
93	3	3.794101560954	252	18	0	0	0	3	27
93	4	3.29238609527238	331	15	0	0	0	4	27
93	5	3.34861434926279	268	13	0	0	0	5	27
93	5	7.90704141953029	166	13	0	0	0	6	27
93	5	11.1796480622143	207	18	0	0	0	7	27
93	6	3.09086451353505	279	16	0	0	0	8	27
93	7	4.86733533465303	176	15	0	0	0	9	27
93	7	9.74777066078968	148	20	0	0	0	10	27
93	8	7.82467357069254	275	13	0	0	0	11	27
93	8	12.099236487411	389	40	2	0	0	12	27
94	1	2.1726082470268	200	16	1	0	0	1	27
94	2	3.19429709296674	181	16	0	0	0	2	27
94	3	2.61392240785062	253	17	0	0	0	3	27
94	5	2.69756396557204	419	18	0	0	0	4	27
94	6	1.29773966246285	296	15	0	0	0	5	27
94	7	1.91632805624977	267	16	0	0	0	6	27
94	8	4.00142979901284	186	26	0	0	0	7	27
94	9	4.16048431931995	272	12	0	0	0	8	27
94	9	7.03325642785057	214	46	2	0	0	9	27
95	2	1.148578585824	406	16	1	0	0	1	27
95	3	3.2438506889157	438	17	0	0	0	2	27
95	5	0.28855609591119	223	12	0	0	0	3	27
95	5	2.05495255906135	312	17	0	0	0	4	27
95	5	7.37501612096094	338	17	0	0	0	5	27
95	7	1.17959556472488	255	15	0	0	0	6	27
95	7	7.9570848364383	292	56	2	0	0	7	27
96	1	2.37056766892783	208	18	1	0	0	1	27
96	2	3.6802443373017	178	21	0	0	0	2	27
96	3	7.03771932120435	331	18	0	0	0	3	27
96	5	2.38187612686306	250	21	0	0	0	4	27
96	7	2.28248173231259	332	18	0	0	0	5	27
96	8	1.93817745544948	397	22	0	0	0	6	27
96	9	3.19294866081327	306	14	0	0	0	7	27
96	10	3.01679072878323	221	20	0	0	0	8	27
96	11	6.05414333753288	249	18	0	0	0	9	27
96	12	5.22410069336183	473	41	2	0	0	10	27
97	1	2.28783293161541	189	13	1	0	0	1	27
97	2	3.3285325425677	341	12	0	0	0	2	27
97	1	3.74665291071869	220	16	0	0	0	3	27
97	2	4.25461740815081	180	16	0	0	0	4	27
97	3	3.16675755009055	360	15	0	0	0	5	27
97	4	2.73674862575717	373	15	0	0	0	6	27
97	3	3.63076688698493	177	19	0	0	0	7	27
97	4	2.17511966032907	995	22	0	0	0	8	27
97	6	0.190695321653038	403	12	0	0	0	9	27
97	7	2.58497945894487	281	19	0	0	0	10	27
97	9	6.98051957204007	551	45	2	0	0	11	27
98	1	2.65109655237757	195	14	1	0	0	1	27
98	2	2.13978272257373	281	13	0	0	0	2	27
98	2	7.10938848997466	221	14	0	0	0	3	27
98	4	0.650222725933418	148	13	0	0	0	4	27
98	4	3.15728570567444	352	20	0	0	0	5	27
98	5	0.620011423714459	153	13	0	0	0	6	27
98	4	4.72592986398377	336	21	0	0	0	7	27
98	5	1.76903103338555	121	18	0	0	0	8	27
98	4	3.47213804791681	208	30	0	0	0	9	27
98	6	1.27354535181075	290	23	0	0	0	10	27
98	7	1.75693003786728	326	15	0	0	0	11	27
98	9	1.51335602719337	502	18	0	0	0	12	27
98	10	3.16685598203912	500	50	2	0	0	13	27
99	1	2.80735679040663	178	15	1	0	0	1	27
99	2	3.39410380134359	314	20	0	0	0	2	27
99	3	3.16474799485877	316	16	0	0	0	3	27
99	5	0.522310260683298	599	17	0	0	0	4	27
99	6	0.230985648697242	581	26	0	0	0	5	27
99	7	1.14133695093915	344	17	0	0	0	6	27
99	8	3.66126437298954	199	12	0	0	0	7	27
99	8	8.34026484866627	224	47	2	0	0	8	27
100	1	2.50355876656249	174	17	1	0	0	1	27
100	2	3.22735866857693	203	18	0	0	0	2	27
100	3	2.83063700003549	255	17	0	0	0	3	27
100	4	1.3780966878403	210	13	0	0	0	4	27
100	5	2.83183945948258	161	24	0	0	0	5	27
100	6	2.81159045430832	247	17	0	0	0	6	27
100	7	0.105378055479378	377	17	0	0	0	7	27
100	8	3.14307595277205	315	26	0	0	0	8	27
100	9	5.99866457958706	222	22	2	0	0	9	27
101	1	3.08182800188661	183	13	1	0	0	1	27
101	2	3.24968396872282	295	20	0	0	0	2	27
101	3	2.47144230664708	361	20	0	0	0	3	27
101	4	1.20356394257396	237	12	0	0	0	4	27
101	5	1.1823007601779	274	14	0	0	0	5	27
101	6	1.7025807951577	313	13	0	0	0	6	27
101	6	7.22159750037827	267	17	0	0	0	7	27
101	8	2.66805712110363	232	21	0	0	0	8	27
101	9	3.21193278231658	190	13	0	0	0	9	27
101	10	2.71583257638849	128	45	2	0	0	10	27
102	1	2.34375672787428	163	12	1	0	0	1	27
102	2	3.66872693435289	346	21	0	0	0	2	27
102	3	3.18323634681292	217	16	0	0	0	3	27
102	4	1.74533690116368	512	14	0	0	0	4	27
102	5	2.13530397415161	220	14	0	0	0	5	27
102	5	4.39549198094755	171	22	0	0	0	6	27
102	6	1.13885548175313	349	19	0	0	0	7	27
102	7	1.17472512810491	359	21	0	0	0	8	27
102	8	2.60160509124398	256	19	0	0	0	9	27
102	9	2.6642436964903	247	12	0	0	0	10	27
102	9	5.41917878482491	195	52	2	0	0	11	27
103	2	1.52515810006298	228	20	1	0	0	1	27
103	2	5.80461212736554	162	19	0	0	0	2	27
103	3	3.22388228448108	269	21	0	0	0	3	27
103	4	4.05809875507839	487	17	0	0	0	4	27
103	5	0.408232205780223	297	16	0	0	0	5	27
103	6	0.101901250192896	232	15	0	0	0	6	27
103	6	4.43509564409032	138	14	0	0	0	7	27
103	7	2.17531702877022	257	18	0	0	0	8	27
103	8	3.22210353938863	327	12	0	0	0	9	27
103	8	5.64293250115588	280	54	2	0	0	10	27
104	1	2.20432537840679	171	19	1	0	0	1	27
104	2	5.04025459825061	242	20	0	0	0	2	27
104	4	0.1590818495024	369	24	0	0	0	3	27
104	5	2.33125187340192	255	13	0	0	0	4	27
104	7	2.30798113718629	521	17	0	0	0	5	27
104	8	2.59398288163356	492	27	0	0	0	6	27
104	10	2.68869493319653	637	43	2	0	0	7	27
105	1	1.36920840875246	214	16	1	0	0	1	27
105	2	1.41679745586589	282	16	0	0	0	2	27
105	3	2.54495351039805	348	23	0	0	0	3	27
105	4	0.841329670511186	262	15	0	0	0	4	27
105	5	0.174402284668759	289	20	0	0	0	5	27
105	6	2.3235667985864	290	15	0	0	0	6	27
105	7	2.01792164822109	271	61	2	0	0	7	27
106	1	1.51535019953735	234	16	1	0	0	1	27
106	2	1.98988045193255	237	15	0	0	0	2	27
106	2	8.72860613861121	358	24	0	0	0	3	27
106	3	7.06813887972385	275	18	0	0	0	4	27
106	4	2.83662897930481	518	16	0	0	0	5	27
106	4	6.17334483237937	183	20	0	0	0	6	27
106	6	2.82608865085058	171	15	0	0	0	7	27
106	7	3.17145635280758	626	44	2	0	0	8	27
108	1	3.80007278290577	235	17	1	0	0	1	27
108	2	4.42848361982033	451	23	0	0	0	2	27
108	3	2.14505908964202	539	23	0	0	0	3	27
108	4	2.25005204207264	365	21	0	0	0	4	27
108	4	9.79787826980464	219	14	0	0	0	5	27
108	6	1.85431539965793	189	18	0	0	0	6	27
108	7	1.97185493749566	233	29	0	0	0	7	27
108	9	4.62270775064826	367	14	2	0	0	8	27
109	1	3.10205912333913	273	13	1	0	0	1	27
109	2	3.66705600032583	239	21	0	0	0	2	27
109	3	1.56612740107812	245	18	0	0	0	3	27
109	4	1.13429125607945	296	16	0	0	0	4	27
109	5	1.58989081368782	255	16	0	0	0	5	27
109	6	0.585086514009163	298	18	0	0	0	6	27
109	7	2.60051709925756	264	15	0	0	0	7	27
109	8	4.84814190585166	241	22	0	0	0	8	27
109	9	5.46153836278245	291	16	0	0	0	9	27
109	9	11.4919726997614	187	43	2	0	0	10	27
110	2	1.85321537661366	472	20	1	0	0	1	27
110	3	2.87486431701109	237	14	0	0	0	2	27
110	4	1.76459326664917	199	19	0	0	0	3	27
110	5	2.02509390260093	232	24	0	0	0	4	27
110	6	3.5116149999667	286	19	0	0	0	5	27
110	7	5.68465756135993	188	22	0	0	0	6	27
110	8	3.89393926272169	238	22	0	0	0	7	27
110	9	2.15688216453418	397	20	0	0	0	8	27
110	10	5.16364117152989	316	17	0	0	0	9	27
110	10	10.9395715510473	267	12	0	0	0	10	27
110	10	14.058673530817	235	46	2	0	0	11	27
111	1	3.45054360292852	203	14	1	0	0	1	27
111	2	3.68330660299398	164	16	0	0	0	2	27
111	2	9.87053752038628	325	20	0	0	0	3	27
111	3	1.63577474141493	225	18	0	0	0	4	27
111	4	0.431690805358812	247	16	0	0	0	5	27
111	5	1.18968828511424	220	14	0	0	0	6	27
111	6	2.44129077531397	573	14	0	0	0	7	27
111	7	3.65641419636086	240	15	0	0	0	8	27
111	8	3.3229020673316	185	21	0	0	0	9	27
111	9	4.08765315869823	201	19	0	0	0	10	27
111	10	4.23326560645364	200	42	2	0	0	11	27
112	1	2.03373679798096	177	18	1	0	0	1	27
112	2	4.86244077514857	198	12	0	0	0	2	27
112	3	1.12329744850285	239	17	0	0	0	3	27
112	4	2.00479035987519	254	16	0	0	0	4	27
112	5	1.63556739361957	262	20	0	0	0	5	27
112	6	2.06763157155365	226	21	0	0	0	6	27
112	7	2.46490829973482	216	21	0	0	0	7	27
112	8	4.00897620245814	289	25	0	0	0	8	27
112	9	4.14542876905762	276	15	0	0	0	9	27
112	9	8.38948150863871	334	50	2	0	0	10	27
113	1	2.07756881811656	160	18	1	0	0	1	27
113	3	0.0702167502604425	158	15	0	0	0	2	27
113	4	0.827469326322898	170	12	0	0	0	3	27
113	4	2.12004125816748	191	21	0	0	0	4	27
113	5	1.23550830921158	323	20	0	0	0	5	27
113	6	0.787875170819461	279	18	2	0	0	6	27
114	1	2.08887927234173	201	16	1	0	0	1	27
114	3	0.476867536082864	173	13	0	0	0	2	27
114	3	4.60072397789918	175	13	0	0	0	3	27
114	4	1.8014290924184	215	18	0	0	0	4	27
114	6	5.37934095133096	186	12	0	0	0	5	27
114	7	2.4014027165249	288	19	0	0	0	6	27
114	8	1.76863732445054	409	17	0	0	0	7	27
114	9	1.42142161121592	232	24	0	0	0	8	27
114	11	4.60280117602088	404	16	0	0	0	9	27
114	11	10.5580837500747	149	37	2	0	0	10	27
