1	1	2.19075193349272	246	18	1	0	0	1	30
1	2	2.49285520426929	225	19	0	0	0	2	30
1	3	6.82245826069266	312	17	0	0	0	3	30
1	4	4.82805727142841	231	16	0	0	0	4	30
1	6	0.446779977530241	223	17	0	0	0	5	30
1	7	1.34411388868466	199	17	0	0	0	6	30
1	9	4.43741212482564	172	16	0	0	0	7	30
1	8	2.11474990495481	208	17	0	0	0	8	30
1	10	1.74971245857887	328	21	0	0	0	9	30
1	11	3.52148204157129	311	38	2	0	0	10	30
2	1	1.58762908889912	182	15	1	0	0	1	30
2	2	3.10820264369249	208	15	0	0	0	2	30
2	4	1.65919437399134	204	15	0	0	0	3	30
2	4	7.62898905063048	195	18	0	0	0	4	30
2	7	0.00711452891118824	183	16	0	0	0	5	30
2	5	2.85604582144879	198	20	0	0	0	6	30
2	7	5.54589709336869	303	16	0	0	0	7	30
2	8	4.45801043440588	420	12	0	0	0	8	30
2	8	1.80363620072603	184	18	0	0	0	9	30
2	9	2.05926798097789	283	16	0	0	0	10	30
2	10	2.23840008024126	143	36	2	0	0	11	30
3	1	2.72931588254869	190	15	1	0	0	1	30
3	2	2.01609982619993	171	18	0	0	0	2	30
3	4	1.21398470527492	204	19	0	0	0	3	30
3	6	0.536141636082903	396	19	0	0	0	4	30
3	8	0.300778207369149	201	18	0	0	0	5	30
3	7	0.845332022756338	177	26	0	0	0	6	30
3	10	3.25843347189948	172	16	2	0	0	7	30
4	2	1.67080896534026	234	29	1	0	0	1	30
4	3	2.61093170335516	226	15	0	0	0	2	30
4	4	5.49681901279837	256	18	0	0	0	3	30
4	6	0.0127620378043503	150	16	0	0	0	4	30
4	5	0.205861487193033	148	14	0	0	0	5	30
4	4	4.30096268747002	164	27	0	0	0	6	30
4	6	2.80365872289985	240	18	0	0	0	7	30
4	8	0.458455928368494	236	15	2	0	0	8	30
5	1	4.34963779640384	214	13	1	0	0	1	30
5	1	3.45178101188503	103	18	0	0	0	2	30
5	2	2.35859994147904	177	15	0	0	0	3	30
5	2	7.14025506540202	128	18	0	0	0	4	30
5	1	6.48031499260105	283	17	0	0	0	5	30
5	2	9.99114482896402	176	16	0	0	0	6	30
5	2	5.92954795528203	153	18	0	0	0	7	30
5	4	1.39116346021183	346	14	0	0	0	8	30
5	3	1.10694940970279	190	19	0	0	0	9	30
5	4	5.0165167953819	303	13	0	0	0	10	30
5	4	8.11077572638169	154	17	0	0	0	11	30
5	5	5.51196710183285	173	19	0	0	0	12	30
5	7	2.31865898054093	220	16	2	0	0	13	30
6	1	3.8589812933933	197	14	1	0	0	1	30
6	2	4.67156795156188	204	17	0	0	0	2	30
6	3	5.65493498346768	282	16	0	0	0	3	30
6	3	0.712894764263183	149	20	0	0	0	4	30
6	3	8.94453448662534	219	23	0	0	0	5	30
6	6	0.940149365691468	179	18	0	0	0	6	30
6	3	8.61927914060652	248	21	0	0	0	7	30
6	5	1.74582834378816	249	19	0	0	0	8	30
6	3	8.77917321678251	279	18	0	0	0	9	30
6	4	3.31606063898653	170	15	0	0	0	10	30
6	5	3.97430700063705	268	15	0	0	0	11	30
6	6	4.91980153834447	212	19	0	0	0	12	30
6	7	5.7980078253895	315	18	0	0	0	13	30
6	9	4.7339181532152	164	13	0	0	0	14	30
6	9	0.128724675858393	182	14	0	0	0	15	30
6	9	4.97779318434186	226	49	2	0	0	16	30
7	1	3.3242035266012	186	19	1	0	0	1	30
7	3	2.66092076292261	231	14	0	0	0	2	30
7	4	3.29129041568376	358	16	0	0	0	3	30
7	5	3.82987587200478	161	18	0	0	0	4	30
7	3	4.0562554076314	245	16	0	0	0	5	30
7	5	2.00939005287364	226	17	0	0	0	6	30
7	6	1.48617841745727	190	16	0	0	0	7	30
7	7	1.2258453592658	161	13	0	0	0	8	30
7	6	4.98624980333261	148	16	0	0	0	9	30
7	7	5.91857944289222	264	19	0	0	0	10	30
7	9	2.6644414390903	191	17	2	0	0	11	30
8	2	0.88700745627284	246	20	1	0	0	1	30
8	3	6.88877545925789	199	18	0	0	0	2	30
8	2	2.96989365131594	169	15	0	0	0	3	30
8	3	5.60037140361965	208	18	0	0	0	4	30
8	4	3.36214467906393	186	19	0	0	0	5	30
8	6	1.40103856264614	262	15	0	0	0	6	30
8	7	4.04352198075503	213	20	0	0	0	7	30
8	9	4.67765618418343	247	14	0	0	0	8	30
8	8	3.16095561068505	231	28	0	0	0	9	30
8	10	3.38111411500722	458	37	2	0	0	10	30
9	1	3.43723632930778	242	15	1	0	0	1	30
9	3	2.23382502025925	213	15	0	0	0	2	30
9	4	4.90724915685132	221	17	0	0	0	3	30
9	6	2.52117081987672	197	14	2	0	0	4	30
10	2	2.88244935474358	153	12	1	0	0	1	30
10	3	1.09503301372752	185	16	0	0	0	2	30
10	4	1.47478395071812	252	15	0	0	0	3	30
10	3	5.87596539827064	139	14	0	0	0	4	30
10	3	1.2590999729	182	18	0	0	0	5	30
10	5	0.97453069803305	210	14	0	0	0	6	30
10	6	5.69633505772799	282	17	0	0	0	7	30
10	6	0.10296736843884	88	20	0	0	0	8	30
10	8	0.46244023530744	207	19	0	0	0	9	30
10	9	6.54730455158278	213	14	0	0	0	10	30
10	9	2.13767324085347	181	18	0	0	0	11	30
10	10	5.79445966728963	519	34	2	0	0	12	30
11	1	1.26155838579871	232	17	1	0	0	1	30
11	2	3.21065342356451	203	14	0	0	0	2	30
11	1	2.4069150716532	207	18	0	0	0	3	30
11	3	0.556134319864213	271	13	0	0	0	4	30
11	4	0.105944482376799	209	14	0	0	0	5	30
11	5	1.91897136811167	211	14	0	0	0	6	30
11	4	1.19272459857166	158	19	0	0	0	7	30
11	6	3.32527061155997	428	15	0	0	0	8	30
11	7	2.73661354882643	259	21	0	0	0	9	30
11	8	4.97047433862463	163	19	0	0	0	10	30
11	9	2.53412804752588	506	42	2	0	0	11	30
12	2	2.07924107112922	185	13	1	0	0	1	30
12	2	0.757762215798721	148	18	0	0	0	2	30
12	4	3.73098752065562	188	13	0	0	0	3	30
12	4	0.638095841975883	144	18	0	0	0	4	30
12	6	0.584870512131602	283	19	0	0	0	5	30
12	8	0.00372546003200114	176	15	2	0	0	6	30
13	1	2.7433211801108	225	12	1	0	0	1	30
13	2	1.08456277567893	190	19	0	0	0	2	30
13	3	5.04382696119137	197	15	0	0	0	3	30
13	3	2.80645551811904	131	22	0	0	0	4	30
13	4	5.67578838509507	250	15	0	0	0	5	30
13	4	1.62832183483988	154	24	0	0	0	6	30
13	5	5.72382829198614	84	30	2	0	0	7	30
14	1	2.93832214013673	210	14	1	0	0	1	30
14	1	1.68257930269465	95	18	0	0	0	2	30
14	2	2.63421576633118	388	22	0	0	0	3	30
14	1	4.2653137545567	215	12	0	0	0	4	30
14	1	8.21800644043833	167	17	0	0	0	5	30
14	2	7.99733876972459	232	18	0	0	0	6	30
14	3	2.77960963197984	246	17	0	0	0	7	30
14	4	3.43682832224295	237	16	0	0	0	8	30
14	5	5.39779315749183	195	25	0	0	0	9	30
14	6	1.37510166340508	91	18	0	0	0	10	30
14	5	1.92305281572044	262	21	0	0	0	11	30
14	6	2.3306603343226	261	16	0	0	0	12	30
14	5	6.9560972796753	311	27	0	0	0	13	30
14	6	5.76030593225732	200	17	0	0	0	14	30
14	8	2.22256574570201	193	41	2	0	0	15	30
15	2	0.722598667722195	235	17	1	0	0	1	30
15	3	2.85677950340323	230	17	0	0	0	2	30
15	4	2.29015123448335	194	13	0	0	0	3	30
15	3	6.73718285141513	167	15	0	0	0	4	30
15	5	1.40502085490152	173	16	0	0	0	5	30
15	6	3.22251210385002	180	12	0	0	0	6	30
15	6	0.27326085511595	94	30	0	0	0	7	30
15	7	6.20134454779327	341	21	0	0	0	8	30
15	8	8.9928267528303	319	25	0	0	0	9	30
15	9	11.6175367718097	50	18	0	0	0	10	30
15	9	2.02561181643978	47	17	0	0	0	11	30
15	9	11.7743173113558	113	14	0	0	0	12	30
15	9	7.44183439109474	158	45	2	0	0	13	30
16	1	3.70819819928147	193	18	1	0	0	1	30
16	2	5.55177203845233	397	15	0	0	0	2	30
16	2	1.27338871872053	233	25	0	0	0	3	30
16	4	3.60287332953885	208	14	0	0	0	4	30
16	4	3.08454543235712	103	18	0	0	0	5	30
16	4	8.59668429195881	250	19	0	0	0	6	30
16	6	1.66903906129301	251	15	0	0	0	7	30
16	6	7.99609546200372	415	56	2	0	0	8	30
17	1	3.46092743030749	205	18	1	0	0	1	30
17	2	6.84361377218738	178	15	0	0	0	2	30
17	1	3.16442571440712	73	21	0	0	0	3	30
17	4	0.960310607450083	362	16	0	0	0	4	30
17	4	4.38323190109804	391	15	0	0	0	5	30
17	6	2.201388098998	268	15	0	0	0	6	30
17	7	1.67884318321012	162	19	0	0	0	7	30
17	8	5.53856883500703	242	53	2	0	0	8	30
18	2	0.286628806963563	215	16	1	0	0	1	30
18	3	0.268442303175107	440	15	0	0	0	2	30
18	4	0.422422263538465	232	16	0	0	0	3	30
18	5	1.30912876408547	306	13	0	0	0	4	30
18	4	3.43328566523269	86	15	0	0	0	5	30
18	3	3.79035552055575	161	19	0	0	0	6	30
18	1	2.81053366977721	229	17	0	0	0	7	30
18	3	1.67875359323807	264	23	0	0	0	8	30
18	5	4.39508242160082	345	18	0	0	0	9	30
18	7	2.08171197213233	218	22	0	0	0	10	30
18	10	1.49784110719338	176	14	2	0	0	11	30
19	1	1.96801795740612	181	23	1	0	0	1	30
19	2	5.06555101880804	152	17	0	0	0	2	30
19	3	3.07230441668071	264	22	0	0	0	3	30
19	4	4.98807934764773	157	15	0	0	0	4	30
19	3	7.48695365875028	157	16	0	0	0	5	30
19	3	2.86576162115671	160	17	0	0	0	6	30
19	4	0.65069908159785	200	15	0	0	0	7	30
19	5	2.58328548376448	200	16	0	0	0	8	30
19	6	1.68104664096609	210	19	0	0	0	9	30
19	8	2.10745468200184	191	14	0	0	0	10	30
19	7	1.42802683380432	258	17	0	0	0	11	30
19	8	4.59758325433359	301	35	0	0	0	12	30
19	11	7.01491586631164	57	28	2	0	0	13	30
20	1	3.04775102576241	210	15	1	0	0	1	30
20	2	4.0305817166809	243	21	0	0	0	2	30
20	2	0.0340254069305956	239	22	0	0	0	3	30
20	3	1.19148294860497	167	13	0	0	0	4	30
20	2	9.91492192191072	240	23	0	0	0	5	30
20	4	5.24408279196359	297	17	0	0	0	6	30
20	6	0.699264989234507	251	18	0	0	0	7	30
20	7	1.2739673089236	314	21	0	0	0	8	30
20	9	2.36601720470935	233	15	2	0	0	9	30
21	1	2.71375552029349	204	19	1	0	0	1	30
21	2	4.31661852705292	146	18	0	0	0	2	30
21	3	3.57160627027042	214	19	0	0	0	3	30
21	5	3.27253178623505	187	13	0	0	0	4	30
21	4	1.25687992502935	234	17	0	0	0	5	30
21	6	3.06167554366402	105	16	0	0	0	6	30
21	4	1.57064170739613	123	20	0	0	0	7	30
21	7	1.53978639445268	351	24	0	0	0	8	30
21	9	1.07952868170105	207	14	2	0	0	9	30
22	2	2.96224939869717	148	15	1	0	0	1	30
22	1	2.90989394905046	209	20	0	0	0	2	30
22	3	0.856436589034274	182	18	0	0	0	3	30
22	4	3.71129714045674	313	16	0	0	0	4	30
22	5	3.87108420743607	297	22	0	0	0	5	30
22	6	2.45652703149244	168	17	2	0	0	6	30
23	1	1.11673820321448	237	17	1	0	0	1	30
23	3	0.0414744305890054	203	14	0	0	0	2	30
23	1	2.79486008291133	345	27	0	0	0	3	30
23	4	3.40223347744904	183	14	0	0	0	4	30
23	5	1.9257279378362	198	18	0	0	0	5	30
23	6	1.03034104034305	249	20	0	0	0	6	30
23	7	1.63947493233718	297	16	2	0	0	7	30
24	2	0.778854833217338	207	17	1	0	0	1	30
24	3	2.29641531314701	174	17	0	0	0	2	30
24	5	1.28329602116719	196	18	0	0	0	3	30
24	4	2.95503277890384	171	15	0	0	0	4	30
24	5	2.12584855593741	166	13	0	0	0	5	30
24	4	2.89338728203438	207	27	0	0	0	6	30
24	7	1.07262953533791	202	14	0	0	0	7	30
24	6	3.89318562555127	229	18	0	0	0	8	30
24	7	4.51325519499369	200	25	0	0	0	9	30
24	9	2.42703964537941	180	17	0	0	0	10	30
24	10	4.24014588748105	165	41	2	0	0	11	30
25	2	0.0635033517610282	221	12	1	0	0	1	30
25	1	3.86886731698178	403	20	0	0	0	2	30
25	3	1.46429438167252	168	14	0	0	0	3	30
25	2	5.87171453936026	151	24	0	0	0	4	30
25	4	5.19873415399343	219	17	0	0	0	5	30
25	4	9.00368606299162	291	17	0	0	0	6	30
25	6	0.113192496122792	235	26	0	0	0	7	30
25	7	3.27396211051382	220	14	0	0	0	8	30
25	7	0.509276849217713	181	17	0	0	0	9	30
25	8	4.85292852506973	346	17	0	0	0	10	30
25	8	9.5809162883088	213	16	0	0	0	11	30
25	8	5.26689628046006	438	21	0	0	0	12	30
25	8	13.0040075690486	167	55	2	0	0	13	30
26	1	2.25857422710396	210	18	1	0	0	1	30
26	2	3.24944569496438	196	15	0	0	0	2	30
26	1	2.13406116515398	175	20	0	0	0	3	30
26	3	2.96593980654143	204	17	0	0	0	4	30
26	5	0.447933358838782	154	13	0	0	0	5	30
26	4	2.10043224738911	225	18	0	0	0	6	30
26	6	2.71068538725376	347	17	0	0	0	7	30
26	7	1.53239539405331	183	21	2	0	0	8	30
27	1	1.57819511950947	162	18	1	0	0	1	30
27	2	6.44341946695931	228	13	0	0	0	2	30
27	2	5.5889014673885	126	14	0	0	0	3	30
27	2	1.60479172016494	245	21	0	0	0	4	30
27	3	4.92364954319783	163	17	0	0	0	5	30
27	2	7.79076164588332	277	15	0	0	0	6	30
27	3	4.54966971185058	162	17	0	0	0	7	30
27	4	8.41372499638237	373	22	0	0	0	8	30
27	6	5.4125102784019	191	14	2	0	0	9	30
28	1	3.84098954987712	233	20	1	0	0	1	30
28	3	3.3082862412557	214	18	0	0	0	2	30
28	2	1.06521784188226	169	14	0	0	0	3	30
28	1	2.32364167319611	179	21	0	0	0	4	30
28	4	1.6523275678046	247	15	0	0	0	5	30
28	3	2.83148934785277	150	16	0	0	0	6	30
28	4	2.79593141097575	202	33	0	0	0	7	30
28	5	1.13636178337038	266	16	0	0	0	8	30
28	7	1.59506045654416	274	20	0	0	0	9	30
28	9	0.409257746301591	185	14	2	0	0	10	30
29	1	1.89542052615434	227	17	1	0	0	1	30
29	2	3.76930259913206	182	18	0	0	0	2	30
29	3	3.74280714220367	331	20	0	0	0	3	30
29	5	3.92340283631347	181	15	0	0	0	4	30
29	4	2.42452440271154	72	20	0	0	0	5	30
29	6	4.1038945093751	329	18	0	0	0	6	30
29	7	5.10200904868543	294	19	0	0	0	7	30
29	7	12.6556940404698	195	16	0	0	0	8	30
29	7	8.05109407543205	321	19	0	0	0	9	30
29	8	4.6247406154871	112	40	2	0	0	10	30
30	1	2.21473568747751	181	18	1	0	0	1	30
30	2	6.50356106157415	185	15	0	0	0	2	30
30	2	0.748566187219694	307	19	0	0	0	3	30
30	4	2.14142096298747	193	15	0	0	0	4	30
30	3	2.42747992812656	141	26	0	0	0	5	30
30	7	2.73486035317183	152	15	2	0	0	6	30
31	2	2.16973569174297	177	16	1	0	0	1	30
31	1	1.04310010210611	157	13	0	0	0	2	30
31	2	2.62304013292305	285	15	0	0	0	3	30
31	1	1.34618816734292	61	18	0	0	0	4	30
31	3	3.41237669764087	277	26	0	0	0	5	30
31	5	0.295338039519265	185	15	0	0	0	6	30
31	5	4.20454880944453	221	29	0	0	0	7	30
31	7	3.80070126755163	278	16	0	0	0	8	30
31	8	4.03252628445625	167	16	0	0	0	9	30
31	9	2.32131505548023	177	14	2	0	0	10	30
32	2	1.02496372209862	297	22	1	0	0	1	30
32	4	0.129593513673171	321	17	0	0	0	2	30
32	5	4.07156923227012	286	17	0	0	0	3	30
32	6	5.94064040738158	215	17	0	0	0	4	30
32	8	2.7403301410377	183	14	2	0	0	5	30
33	2	0.677807685220614	260	15	1	0	0	1	30
33	2	4.26710078725591	90	15	0	0	0	2	30
33	4	0.789775395067409	196	15	0	0	0	3	30
33	2	4.30165133904666	287	16	0	0	0	4	30
33	2	0.969264645595104	225	21	0	0	0	5	30
33	3	3.61479729623534	181	14	0	0	0	6	30
33	4	1.08827575761825	137	15	0	0	0	7	30
33	5	0.0610403378959745	219	20	0	0	0	8	30
33	6	5.25295240851119	203	15	2	0	0	9	30
34	1	2.34529780759476	216	15	1	0	0	1	30
34	2	6.47872960451059	186	12	0	0	0	2	30
34	2	3.30435321200639	174	14	0	0	0	3	30
34	2	0.00104051944799721	211	18	0	0	0	4	30
34	3	3.52976070065051	271	17	0	0	0	5	30
34	5	2.94410667638294	188	12	0	0	0	6	30
34	5	0.222689635818824	115	20	0	0	0	7	30
34	7	0.844757412094623	157	20	2	0	0	8	30
35	1	3.10154396877624	265	16	1	0	0	1	30
35	2	5.97182694333605	268	20	0	0	0	2	30
35	3	5.09578446298838	181	17	0	0	0	3	30
35	4	7.50649554957636	210	15	0	0	0	4	30
35	4	1.02593012107536	181	17	0	0	0	5	30
35	4	6.48160432744771	261	14	0	0	0	6	30
35	4	11.5893741087057	161	16	0	0	0	7	30
35	6	2.752668638248	188	14	2	0	0	8	30
37	1	3.68837472703308	169	17	1	0	0	1	30
37	3	0.310243431711569	251	16	0	0	0	2	30
37	4	1.6217096473556	225	16	0	0	0	3	30
37	3	4.43224714254029	137	16	0	0	0	4	30
37	4	5.74301158776507	253	18	0	0	0	5	30
37	5	3.44155773636885	224	18	0	0	0	6	30
37	6	5.71496677584946	278	17	0	0	0	7	30
37	7	3.17078502266668	229	16	0	0	0	8	30
37	8	3.4823772967793	225	57	2	0	0	9	30
38	2	2.71528476127423	150	13	1	0	0	1	30
38	1	3.33763083838858	168	19	0	0	0	2	30
38	3	5.24494050908834	227	18	0	0	0	3	30
38	4	3.31029934063554	334	13	0	0	0	4	30
38	3	8.90112322871573	269	16	0	0	0	5	30
38	4	4.86467768065631	170	18	0	0	0	6	30
38	6	2.86618244857527	124	17	0	0	0	7	30
38	5	2.70679691014811	186	22	0	0	0	8	30
38	9	2.70995726343244	166	17	2	0	0	9	30
39	2	0.00475557893514633	256	14	1	0	0	1	30
39	2	5.21592305693775	160	17	0	0	0	2	30
39	3	5.42798215104267	305	22	0	0	0	3	30
39	2	1.82919008703902	296	19	0	0	0	4	30
39	2	10.218903552508	199	16	0	0	0	5	30
39	2	6.39353176834993	540	14	0	0	0	6	30
39	2	9.61526721273549	224	13	0	0	0	7	30
39	3	1.37985738064162	150	16	0	0	0	8	30
39	5	0.683798336889595	240	16	0	0	0	9	30
39	5	5.33153703529388	170	19	0	0	0	10	30
39	7	0.0741407652385533	120	14	0	0	0	11	30
39	5	5.93444468686357	195	14	0	0	0	12	30
39	6	3.21119365375489	237	15	0	0	0	13	30
39	7	4.87591091846116	275	21	0	0	0	14	30
39	9	0.805216366657987	182	13	2	0	0	15	30
41	1	3.3985365757253	242	20	1	0	0	1	30
41	2	7.15537757100537	195	19	0	0	0	2	30
41	1	3.92503284523264	235	27	0	0	0	3	30
41	3	6.28983937390149	259	19	0	0	0	4	30
41	5	2.14212057250552	148	14	0	0	0	5	30
41	4	3.86942438804545	348	23	0	0	0	6	30
41	6	2.84839689312503	184	27	0	0	0	7	30
41	8	4.39481735951267	465	15	2	0	0	8	30
42	2	0.367497642990202	219	15	1	0	0	1	30
42	3	2.57681119884364	210	19	0	0	0	2	30
42	2	3.11036178353243	158	17	0	0	0	3	30
42	4	5.01283465907909	241	17	0	0	0	4	30
42	3	2.02636242867447	263	12	0	0	0	5	30
42	3	0.575272367103025	71	22	0	0	0	6	30
42	7	1.45075031043962	144	13	0	0	0	7	30
42	6	2.11608705436811	177	15	0	0	0	8	30
42	8	0.608490354148671	147	15	2	0	0	9	30
43	2	0.514517064206302	212	16	1	0	0	1	30
43	3	0.34563167206943	335	16	0	0	0	2	30
43	2	2.38542276970111	182	20	0	0	0	3	30
43	4	0.377610976342112	268	18	0	0	0	4	30
43	4	7.51274304720573	399	18	0	0	0	5	30
43	6	1.87361139873974	138	16	0	0	0	6	30
43	4	5.70644531981088	165	16	0	0	0	7	30
43	5	0.774950389517471	244	15	0	0	0	8	30
43	6	1.95799935492687	341	15	0	0	0	9	30
43	7	3.01756885624491	178	18	0	0	0	10	30
43	8	6.00155943003483	244	48	2	0	0	11	30
44	1	2.07454370055348	172	19	1	0	0	1	30
44	3	4.22812096844427	189	16	0	0	0	2	30
44	2	3.49951424519531	423	19	0	0	0	3	30
44	4	2.87248147046193	198	18	0	0	0	4	30
44	5	1.04614256205969	236	17	0	0	0	5	30
44	6	6.00694606569596	195	17	0	0	0	6	30
44	6	1.94148906739429	127	25	0	0	0	7	30
44	7	6.01899131014943	190	20	0	0	0	8	30
44	10	0.993221625452861	223	19	2	0	0	9	30
45	1	6.92824252182618	181	13	1	0	0	1	30
45	1	4.3006369122304	188	17	0	0	0	2	30
45	2	1.24572896957397	158	15	0	0	0	3	30
45	3	0.569653764599934	164	17	0	0	0	4	30
45	5	0.316223389934748	271	24	0	0	0	5	30
45	5	6.23860709485598	203	12	0	0	0	6	30
45	5	4.43139977380633	213	20	0	0	0	7	30
45	6	5.42096792906523	225	15	0	0	0	8	30
45	7	4.38742087921128	272	20	2	0	0	9	30
46	1	3.2503071653191	214	16	1	0	0	1	30
46	3	0.701070605544373	250	16	0	0	0	2	30
46	3	7.91208674805239	337	18	0	0	0	3	30
46	5	0.774067614926025	246	19	0	0	0	4	30
46	5	6.26601499808021	73	20	0	0	0	5	30
46	3	6.44848106778227	241	14	0	0	0	6	30
46	3	1.10369328479283	288	17	0	0	0	7	30
46	3	8.59266298031434	169	24	2	0	0	8	30
47	1	2.69368695281446	164	19	1	0	0	1	30
47	2	6.90460425801575	220	15	0	0	0	2	30
47	2	0.116229851497337	735	15	0	0	0	3	30
47	2	6.68874190188944	374	21	0	0	0	4	30
47	3	6.49267594190314	276	18	0	0	0	5	30
47	5	3.60974967270158	162	12	0	0	0	6	30
47	5	0.92977332836017	94	21	0	0	0	7	30
47	6	8.42023643734865	259	20	0	0	0	8	30
47	8	0.130791612900794	179	17	2	0	0	9	30
48	2	0.695518410066143	185	18	1	0	0	1	30
48	3	1.02034972934052	275	15	0	0	0	2	30
48	4	1.97178341099061	229	12	0	0	0	3	30
48	3	5.49323992524296	173	18	0	0	0	4	30
48	4	6.91212228522636	176	18	0	0	0	5	30
48	5	7.09981049969792	182	33	0	0	0	6	30
48	8	5.40691150305793	176	15	2	0	0	7	30
50	1	2.08266133395955	235	15	1	0	0	1	30
50	2	3.528794282116	530	15	0	0	0	2	30
50	2	7.50056043523364	160	16	0	0	0	3	30
50	3	4.40363289113156	165	13	0	0	0	4	30
50	3	2.73562429007143	107	22	0	0	0	5	30
50	1	3.16842190665193	189	24	0	0	0	6	30
50	3	3.75892085349187	215	28	0	0	0	7	30
50	4	3.94002937315963	223	16	0	0	0	8	30
50	6	1.2826722911559	242	17	0	0	0	9	30
50	7	2.28519517183304	101	18	0	0	0	10	30
50	5	2.50580815086141	151	28	0	0	0	11	30
50	8	4.07224205229431	247	13	2	0	0	12	30
51	1	3.41933213057928	178	17	1	0	0	1	30
51	2	6.68694537039846	147	14	0	0	0	2	30
51	3	6.81742247287184	310	16	0	0	0	3	30
51	5	0.565899411682039	342	18	0	0	0	4	30
51	6	3.97643166803755	143	19	0	0	0	5	30
51	4	3.16449736990035	225	26	0	0	0	6	30
51	6	2.2811318221502	233	24	0	0	0	7	30
51	8	5.30484011513181	166	24	0	0	0	8	30
51	5	3.59539827494882	108	15	0	0	0	9	30
51	4	0.268027648562565	274	25	0	0	0	10	30
51	6	2.58889090479352	214	18	0	0	0	11	30
51	8	2.01859648153186	232	17	0	0	0	12	30
51	9	4.3490501306951	266	17	0	0	0	13	30
51	10	5.69534926582128	138	20	2	0	0	14	30
52	1	1.30019515077583	164	18	1	0	0	1	30
52	2	5.34701176127419	187	13	0	0	0	2	30
52	2	2.33324260916561	173	15	0	0	0	3	30
52	1	3.10993418702856	251	21	0	0	0	4	30
52	3	2.5189902910497	227	17	0	0	0	5	30
52	4	2.17042019101791	315	17	0	0	0	6	30
52	5	3.25335341086611	230	25	2	0	0	7	30
53	1	3.06279280222952	221	15	1	0	0	1	30
53	3	0.674717022804543	174	14	0	0	0	2	30
53	2	3.59639096749015	163	13	0	0	0	3	30
53	1	3.32086080149747	170	16	0	0	0	4	30
53	3	3.15861935145222	291	17	0	0	0	5	30
53	5	1.45975765748881	461	15	0	0	0	6	30
53	5	4.33048296859488	665	12	0	0	0	7	30
53	5	7.07406627712771	159	15	0	0	0	8	30
53	6	3.98071457934566	272	14	0	0	0	9	30
53	8	4.99255756288767	673	12	2	0	0	10	30
54	1	2.13664023019373	197	15	1	0	0	1	30
54	2	5.036311423406	172	14	0	0	0	2	30
54	2	1.09243294456974	169	18	0	0	0	3	30
54	3	4.93979437253438	323	15	0	0	0	4	30
54	4	3.03476661583409	266	16	0	0	0	5	30
54	5	3.11515532736667	315	19	0	0	0	6	30
54	6	4.58418479468673	243	21	0	0	0	7	30
54	8	4.6512324558571	145	17	2	0	0	8	30
55	1	3.11015856987797	163	20	1	0	0	1	30
55	3	1.06101884320378	176	14	0	0	0	2	30
55	3	6.80275409459136	134	17	0	0	0	3	30
55	2	2.39893602882512	287	20	0	0	0	4	30
55	4	3.12128707789816	207	28	0	0	0	5	30
55	6	2.18971881247126	151	14	0	0	0	6	30
55	5	3.73883026069961	172	18	0	0	0	7	30
55	7	1.0529482557904	240	19	0	0	0	8	30
55	8	5.69045344833285	217	12	0	0	0	9	30
55	8	2.2906717073638	160	24	0	0	0	10	30
55	9	4.52038511028513	493	50	2	0	0	11	30
56	1	2.37365030124784	206	16	1	0	0	1	30
56	2	4.78442580625415	188	22	0	0	0	2	30
56	4	3.00940440851264	151	15	0	0	0	3	30
56	3	3.23930975655094	234	21	0	0	0	4	30
56	6	2.64305155980401	167	15	2	0	0	5	30
57	2	0.888187029398978	218	17	1	0	0	1	30
57	3	1.60489962180145	163	17	0	0	0	2	30
57	4	0.62909968290478	167	13	0	0	0	3	30
57	3	4.45518549485132	156	17	0	0	0	4	30
57	5	1.06588164065033	199	17	0	0	0	5	30
57	7	2.44235824886709	150	15	2	0	0	6	30
58	1	5.57839214405976	181	18	1	0	0	1	30
58	1	2.00048341206275	163	17	0	0	0	2	30
58	3	0.88511713524349	192	18	0	0	0	3	30
58	4	4.27679958054796	298	18	0	0	0	4	30
58	6	1.06921140826307	182	12	0	0	0	5	30
58	5	1.99479066859931	132	19	0	0	0	6	30
58	7	6.14223242644221	176	15	0	0	0	7	30
58	7	0.219766318332404	177	19	0	0	0	8	30
58	7	6.15899001713842	174	14	0	0	0	9	30
58	9	1.67611957504414	237	12	0	0	0	10	30
58	9	5.36350418999791	244	12	0	0	0	11	30
58	10	3.9970870744437	140	40	2	0	0	12	30
59	1	3.60197420488112	249	14	1	0	0	1	30
59	2	3.28893879940733	161	17	0	0	0	2	30
59	3	4.0621025043074	216	17	0	0	0	3	30
59	5	2.8918851306662	171	15	0	0	0	4	30
59	4	1.29564523580484	175	13	0	0	0	5	30
59	3	4.66674010548741	141	15	0	0	0	6	30
59	4	3.00559793482535	241	24	0	0	0	7	30
59	6	3.83776762732305	215	19	0	0	0	8	30
59	4	0.80122350808233	283	29	2	0	0	9	30
60	2	0.147978755412623	265	15	1	0	0	1	30
60	2	4.45721802767366	159	20	0	0	0	2	30
60	4	5.75384331075475	334	25	0	0	0	3	30
60	6	3.62022251286544	285	13	0	0	0	4	30
60	6	0.735492809442803	149	18	0	0	0	5	30
60	7	4.41185360541567	402	21	0	0	0	6	30
60	8	6.93033178150654	180	20	0	0	0	7	30
60	9	5.73124329606071	318	17	0	0	0	8	30
60	9	11.9435533653013	212	16	0	0	0	9	30
60	9	4.05537419789471	300	26	0	0	0	10	30
60	9	13.017779355403	126	36	2	0	0	11	30
61	1	3.424302181229	210	17	1	0	0	1	30
61	2	6.08611439308152	193	18	0	0	0	2	30
61	1	2.63075720239431	156	21	0	0	0	3	30
61	3	6.00250943168066	350	16	0	0	0	4	30
61	4	5.84192028571852	302	16	0	0	0	5	30
61	6	0.923343573696911	371	20	0	0	0	6	30
61	7	2.79307863023132	186	14	2	0	0	7	30
62	1	2.37789223645814	176	18	1	0	0	1	30
62	2	3.01226094597951	225	16	0	0	0	2	30
62	3	4.17180534545332	214	18	0	0	0	3	30
62	4	5.16029616561718	161	18	0	0	0	4	30
62	3	2.89416538295336	179	17	0	0	0	5	30
62	4	3.69071871135384	180	19	0	0	0	6	30
62	6	2.63316489290446	163	18	0	0	0	7	30
62	5	2.02289398037829	172	22	0	0	0	8	30
62	7	0.237674859818071	151	15	2	0	0	9	30
63	1	2.29604570101947	176	15	1	0	0	1	30
63	2	3.37709196098149	180	17	0	0	0	2	30
63	1	1.44512291089632	279	17	0	0	0	3	30
63	3	1.61408679024316	174	15	0	0	0	4	30
63	2	4.07823284179904	128	15	0	0	0	5	30
63	2	5.95626307930797	45	16	0	0	0	6	30
63	1	1.57572337333113	150	22	0	0	0	7	30
63	4	2.95215385244228	267	14	0	0	0	8	30
63	3	3.16779913567007	169	16	0	0	0	9	30
63	4	3.67170784110203	269	17	0	0	0	10	30
63	5	3.78250416181982	214	16	0	0	0	11	30
63	7	1.03483124100603	387	16	0	0	0	12	30
63	8	5.22712454339489	100	47	2	0	0	13	30
64	1	2.62166184233502	77	28	1	0	0	1	30
64	2	4.30466996715404	204	13	0	0	0	2	30
64	1	3.21185986930504	264	14	0	0	0	3	30
64	2	3.98506257426925	224	18	0	0	0	4	30
64	3	3.14723144401796	210	17	0	0	0	5	30
64	4	4.28730873391032	315	22	0	0	0	6	30
64	5	1.28325324039906	131	16	0	0	0	7	30
64	4	2.67734541837126	97	20	0	0	0	8	30
64	7	0.531367412535474	162	13	0	0	0	9	30
64	6	0.852931453147903	185	29	0	0	0	10	30
64	8	6.8085179971531	227	12	0	0	0	11	30
64	8	3.82354993280023	144	22	0	0	0	12	30
64	9	5.82052123965696	205	31	2	0	0	13	30
65	1	3.33304756344296	213	17	1	0	0	1	30
65	2	3.22706186585128	299	16	0	0	0	2	30
65	3	7.59075174527243	199	16	0	0	0	3	30
65	3	4.90621263883077	187	26	0	0	0	4	30
65	5	1.88309445395134	179	18	0	0	0	5	30
65	7	0.166259444551542	169	18	0	0	0	6	30
65	5	5.74398988415487	160	24	0	0	0	7	30
65	9	1.70325872232206	202	18	0	0	0	8	30
65	7	1.34355231211521	217	16	0	0	0	9	30
65	8	1.66325102560222	395	19	0	0	0	10	30
65	9	2.99340315558948	206	18	0	0	0	11	30
65	10	5.03224747022614	229	23	0	0	0	12	30
65	11	6.02413306222297	205	12	0	0	0	13	30
65	11	3.38242022041231	211	31	2	0	0	14	30
66	2	0.50034769391641	406	25	1	0	0	1	30
66	4	6.18008066783659	182	17	0	0	0	2	30
66	3	2.27035031537525	164	12	0	0	0	3	30
66	3	4.72005728725344	243	15	0	0	0	4	30
66	4	4.95896230684593	235	18	0	0	0	5	30
66	6	0.0692312067840248	399	12	0	0	0	6	30
66	5	0.620461425511166	427	12	0	0	0	7	30
66	6	1.71777717489749	237	13	0	0	0	8	30
66	6	5.35429095709696	147	16	0	0	0	9	30
66	7	4.21283732261509	209	15	0	0	0	10	30
66	9	4.69253770029172	151	18	0	0	0	11	30
66	7	2.73267893050797	155	15	0	0	0	12	30
66	9	1.99091330263764	250	18	0	0	0	13	30
66	10	3.7748137533199	281	19	0	0	0	14	30
66	11	3.33345933677629	55	21	2	0	0	15	30
67	2	0.548143902793527	172	16	1	0	0	1	30
67	3	2.55990025494248	182	13	0	0	0	2	30
67	2	5.86043319804594	102	14	0	0	0	3	30
67	2	1.41274468321353	198	17	0	0	0	4	30
67	4	1.70923059503548	208	14	0	0	0	5	30
67	2	2.35869887773879	272	18	0	0	0	6	30
67	4	0.286928374553099	270	17	0	0	0	7	30
67	4	10.1372644682415	194	13	0	0	0	8	30
67	4	7.2911368906498	169	21	0	0	0	9	30
67	6	7.04623021138832	184	16	2	0	0	10	30
68	1	1.01543258596212	167	17	1	0	0	1	30
68	2	4.79227092000656	173	15	0	0	0	2	30
68	3	3.371306064073	168	20	0	0	0	3	30
68	5	2.27297411556356	154	14	0	0	0	4	30
68	4	0.337512059137225	156	22	0	0	0	5	30
68	6	6.60504770930856	190	13	0	0	0	6	30
68	6	2.59813461685553	166	16	0	0	0	7	30
68	5	0.742688454687595	177	32	0	0	0	8	30
68	7	7.43893241649494	138	19	0	0	0	9	30
68	7	3.79979916056618	252	21	0	0	0	10	30
68	8	0.0355755183845758	240	49	2	0	0	11	30
69	1	3.133600121364	173	16	1	0	0	1	30
69	2	5.6202644216828	221	14	0	0	0	2	30
69	2	1.38894946826622	199	24	0	0	0	3	30
69	3	6.28778273868375	258	21	0	0	0	4	30
69	4	6.47324476134963	463	15	0	0	0	5	30
69	5	4.08766298834234	192	22	0	0	0	6	30
69	7	3.2225317559205	190	15	2	0	0	7	30
70	1	3.01423798548058	309	32	1	0	0	1	30
70	3	3.40494540520012	149	15	0	0	0	2	30
70	2	2.91023223730735	136	14	0	0	0	3	30
70	1	5.60922137415037	275	21	0	0	0	4	30
70	3	2.76984885358252	186	17	0	0	0	5	30
70	4	3.94898961624131	283	15	0	0	0	6	30
70	5	5.26551243732683	271	18	0	0	0	7	30
70	7	0.877650449983776	161	15	0	0	0	8	30
70	5	7.97226801118813	114	13	0	0	0	9	30
70	5	2.14111928688362	175	34	0	0	0	10	30
70	7	2.54726617806591	216	16	0	0	0	11	30
70	8	2.00942411413416	290	14	0	0	0	12	30
70	9	3.58992221299559	526	22	0	0	0	13	30
70	10	3.02015242655762	109	34	2	0	0	14	30
71	3	4.39726785826497	212	18	1	0	0	1	30
71	2	0.0600938925053924	314	15	0	0	0	2	30
71	3	3.91410979116336	167	15	0	0	0	3	30
71	4	2.01546477433294	164	15	0	0	0	4	30
71	5	0.211353417020291	521	18	0	0	0	5	30
71	6	2.27516036247835	376	17	0	0	0	6	30
71	7	2.52962154592387	166	17	0	0	0	7	30
71	9	0.302927094744518	262	20	0	0	0	8	30
71	11	1.77918920922093	170	15	2	0	0	9	30
72	1	3.60405418951996	222	19	1	0	0	1	30
72	3	2.12859278614633	87	19	0	0	0	2	30
72	1	2.49452197854407	234	18	0	0	0	3	30
72	2	4.23146881605498	248	16	0	0	0	4	30
72	3	3.24135862709954	172	18	0	0	0	5	30
72	4	4.95983036304824	209	13	0	0	0	6	30
72	4	2.6226049377583	148	21	0	0	0	7	30
72	6	0.429042796604335	210	12	2	0	0	8	30
73	1	1.38218011101708	173	17	1	0	0	1	30
73	3	0.236452048877254	167	16	0	0	0	2	30
73	2	3.00106592988595	151	14	0	0	0	3	30
73	1	3.4285970737692	242	19	0	0	0	4	30
73	3	3.55833884514868	183	17	0	0	0	5	30
73	5	2.22747604455799	215	14	0	0	0	6	30
73	4	2.68547830404714	138	20	0	0	0	7	30
73	6	2.30166305997409	189	19	0	0	0	8	30
73	8	4.52381261764094	222	15	0	0	0	9	30
73	7	1.72341993474402	88	21	0	0	0	10	30
73	10	0.707805189536884	195	12	2	0	0	11	30
74	1	3.11314089316875	380	13	1	0	0	1	30
74	3	2.45112233259715	324	19	0	0	0	2	30
74	2	0.453343675239012	177	14	0	0	0	3	30
74	1	2.96709565701894	413	23	0	0	0	4	30
74	4	2.57981841871515	132	18	0	0	0	5	30
74	3	0.747805759077892	305	21	0	0	0	6	30
74	4	3.87130595813505	192	20	0	0	0	7	30
74	6	3.40342666744255	186	13	0	0	0	8	30
74	5	2.94956201408058	177	16	0	0	0	9	30
74	7	1.04557794868015	234	17	0	0	0	10	30
74	8	3.33457021531649	306	22	0	0	0	11	30
74	10	2.49709592806175	182	14	2	0	0	12	30
75	1	2.67097453773022	174	17	1	0	0	1	30
75	2	4.82030944083817	304	16	0	0	0	2	30
75	3	3.64451241702773	269	16	0	0	0	3	30
75	4	2.5315239271149	226	18	0	0	0	4	30
75	5	0.546646536327899	238	18	0	0	0	5	30
75	4	1.47948631527834	232	27	0	0	0	6	30
75	5	3.9827931728214	180	21	0	0	0	7	30
75	8	0.114849020261317	216	13	2	0	0	8	30
76	1	1.13663885137066	159	18	1	0	0	1	30
76	2	3.18609348568134	173	17	0	0	0	2	30
76	3	1.91930281696841	245	19	0	0	0	3	30
76	5	0.148517997702584	150	16	0	0	0	4	30
76	4	1.60970969568007	92	33	0	0	0	5	30
76	6	5.00433790893294	281	19	0	0	0	6	30
76	7	1.14459766051732	239	17	0	0	0	7	30
76	8	1.93292372534052	181	12	0	0	0	8	30
76	7	8.73093251138926	250	16	0	0	0	9	30
76	9	1.20560823660344	421	33	2	0	0	10	30
77	1	3.52197959413752	260	12	1	0	0	1	30
77	2	1.52153471438214	173	14	0	0	0	2	30
77	1	1.64824799844064	152	19	0	0	0	3	30
77	3	2.60556203522719	244	18	0	0	0	4	30
77	4	4.20314164878801	244	17	0	0	0	5	30
77	3	4.31314990320243	221	24	2	0	0	6	30
78	1	3.679356853012	230	15	1	0	0	1	30
78	2	7.94364815275185	200	12	0	0	0	2	30
78	2	5.91385091445409	216	16	0	0	0	3	30
78	2	1.95473565836437	185	24	0	0	0	4	30
78	4	1.45905043394305	216	17	0	0	0	5	30
78	6	0.469111511483788	165	17	0	0	0	6	30
78	7	0.7804510013666	214	15	0	0	0	7	30
78	6	2.95088607282378	162	22	0	0	0	8	30
78	8	3.55763322208077	297	30	0	0	0	9	30
78	10	8.43277060659602	438	33	2	0	0	10	30
79	2	4.66715280455537	149	14	1	0	0	1	30
79	2	0.63258367148228	205	17	0	0	0	2	30
79	3	4.38961088005453	214	15	0	0	0	3	30
79	5	2.50332803069614	233	15	0	0	0	4	30
79	6	2.13828803529032	240	15	0	0	0	5	30
79	8	1.52785750757903	214	18	0	0	0	6	30
79	8	8.01849407050759	236	21	0	0	0	7	30
79	10	1.20560861425474	194	14	2	0	0	8	30
80	2	0.273527474608272	236	17	1	0	0	1	30
80	2	5.66794189764187	150	18	0	0	0	2	30
80	1	2.55889917910099	169	25	0	0	0	3	30
80	3	2.2222267629113	213	18	0	0	0	4	30
80	5	0.712623432744294	365	25	0	0	0	5	30
80	6	6.93466469459236	182	13	0	0	0	6	30
80	6	2.92696185153909	114	17	0	0	0	7	30
80	7	3.75292543158866	304	14	0	0	0	8	30
80	8	4.8846573010087	189	15	2	0	0	9	30
81	1	1.78697054064833	173	15	1	0	0	1	30
81	2	4.10038066096604	174	13	0	0	0	2	30
81	2	1.79676865926012	97	15	0	0	0	3	30
81	1	2.53170763212256	148	23	0	0	0	4	30
81	3	5.28340684017166	433	34	0	0	0	5	30
81	5	3.06458854186349	217	16	0	0	0	6	30
81	4	2.52213038806804	250	19	0	0	0	7	30
81	6	5.50549830822274	203	19	0	0	0	8	30
81	8	0.518915336579084	168	15	2	0	0	9	30
82	1	3.57224687817506	199	18	1	0	0	1	30
82	2	6.37980141211301	546	20	0	0	0	2	30
82	3	7.93245234666392	169	13	0	0	0	3	30
82	3	5.77161204000004	143	21	0	0	0	4	30
82	5	1.87490788055584	292	17	0	0	0	5	30
82	7	1.07979170326144	440	19	0	0	0	6	30
82	8	4.13939459621906	260	23	0	0	0	7	30
82	10	4.35290710930713	159	16	2	0	0	8	30
83	2	0.869366232305765	222	15	1	0	0	1	30
83	2	6.84994440153241	198	19	0	0	0	2	30
83	4	1.57455373299308	157	12	0	0	0	3	30
83	3	5.98711034376174	136	18	0	0	0	4	30
83	5	0.592494251206517	180	12	0	0	0	5	30
83	4	7.45151357143186	100	15	0	0	0	6	30
83	5	7.58620668947697	203	17	0	0	0	7	30
83	7	2.61379888886586	196	12	0	0	0	8	30
83	6	2.28975617652759	194	21	0	0	0	9	30
83	8	3.71638564229943	260	18	2	0	0	10	30
84	2	0.428295611171052	231	18	1	0	0	1	30
84	4	1.90526578528807	191	18	0	0	0	2	30
84	3	1.24886365281418	195	17	0	0	0	3	30
84	4	4.30584997381084	194	15	0	0	0	4	30
84	3	5.64054820570163	152	18	0	0	0	5	30
84	5	6.13150081946515	581	15	0	0	0	6	30
84	6	0.08220249786973	176	13	0	0	0	7	30
84	5	7.01605443703011	191	20	0	0	0	8	30
84	7	2.8031173821073	323	18	0	0	0	9	30
84	8	2.5721676889807	142	15	0	0	0	10	30
84	7	5.67232492170297	272	22	0	0	0	11	30
84	8	6.11287448066287	669	18	0	0	0	12	30
84	10	1.01717893080786	460	21	2	0	0	13	30
85	1	3.95460517890751	28	13	1	0	0	1	30
85	2	2.15964894578792	156	15	0	0	0	2	30
85	2	1.70142069715075	115	18	0	0	0	3	30
85	3	2.91764726280235	139	16	0	0	0	4	30
85	2	7.67633578251116	455	15	0	0	0	5	30
85	3	3.48306644242257	194	24	0	0	0	6	30
85	5	0.979435538640246	347	17	0	0	0	7	30
85	6	4.1736535183154	174	18	0	0	0	8	30
85	4	3.84785194904543	177	16	0	0	0	9	30
85	6	2.98269358882681	228	20	0	0	0	10	30
85	7	4.52105307416059	423	20	0	0	0	11	30
85	8	2.35448898980394	292	16	0	0	0	12	30
85	9	3.17152874800377	169	15	2	0	0	13	30
86	2	0.610160515643656	275	19	1	0	0	1	30
86	3	2.61555323144421	160	16	0	0	0	2	30
86	3	6.35521133523434	116	19	0	0	0	3	30
86	2	5.78391584684141	217	26	0	0	0	4	30
86	4	9.85290845390409	181	15	0	0	0	5	30
86	4	5.83855469967239	206	18	0	0	0	6	30
86	6	2.8789735448081	180	18	0	0	0	7	30
86	4	8.64638436562382	95	17	0	0	0	8	30
86	6	1.17388317827135	208	18	0	0	0	9	30
86	6	10.0503525782842	164	17	0	0	0	10	30
86	8	3.64760162844323	593	12	2	0	0	11	30
87	1	3.57208483619615	212	15	1	0	0	1	30
87	2	6.29575544595718	162	14	0	0	0	2	30
87	2	1.48198777181096	309	18	0	0	0	3	30
87	3	3.86803952790797	234	21	0	0	0	4	30
87	4	6.79670956241898	222	25	0	0	0	5	30
87	7	4.27050528395921	172	16	2	0	0	6	30
88	1	1.91959468880668	226	19	1	0	0	1	30
88	3	0.353183938423172	127	18	0	0	0	2	30
88	3	7.00089987157844	311	19	0	0	0	3	30
88	5	2.40218398952857	209	13	0	0	0	4	30
88	4	2.12330346601084	138	18	0	0	0	5	30
88	6	4.89244355284609	265	19	0	0	0	6	30
88	7	4.86239636084065	248	20	0	0	0	7	30
88	9	1.26484408346005	205	17	2	0	0	8	30
89	1	3.8561547845602	214	17	1	0	0	1	30
89	2	5.708208974218	181	15	0	0	0	2	30
89	3	6.76758046657778	343	19	0	0	0	3	30
89	5	0.268177285557613	396	16	0	0	0	4	30
89	6	5.3253862070851	242	17	0	0	0	5	30
89	6	11.5309663936496	265	20	0	0	0	6	30
89	8	1.62183217471465	213	20	2	0	0	7	30
90	1	4.33918694383465	238	14	1	0	0	1	30
90	2	2.88748758961447	162	19	0	0	0	2	30
90	3	6.90479875961319	280	22	0	0	0	3	30
90	5	2.51250427379273	147	17	0	0	0	4	30
90	3	9.48238364770077	305	20	0	0	0	5	30
90	5	0.300578368129209	228	16	0	0	0	6	30
90	6	1.51662501180544	250	20	0	0	0	7	30
90	7	6.17107563395984	177	12	0	0	0	8	30
90	7	2.25636316742748	218	19	0	0	0	9	30
90	9	1.52605092385784	258	15	2	0	0	10	30
91	2	0.492840735707432	231	14	1	0	0	1	30
91	2	4.26707220519893	186	14	0	0	0	2	30
91	2	9.62672722409479	189	17	0	0	0	3	30
91	3	3.85081544495188	284	16	0	0	0	4	30
91	2	10.5860404248815	201	15	0	0	0	5	30
91	2	13.4754862750415	98	21	0	0	0	6	30
91	2	1.86305544595234	164	12	0	0	0	7	30
91	1	3.18950595054775	79	22	0	0	0	8	30
91	4	0.464878330705687	264	24	0	0	0	9	30
91	5	4.29930018726736	477	19	0	0	0	10	30
91	7	2.83518314640969	258	18	0	0	0	11	30
91	8	2.98395425779745	228	16	0	0	0	12	30
91	8	7.68470962741412	154	17	0	0	0	13	30
91	10	2.33131951396354	177	14	2	0	0	14	30
92	2	0.270549294305965	220	17	1	0	0	1	30
92	2	5.90124116488732	247	19	0	0	0	2	30
92	4	4.37550571048632	324	21	0	0	0	3	30
92	5	4.56160355149768	46	21	0	0	0	4	30
92	3	3.73211367614567	188	13	0	0	0	5	30
92	4	2.12986628175713	189	14	0	0	0	6	30
92	4	7.96522509772331	168	17	0	0	0	7	30
92	5	6.85143935703672	264	19	0	0	0	8	30
92	7	3.11134765855968	198	12	0	0	0	9	30
92	7	0.955707769840956	191	23	0	0	0	10	30
92	8	5.76652114070021	230	18	0	0	0	11	30
92	9	4.39425740786828	239	25	0	0	0	12	30
92	10	6.62281263386831	449	38	2	0	0	13	30
93	1	2.98075583321042	241	18	1	0	0	1	30
93	2	5.43126380513422	202	19	0	0	0	2	30
93	2	0.715576505521312	220	20	0	0	0	3	30
93	3	2.08897910011001	232	15	0	0	0	4	30
93	3	7.63096878072247	147	17	0	0	0	5	30
93	5	0.942701711785048	177	16	0	0	0	6	30
93	5	7.09957187552936	185	12	0	0	0	7	30
93	5	4.27501483354717	57	23	0	0	0	8	30
93	6	5.46156112430617	155	19	0	0	0	9	30
93	5	4.45607822295278	224	20	0	0	0	10	30
93	6	2.61056593479589	241	18	0	0	0	11	30
93	5	6.06222003768198	181	14	0	0	0	12	30
93	5	2.13690295442939	524	12	0	0	0	13	30
93	5	6.28472359967418	169	15	0	0	0	14	30
93	5	13.9647412253544	207	17	0	0	0	15	30
93	6	5.37495552399196	262	18	0	0	0	16	30
93	7	6.35638980031945	258	26	0	0	0	17	30
93	8	7.37169811991043	304	12	0	0	0	18	30
93	8	4.25962297804654	470	37	2	0	0	19	30
94	2	2.33437941456214	252	18	1	0	0	1	30
94	3	1.08500902005471	174	16	0	0	0	2	30
94	4	3.73425897723064	309	17	0	0	0	3	30
94	5	7.3929748092778	410	17	0	0	0	4	30
94	6	7.57986307214014	238	12	0	0	0	5	30
94	6	4.096986529883	93	19	0	0	0	6	30
94	8	3.92008616682142	223	16	2	0	0	7	30
95	1	1.54591196402907	190	17	1	0	0	1	30
95	2	4.63694163225591	159	16	0	0	0	2	30
95	4	2.66944809653796	179	15	0	0	0	3	30
95	3	2.05646894127131	171	29	0	0	0	4	30
95	7	1.17819652729668	148	17	2	0	0	5	30
96	1	3.25780620169826	220	16	1	0	0	1	30
96	3	1.19357720878907	246	18	0	0	0	2	30
96	4	0.545049315784127	153	17	0	0	0	3	30
96	3	2.07621257309802	161	21	0	0	0	4	30
96	5	0.0882875546813011	188	15	0	0	0	5	30
96	7	0.959381408989429	310	12	0	0	0	6	30
96	6	1.85145639930852	146	16	0	0	0	7	30
96	7	7.77400867058896	299	19	0	0	0	8	30
96	8	6.36732613388449	219	19	0	0	0	9	30
96	10	4.87828664365225	188	14	0	0	0	10	30
96	9	3.29359563393518	171	31	0	0	0	11	30
96	12	2.53196604223922	165	14	0	0	0	12	30
96	12	5.81891787913628	158	53	2	0	0	13	30
97	1	3.43958150292747	164	18	1	0	0	1	30
97	2	6.80265209637582	171	13	0	0	0	2	30
97	2	4.2708867113106	153	16	0	0	0	3	30
97	2	1.66764240711927	249	23	0	0	0	4	30
97	3	6.76210959814489	195	21	0	0	0	5	30
97	4	7.55972700263374	249	16	0	0	0	6	30
97	6	1.98790383571759	330	21	0	0	0	7	30
97	9	0.200384662253782	239	13	2	0	0	8	30
98	2	5.87939996947534	183	16	1	0	0	1	30
98	1	3.91645681089722	202	21	0	0	0	2	30
98	3	1.03407325339504	253	12	0	0	0	3	30
98	2	6.50932003208436	149	18	0	0	0	4	30
98	4	3.8680701777339	226	19	0	0	0	5	30
98	5	7.97298054117709	184	16	0	0	0	6	30
98	6	7.4257813275326	168	16	0	0	0	7	30
98	5	5.16703354706988	183	15	0	0	0	8	30
98	6	3.45917513081804	238	15	0	0	0	9	30
98	7	0.822846449213102	148	16	0	0	0	10	30
98	9	1.23878917098045	212	26	0	0	0	11	30
98	10	8.15030048182234	245	34	2	0	0	12	30
99	1	3.7355158503633	183	18	1	0	0	1	30
99	2	5.05235649179667	200	14	0	0	0	2	30
99	2	0.828828945523128	211	26	0	0	0	3	30
99	3	2.70736931124702	142	16	0	0	0	4	30
99	4	2.54934366140515	153	15	0	0	0	5	30
99	5	3.83307617832907	197	17	0	0	0	6	30
99	6	5.21290724701248	436	18	0	0	0	7	30
99	8	4.69464754848741	194	14	2	0	0	8	30
100	1	2.33751525520347	170	16	1	0	0	1	30
100	2	6.37677732761949	173	13	0	0	0	2	30
100	2	3.7173357384745	191	13	0	0	0	3	30
100	2	0.759786552283913	294	18	0	0	0	4	30
100	3	4.86879124189727	216	17	0	0	0	5	30
100	5	3.7591310380958	201	15	0	0	0	6	30
100	5	0.532966068945825	191	24	0	0	0	7	30
100	6	6.81512538809329	200	12	0	0	0	8	30
100	6	4.59505178499967	122	18	0	0	0	9	30
100	8	3.06275207502767	207	12	0	0	0	10	30
100	7	3.09741610009223	138	29	0	0	0	11	30
100	9	7.44265093957074	180	13	0	0	0	12	30
100	9	4.86265590018593	133	21	0	0	0	13	30
100	10	5.45766422897577	717	49	2	0	0	14	30
101	2	0.245857669273391	225	16	1	0	0	1	30
101	2	6.1126743981149	276	17	0	0	0	2	30
101	2	0.778172370744869	347	27	0	0	0	3	30
101	3	5.02881793654524	242	16	0	0	0	4	30
101	2	6.26236358145252	309	38	0	0	0	5	30
101	3	6.64904920500703	194	30	0	0	0	6	30
101	5	1.01945021981373	219	14	0	0	0	7	30
101	5	7.57273084484041	295	17	0	0	0	8	30
101	6	3.18995743384585	292	19	0	0	0	9	30
101	8	0.55313878855668	234	13	0	0	0	10	30
101	7	2.96502679446712	125	22	0	0	0	11	30
101	9	4.71359189553186	127	19	2	0	0	12	30
102	2	1.67616301379167	172	16	1	0	0	1	30
102	3	0.694148782873526	215	18	0	0	0	2	30
102	4	2.01745726796798	244	17	0	0	0	3	30
102	5	5.10291931871325	269	21	0	0	0	4	30
102	6	3.62779148388654	125	16	0	0	0	5	30
102	5	7.33964929007925	210	27	0	0	0	6	30
102	6	4.39451514510438	181	21	0	0	0	7	30
102	7	5.25344403809868	281	16	0	0	0	8	30
102	8	5.37841006019153	241	24	0	0	0	9	30
102	9	7.45907032606192	216	12	0	0	0	10	30
102	9	3.89862069464289	340	36	2	0	0	11	30
103	1	2.97495883912779	167	18	1	0	0	1	30
103	3	1.63326153042726	250	14	0	0	0	2	30
103	2	1.34773591416888	321	19	0	0	0	3	30
103	3	6.35091363359243	303	17	0	0	0	4	30
103	4	7.42674575117417	259	19	0	0	0	5	30
103	6	2.7083730394952	132	18	0	0	0	6	30
103	4	7.61186328856274	296	16	0	0	0	7	30
103	6	0.204551135655493	219	13	0	0	0	8	30
103	5	0.981821488589048	171	15	0	0	0	9	30
103	6	0.674437687499449	181	22	0	0	0	10	30
103	7	4.36026103887707	239	17	0	0	0	11	30
103	8	5.87920349999331	195	44	2	0	0	12	30
104	1	3.74477925011888	181	16	1	0	0	1	30
104	2	6.43632207880728	234	13	0	0	0	2	30
104	2	3.25310351629741	144	13	0	0	0	3	30
104	1	3.15854511922225	138	22	0	0	0	4	30
104	3	2.39910285989754	200	17	0	0	0	5	30
104	4	7.36558120138943	283	17	0	0	0	6	30
104	5	3.79090508958325	282	18	0	0	0	7	30
104	7	3.56199072720483	350	18	0	0	0	8	30
104	8	2.43076854152605	263	21	0	0	0	9	30
104	10	0.186450095847249	214	12	2	0	0	10	30
105	1	3.5173138580285	232	17	1	0	0	1	30
105	3	1.52250597928651	153	14	0	0	0	2	30
105	2	4.1431496583391	226	31	0	0	0	3	30
105	4	0.77893229899928	240	16	0	0	0	4	30
105	5	1.89353951252997	299	17	0	0	0	5	30
105	3	4.97913561109453	339	18	0	0	0	6	30
105	2	0.140176460612565	271	26	0	0	0	7	30
105	4	3.63299371814355	399	15	0	0	0	8	30
105	6	1.8275214235764	204	16	0	0	0	9	30
105	6	6.07115925848484	218	17	0	0	0	10	30
105	7	3.2218653911259	171	29	2	0	0	11	30
106	2	0.823288076557219	233	18	1	0	0	1	30
106	2	8.36797325173393	177	16	0	0	0	2	30
106	2	4.70716725103557	163	16	0	0	0	3	30
106	1	3.29771886067465	242	21	0	0	0	4	30
106	3	5.52512415312231	214	17	0	0	0	5	30
106	4	6.88750156480819	239	19	0	0	0	6	30
106	6	2.10329109034501	334	25	0	0	0	7	30
106	7	5.46595082525164	287	49	2	0	0	8	30
107	1	1.45576685247943	220	19	1	0	0	1	30
107	2	8.14790086937137	221	17	0	0	0	2	30
107	2	2.38189107482322	233	15	0	0	0	3	30
107	2	8.33961658296175	166	20	0	0	0	4	30
107	1	2.5731572736986	202	34	0	0	0	5	30
107	3	5.37164506362751	158	13	0	0	0	6	30
107	3	2.5978530338034	217	13	0	0	0	7	30
107	3	5.79996066563763	128	17	0	0	0	8	30
107	5	3.40246259141713	241	14	0	0	0	9	30
107	6	3.37641091668047	263	18	0	0	0	10	30
107	7	3.1766175085213	289	27	0	0	0	11	30
107	10	5.7070627680514	177	14	2	0	0	12	30
108	2	4.10932851489633	152	15	1	0	0	1	30
108	2	0.576660824473947	346	18	0	0	0	2	30
108	2	8.74517715722322	172	18	0	0	0	3	30
108	2	0.104793873149902	198	22	0	0	0	4	30
108	3	7.902738584904	181	16	0	0	0	5	30
108	4	7.55741813150235	449	17	0	0	0	6	30
108	6	1.34063796792179	179	15	0	0	0	7	30
108	5	0.0964050954207778	145	18	0	0	0	8	30
108	6	3.28595328191295	249	16	0	0	0	9	30
108	4	8.16261989204213	79	25	0	0	0	10	30
108	4	3.64825674751773	230	22	0	0	0	11	30
108	6	4.46777785313316	193	26	0	0	0	12	30
108	8	1.16679645818658	273	20	0	0	0	13	30
108	9	7.81018518377095	259	13	0	0	0	14	30
108	9	3.1114205152262	274	22	0	0	0	15	30
108	9	13.4146930954885	426	41	2	0	0	16	30
109	1	2.22827425599098	164	16	1	0	0	1	30
109	2	6.69178921659477	180	15	0	0	0	2	30
109	2	3.98338912730105	206	12	0	0	0	3	30
109	3	4.02506541227922	239	16	0	0	0	4	30
109	4	4.62405307800509	211	18	0	0	0	5	30
109	6	3.35798080149107	251	21	0	0	0	6	30
109	8	4.60642160428688	169	14	2	0	0	7	30
110	1	3.91034255595878	166	16	1	0	0	1	30
110	2	5.76299269427545	178	15	0	0	0	2	30
110	2	1.40353412204422	130	21	0	0	0	3	30
110	3	5.16097206110135	409	18	0	0	0	4	30
110	5	3.25175051786937	177	14	0	0	0	5	30
110	4	3.66918046888895	147	19	0	0	0	6	30
110	7	0.643841010751203	287	17	0	0	0	7	30
110	7	6.56156996637583	288	23	0	0	0	8	30
110	8	6.49770048493519	209	24	0	0	0	9	30
110	10	6.64773701271042	180	18	2	0	0	10	30
111	2	0.776284013176337	340	18	1	0	0	1	30
111	2	11.8188508402091	265	21	0	0	0	2	30
111	1	1.06467906199396	167	30	0	0	0	3	30
111	2	15.2992260365281	167	17	0	0	0	4	30
111	4	0.84446166548878	179	15	0	0	0	5	30
111	5	1.44197191298008	213	20	0	0	0	6	30
111	6	5.60181621136144	256	19	0	0	0	7	30
111	8	0.592558999313042	179	15	0	0	0	8	30
111	6	7.65888053388335	145	16	0	0	0	9	30
111	8	0.816754113184288	180	30	0	0	0	10	30
111	10	1.62655950826593	176	15	2	0	0	11	30
112	1	2.18738611158915	252	22	1	0	0	1	30
112	3	3.97579676448368	172	17	0	0	0	2	30
112	2	2.19028771203011	223	15	0	0	0	3	30
112	1	2.46108168223873	183	21	0	0	0	4	30
112	3	3.29649178893305	282	15	0	0	0	5	30
112	4	4.98185403784737	218	16	0	0	0	6	30
112	6	3.0689585255459	226	20	0	0	0	7	30
112	8	2.41697582579218	161	13	2	0	0	8	30
113	2	2.18769251229241	216	15	1	0	0	1	30
113	3	4.82623384683393	183	13	0	0	0	2	30
113	3	2.30853818450123	103	18	0	0	0	3	30
113	4	6.00922818575054	181	15	0	0	0	4	30
113	4	1.5262129791081	159	19	0	0	0	5	30
113	5	7.37802269193344	298	18	0	0	0	6	30
113	7	1.91606476902962	456	15	2	0	0	7	30
114	2	2.61808975110762	247	14	1	0	0	1	30
114	3	4.87193737528287	158	15	0	0	0	2	30
114	4	2.38236100948416	175	15	0	0	0	3	30
114	6	1.54015432531014	213	14	0	0	0	4	30
114	5	2.67814816255122	192	27	0	0	0	5	30
114	7	4.38525499869138	272	12	0	0	0	6	30
114	7	0.644519271561876	127	20	0	0	0	7	30
114	8	6.0441666112747	243	16	0	0	0	8	30
114	7	5.19420404708944	257	30	0	0	0	9	30
114	10	2.6357086088974	186	14	2	0	0	10	30
