1	1	3.47998946276493	208	16	1	0	0	1	19
1	3	2.43186602811329	230	18	0	0	0	2	19
1	4	1.58610812504776	201	19	0	0	0	3	19
1	6	0.695827399380505	238	17	0	0	0	4	19
1	7	1.63599970098585	267	16	0	0	0	5	19
1	9	0.890472109662369	344	18	0	0	0	6	19
1	10	2.32609554682858	200	17	2	0	0	7	19
2	1	2.99586521484889	167	16	1	0	0	1	19
2	3	2.98843929218128	193	17	0	0	0	2	19
2	4	4.89838779112324	228	19	0	0	0	3	19
2	5	2.35123250563629	214	18	0	0	0	4	19
2	7	3.24448496615514	192	19	0	0	0	5	19
2	8	5.74291090201586	380	19	0	0	0	6	19
2	9	6.79257664899342	205	14	0	0	0	7	19
2	10	2.09869665023871	402	46	2	0	0	8	19
3	1	2.98086060490459	187	18	1	0	0	1	19
3	2	5.26037313439883	156	18	0	0	0	2	19
3	4	1.78114288346842	208	17	0	0	0	3	19
3	6	0.509325929684564	277	17	0	0	0	4	19
3	7	2.55283576739021	237	15	0	0	0	5	19
3	8	2.92348037450574	142	16	0	0	0	6	19
3	9	3.25335321412422	156	18	0	0	0	7	19
3	10	4.07028027367778	431	46	2	0	0	8	19
4	1	2.25708759436384	194	16	1	0	0	1	19
4	2	5.66434696223587	170	16	0	0	0	2	19
4	3	4.1299061444588	185	17	0	0	0	3	19
4	4	6.10392412636429	239	17	0	0	0	4	19
4	5	3.47998467343859	212	14	0	0	0	5	19
4	6	3.91927509498782	290	18	0	0	0	6	19
4	8	0.976135068340227	189	13	2	0	0	7	19
6	1	2.89312857598998	194	16	1	0	0	1	19
6	2	5.58291836013086	248	16	0	0	0	2	19
6	3	5.26252987398766	259	18	0	0	0	3	19
6	4	1.66940920986235	244	17	0	0	0	4	19
6	6	0.752592478878796	186	18	0	0	0	5	19
6	7	0.265541106229648	316	16	0	0	0	6	19
6	8	0.0104136390145868	248	14	2	0	0	7	19
7	1	3.35600771429017	181	15	1	0	0	1	19
7	3	0.74880000622943	180	16	0	0	0	2	19
7	4	1.98711062921211	213	17	0	0	0	3	19
7	5	4.78678034781478	196	19	0	0	0	4	19
7	6	4.81686490494758	248	19	0	0	0	5	19
7	7	6.66780927078798	137	17	0	0	0	6	19
7	6	1.44249440846033	199	19	0	0	0	7	19
7	7	7.28878796007484	207	19	0	0	0	8	19
7	9	1.67678875173442	325	12	2	0	0	9	19
8	1	2.73130591236986	205	19	1	0	0	1	19
8	3	4.60908393166028	215	19	0	0	0	2	19
8	4	4.21351481112652	242	18	0	0	0	3	19
8	5	4.37914750538766	218	18	0	0	0	4	19
8	7	3.87226601713337	242	19	0	0	0	5	19
8	9	0.0538281397894025	225	19	0	0	0	6	19
8	10	1.69333569798619	433	47	2	0	0	7	19
9	1	2.88371826149523	191	18	1	0	0	1	19
9	2	5.42959862411954	161	16	0	0	0	2	19
9	3	5.87733888113871	164	19	0	0	0	3	19
9	5	0.529181159334257	243	16	0	0	0	4	19
9	6	1.35501874517649	157	16	2	0	0	5	19
10	1	2.56723161856644	160	16	1	0	0	1	19
10	3	2.86065492406487	238	16	0	0	0	2	19
10	4	3.9101510301698	224	17	0	0	0	3	19
10	6	1.66560436575674	226	20	0	0	0	4	19
10	7	4.70304155373015	209	17	0	0	0	5	19
10	9	1.7999177663587	257	21	0	0	0	6	19
10	10	2.40701395273209	166	44	2	0	0	7	19
12	1	2.63670727075078	200	15	1	0	0	1	19
12	2	4.78412156319246	172	18	0	0	0	2	19
12	4	2.6128722736612	262	18	0	0	0	3	19
12	5	2.21533011016436	255	18	0	0	0	4	19
12	6	3.78866604249924	245	14	2	0	0	5	19
13	1	2.91501013864763	199	15	1	0	0	1	19
13	3	1.83474804018624	200	15	0	0	0	2	19
13	3	6.49160023243167	240	17	0	0	0	3	19
13	4	3.23585199937224	236	16	0	0	0	4	19
13	5	3.80666832369752	151	16	0	0	0	5	19
13	4	1.27489564660937	251	12	0	0	0	6	19
13	3	7.87043583462946	45	19	0	0	0	7	19
13	5	3.08028703904711	243	18	0	0	0	8	19
13	7	0.210599185433239	409	12	2	0	0	9	19
14	1	5.64493497391231	246	19	1	0	0	1	19
14	2	4.07532226061448	213	19	0	0	0	2	19
14	4	0.397311065578833	230	18	0	0	0	3	19
14	5	4.54684939491563	247	20	0	0	0	4	19
14	6	2.96811625245027	433	16	0	0	0	5	19
14	7	3.9515230464749	277	18	0	0	0	6	19
14	8	6.49960263445973	114	40	2	0	0	7	19
15	1	2.9622256802395	200	18	1	0	0	1	19
15	3	3.98750119539909	235	16	0	0	0	2	19
15	4	3.23738310765475	214	16	0	0	0	3	19
15	5	4.48681241390295	185	17	0	0	0	4	19
15	7	2.02319910936058	258	22	0	0	0	5	19
15	8	3.68438384635374	314	22	0	0	0	6	19
15	9	4.23022984480485	213	15	2	0	0	7	19
16	1	2.87101679062471	194	16	1	0	0	1	19
16	2	5.53282728046179	266	19	0	0	0	2	19
16	3	4.5608861760702	261	18	0	0	0	3	19
16	4	5.77743892651051	258	18	0	0	0	4	19
16	5	3.91781353205442	228	18	0	0	0	5	19
16	6	7.79561481485143	145	16	2	0	0	6	19
17	1	3.29812704329379	202	14	1	0	0	1	19
17	2	6.48183580976911	185	17	0	0	0	2	19
17	3	4.09995652548969	388	18	0	0	0	3	19
17	5	0.8459420891013	247	16	0	0	0	4	19
17	6	4.08440445293672	204	20	0	0	0	5	19
17	8	3.48077599541284	189	18	2	0	0	6	19
18	1	2.04648768552579	188	18	1	0	0	1	19
18	3	2.52229707455263	226	16	0	0	0	2	19
18	4	5.76700498326682	302	16	0	0	0	3	19
18	5	5.08029671898112	247	16	0	0	0	4	19
18	7	0.401954612694681	252	18	0	0	0	5	19
18	7	7.76828020205721	263	16	0	0	0	6	19
18	9	2.0591667254921	745	59	2	0	0	7	19
19	1	3.89679962419905	195	16	1	0	0	1	19
19	2	6.65292083192617	166	16	0	0	0	2	19
19	3	5.1093403310515	233	16	0	0	0	3	19
19	4	3.7185256043449	191	16	0	0	0	4	19
19	5	5.66816768911667	223	17	0	0	0	5	19
19	6	4.20658787502907	202	16	0	0	0	6	19
19	8	2.24975415109657	205	12	0	0	0	7	19
19	7	1.9326428938657	146	13	0	0	0	8	19
19	6	3.23181028384715	159	17	0	0	0	9	19
19	8	2.94379732967354	201	24	0	0	0	10	19
19	11	0.451358740450814	269	16	0	0	0	11	19
19	11	5.00720082083717	176	47	2	0	0	12	19
20	2	0.078049125848338	193	16	1	0	0	1	19
20	2	6.72775361244567	250	17	0	0	0	2	19
20	3	3.96615508315153	198	15	0	0	0	3	19
20	4	4.86791220051236	246	18	0	0	0	4	19
20	5	2.88677191804163	199	19	0	0	0	5	19
20	7	2.95146021386608	227	17	0	0	0	6	19
20	8	3.0198386083357	408	17	0	0	0	7	19
20	10	1.74739578133449	215	12	2	0	0	8	19
21	1	3.38892759359442	191	16	1	0	0	1	19
21	2	5.62581261410378	186	17	0	0	0	2	19
21	3	4.09875348769128	245	18	0	0	0	3	19
21	5	1.47077803430147	227	17	0	0	0	4	19
21	6	4.56294229626656	202	19	0	0	0	5	19
21	7	5.15178250102326	178	18	0	0	0	6	19
21	9	2.0513612665236	266	16	0	0	0	7	19
21	10	0.518033016938716	170	38	2	0	0	8	19
22	1	3.31633671978489	193	16	1	0	0	1	19
22	3	2.57794210710563	158	17	0	0	0	2	19
22	4	2.9370382046327	204	17	0	0	0	3	19
22	5	4.60249060508795	273	18	0	0	0	4	19
22	6	4.0020932611078	243	14	0	0	0	5	19
22	7	2.09788484894671	185	48	2	0	0	6	19
23	1	2.70519214682281	186	15	1	0	0	1	19
23	3	0.00787174282595515	262	17	0	0	0	2	19
23	4	2.24769623577595	199	16	0	0	0	3	19
23	5	3.00478284596466	254	18	0	0	0	4	19
23	6	4.13343764212914	297	18	0	0	0	5	19
23	7	2.17605913989246	174	51	2	0	0	6	19
24	1	2.62095595919527	189	15	1	0	0	1	19
24	3	0.124350987607613	197	17	0	0	0	2	19
24	4	0.486529883462936	179	16	0	0	0	3	19
24	5	2.95500363316387	169	18	0	0	0	4	19
24	6	4.62714403751306	228	16	0	0	0	5	19
24	8	1.20314839482307	206	17	2	0	0	6	19
25	1	2.236624001991	189	16	1	0	0	1	19
25	2	5.10198791697621	197	17	0	0	0	2	19
25	3	5.47797121619806	214	16	0	0	0	3	19
25	4	5.95315954461694	242	19	0	0	0	4	19
25	6	1.11662332876585	259	19	0	0	0	5	19
25	8	3.44056419678964	218	18	0	0	0	6	19
25	8	9.25177438976243	207	49	2	0	0	7	19
26	2	2.28789373044856	278	17	1	0	0	1	19
26	3	2.36841664975509	186	17	0	0	0	2	19
26	4	4.41747567988932	348	17	0	0	0	3	19
26	6	1.87025105115026	245	17	2	0	0	4	19
27	1	2.77133217081428	199	16	1	0	0	1	19
27	2	4.6884375854861	233	17	0	0	0	2	19
27	3	3.70333211077377	218	18	0	0	0	3	19
27	4	5.2624398143962	244	18	0	0	0	4	19
27	5	3.45076444093138	357	20	0	0	0	5	19
27	7	1.00610611634329	251	12	0	0	0	6	19
27	7	3.30526879359968	369	12	2	0	0	7	19
28	1	3.05329480208457	198	16	1	0	0	1	19
28	3	0.902998288394883	193	17	0	0	0	2	19
28	4	1.58761374396272	227	17	0	0	0	3	19
28	5	1.69569961749949	256	17	0	0	0	4	19
28	6	3.82956348289736	181	13	0	0	0	5	19
28	7	4.88248885516077	186	19	0	0	0	6	19
28	8	2.56151184113696	185	19	0	0	0	7	19
28	10	2.85318630724214	193	22	2	0	0	8	19
30	2	0.433693998493254	180	17	1	0	0	1	19
30	3	0.801565616158769	223	16	0	0	0	2	19
30	4	4.63912582420744	234	17	0	0	0	3	19
30	5	4.92748735495843	209	17	0	0	0	4	19
30	7	1.81814721622504	365	53	2	0	0	5	19
32	1	2.54676186153665	192	17	1	0	0	1	19
32	2	4.89331099251285	227	24	0	0	0	2	19
32	3	3.48942135670222	195	15	0	0	0	3	19
32	5	2.46329541411251	227	15	0	0	0	4	19
32	6	2.02589317830279	245	17	0	0	0	5	19
32	7	3.08237593830563	234	15	0	0	0	6	19
32	8	4.61274414486252	202	12	2	0	0	7	19
33	1	3.80972182797268	190	18	1	0	0	1	19
33	2	4.17982953740284	319	20	0	0	0	2	19
33	4	1.37432166701183	237	17	0	0	0	3	19
33	5	3.92785818967968	260	15	0	0	0	4	19
33	6	4.06779836770147	226	26	0	0	0	5	19
33	7	2.91158084641211	579	12	0	0	0	6	19
33	7	4.39775785431266	264	12	2	0	0	7	19
34	1	3.25776655995287	182	16	1	0	0	1	19
34	3	0.642203534021974	235	15	0	0	0	2	19
34	4	0.711607232224196	204	17	0	0	0	3	19
34	5	2.84439204866067	249	21	0	0	0	4	19
34	7	0.342313893139362	291	14	0	0	0	5	19
34	7	5.33853143593296	255	23	0	0	0	6	19
34	8	5.75920956162736	343	62	2	0	0	7	19
35	1	3.37154836766422	236	16	1	0	0	1	19
35	2	7.44577527488582	214	16	0	0	0	2	19
35	3	5.47042145812884	160	17	0	0	0	3	19
35	4	5.19760916754603	219	21	0	0	0	4	19
35	5	2.73471393669024	404	13	2	0	0	5	19
36	1	3.84113931166939	65	14	1	0	0	1	19
36	2	2.8534993538633	211	17	0	0	0	2	19
36	3	2.2968476251699	234	19	0	0	0	3	19
36	4	4.15269642625935	238	15	0	0	0	4	19
36	5	5.26780025451444	240	21	0	0	0	5	19
36	6	4.36998997209594	288	16	0	0	0	6	19
36	7	3.01859964011237	261	16	0	0	0	7	19
36	8	3.90406059776433	269	53	2	0	0	8	19
37	1	3.169995296048	196	14	1	0	0	1	19
37	3	0.0741879190318286	218	15	0	0	0	2	19
37	3	5.79695646255277	232	15	0	0	0	3	19
37	4	4.80170495528728	234	17	0	0	0	4	19
37	5	4.2803284956608	210	15	0	0	0	5	19
37	6	4.26699380460195	180	16	0	0	0	6	19
37	7	3.56697360659018	161	12	2	0	0	7	19
38	1	3.23133398219943	190	16	1	0	0	1	19
38	2	6.24163219938055	161	18	0	0	0	2	19
38	3	7.91212605731562	224	18	0	0	0	3	19
38	4	4.6777422549203	251	18	0	0	0	4	19
38	6	0.962970751570538	258	20	0	0	0	5	19
38	8	0.416767365764827	251	19	0	0	0	6	19
38	9	5.56577990436926	302	14	2	0	0	7	19
39	2	0.273027262184769	196	16	1	0	0	1	19
39	2	8.5608511606697	263	16	0	0	0	2	19
39	3	4.57322648982517	241	16	0	0	0	3	19
39	4	4.93343200185336	234	15	0	0	0	4	19
39	5	6.50523554603569	216	21	0	0	0	5	19
39	7	3.87046640506014	279	17	0	0	0	6	19
39	8	3.14514430589043	412	15	0	0	0	7	19
39	9	3.13895968254656	463	44	2	0	0	8	19
40	1	4.89762135734782	210	16	1	0	0	1	19
40	3	2.1881413909141	197	16	0	0	0	2	19
40	4	4.92018170002848	189	16	0	0	0	3	19
40	5	5.61614584107883	178	20	0	0	0	4	19
40	7	2.83830856927671	235	17	0	0	0	5	19
40	9	1.33407454122789	171	20	0	0	0	6	19
40	10	4.77336606103927	400	52	2	0	0	7	19
42	2	0.225375275826082	180	16	1	0	0	1	19
42	3	4.10572428163141	255	17	0	0	0	2	19
42	4	6.14482950698584	201	15	0	0	0	3	19
42	6	1.64634568360634	210	16	0	0	0	4	19
42	8	0.028913096524775	193	15	0	0	0	5	19
42	8	5.49179557710886	258	16	0	0	0	6	19
42	9	3.29251430742443	331	54	2	0	0	7	19
43	1	2.1912038740702	174	15	1	0	0	1	19
43	2	5.56540821911767	173	17	0	0	0	2	19
43	3	5.60988802812062	189	17	0	0	0	3	19
43	4	4.55538283986971	230	19	0	0	0	4	19
43	5	2.73923777206801	282	15	0	0	0	5	19
43	6	5.76026662695222	173	16	0	0	0	6	19
43	7	3.41077432828024	178	15	2	0	0	7	19
44	1	2.78062827256508	163	17	1	0	0	1	19
44	2	5.73557729739696	157	16	0	0	0	2	19
44	3	5.39695038530044	195	16	0	0	0	3	19
44	4	4.60428803809918	204	18	0	0	0	4	19
44	6	1.55855302326381	170	17	0	0	0	5	19
44	6	7.84288134309463	162	19	0	0	0	6	19
44	7	4.60926453233697	210	18	0	0	0	7	19
44	8	4.34561359719373	212	18	0	0	0	8	19
44	9	3.69053671322763	285	40	2	0	0	9	19
45	1	5.43048242852092	280	19	1	0	0	1	19
45	2	2.28529722965322	215	17	0	0	0	2	19
45	4	0.073029909748584	243	15	0	0	0	3	19
45	5	3.21302517969161	237	18	0	0	0	4	19
45	6	3.95651621301658	212	15	0	0	0	5	19
45	7	1.69699642714113	327	51	2	0	0	6	19
46	1	3.39285161765292	200	15	1	0	0	1	19
46	3	1.17341642733663	175	20	0	0	0	2	19
46	4	3.95385148399509	268	17	0	0	0	3	19
46	5	2.22218724666163	213	17	0	0	0	4	19
46	6	3.00324944523163	228	17	0	0	0	5	19
46	7	5.14807715453207	179	16	2	0	0	6	19
47	1	2.21895551169291	184	16	1	0	0	1	19
47	2	5.48213819833472	247	16	0	0	0	2	19
47	3	2.08136103674769	180	17	0	0	0	3	19
47	4	2.58080375217833	212	22	0	0	0	4	19
47	6	3.09170969179831	240	19	0	0	0	5	19
47	7	3.97848947555758	239	18	0	0	0	6	19
47	8	5.73049740144052	170	12	0	0	0	7	19
47	8	2.09625098691322	164	20	2	0	0	8	19
48	2	1.75212586810812	250	17	1	0	0	1	19
48	3	4.98814219306223	244	17	0	0	0	2	19
48	4	4.6277358441148	222	18	0	0	0	3	19
48	5	4.6743077149149	284	17	0	0	0	4	19
48	7	1.27158861421049	238	15	2	0	0	5	19
50	1	3.0183921456337	177	16	1	0	0	1	19
50	2	6.10737718152814	258	18	0	0	0	2	19
50	3	3.03787060361356	271	15	0	0	0	3	19
50	4	2.7405452944804	213	17	0	0	0	4	19
50	6	0.948392136953771	79	26	0	0	0	5	19
50	2	4.11310478695668	318	25	0	0	0	6	19
50	7	0.564308399567381	263	18	0	0	0	7	19
50	7	8.78087957575917	209	17	0	0	0	8	19
50	9	0.866536660818383	215	16	2	0	0	9	19
51	2	3.01836621155962	139	12	1	0	0	1	19
51	2	0.636914361733943	136	20	0	0	0	2	19
51	3	4.78411452029832	215	17	0	0	0	3	19
51	4	2.85138922533952	249	19	0	0	0	4	19
51	6	2.77066216454841	227	16	0	0	0	5	19
51	8	2.02398908208124	185	20	0	0	0	6	19
51	9	4.41874654311687	215	18	0	0	0	7	19
51	10	4.39230033149943	276	16	0	0	0	8	19
51	11	2.86389256548136	191	36	2	0	0	9	19
52	1	2.86355650564656	186	14	1	0	0	1	19
52	2	4.29808159382083	260	16	0	0	0	2	19
52	3	4.06810396839865	253	17	0	0	0	3	19
52	4	3.94556174357422	360	14	0	0	0	4	19
52	5	3.92259215284139	242	17	2	0	0	5	19
53	1	2.29895607125945	197	14	1	0	0	1	19
53	2	4.72078314539976	176	17	0	0	0	2	19
53	3	4.16380533948541	232	14	0	0	0	3	19
53	4	1.85849973838776	237	17	0	0	0	4	19
53	5	3.6081023318693	256	24	0	0	0	5	19
53	6	1.38686831947416	262	15	0	0	0	6	19
53	7	1.75449861609377	299	14	0	0	0	7	19
53	6	1.05279560456984	177	22	0	0	0	8	19
53	8	4.52399860904552	183	15	2	0	0	9	19
54	1	3.39620351488702	186	17	1	0	0	1	19
54	3	1.65352208656259	173	18	0	0	0	2	19
54	4	1.74776217481121	192	16	0	0	0	3	19
54	5	0.0479041691869497	188	17	0	0	0	4	19
54	6	3.59933805698529	192	16	0	0	0	5	19
54	7	3.36203626682982	182	17	0	0	0	6	19
54	8	3.34846523916349	308	44	2	0	0	7	19
55	1	2.15351783763617	181	18	1	0	0	1	19
55	2	5.38291013869457	509	21	0	0	0	2	19
55	4	1.9280513683334	192	17	0	0	0	3	19
55	5	2.30906342272647	206	19	0	0	0	4	19
55	7	1.33178476849571	203	19	0	0	0	5	19
55	8	5.34993117488921	240	18	0	0	0	6	19
55	10	1.46682160836644	153	56	2	0	0	7	19
56	1	2.25853219605051	189	16	1	0	0	1	19
56	2	4.94756354414858	175	16	0	0	0	2	19
56	4	0.925323280971497	246	19	0	0	0	3	19
56	5	3.58319996204227	257	16	0	0	0	4	19
56	6	3.80737326550297	189	18	0	0	0	5	19
56	6	9.03584251878783	160	56	2	0	0	6	19
57	1	3.41280075232498	189	16	1	0	0	1	19
57	3	0.204248180380091	203	17	0	0	0	2	19
57	3	6.34462652378716	269	16	0	0	0	3	19
57	4	3.19368662382476	223	17	0	0	0	4	19
57	6	2.69595443014987	163	12	2	0	0	5	19
58	1	3.43169084121473	213	19	1	0	0	1	19
58	3	1.02033676509745	248	18	0	0	0	2	19
58	4	3.72606861568056	205	16	0	0	0	3	19
58	6	0.741224958561361	270	19	0	0	0	4	19
58	7	3.85613768920302	242	19	0	0	0	5	19
58	9	1.79869833611883	221	17	2	0	0	6	19
59	1	3.8593375813216	176	17	1	0	0	1	19
59	2	6.06862550019287	221	16	0	0	0	2	19
59	3	4.59590514353476	229	15	0	0	0	3	19
59	4	3.53188449703157	206	18	0	0	0	4	19
59	6	1.07318773819134	245	20	0	0	0	5	19
59	8	1.38079653214663	215	16	2	0	0	6	19
60	1	1.68048377800733	210	18	1	0	0	1	19
60	2	5.75762652908452	160	16	0	0	0	2	19
60	4	0.967295397538692	227	16	0	0	0	3	19
60	5	1.13079070276581	247	17	0	0	0	4	19
60	7	0.96511709690094	233	17	0	0	0	5	19
60	8	1.1751033172477	259	19	0	0	0	6	19
60	9	4.18369749491103	245	15	0	0	0	7	19
60	9	10.4032466709614	507	14	2	0	0	8	19
61	1	4.85436110082082	239	17	1	0	0	1	19
61	2	7.96236473624595	272	18	0	0	0	2	19
61	3	4.04824591171928	257	15	0	0	0	3	19
61	4	4.72713815839961	253	18	0	0	0	4	19
61	5	3.26180582260713	278	19	0	0	0	5	19
61	7	2.00748854805715	219	45	2	0	0	6	19
62	1	1.78965941164643	205	16	1	0	0	1	19
62	2	4.10722546535544	240	16	0	0	0	2	19
62	3	2.58391888090409	364	16	0	0	0	3	19
62	4	1.5033810918685	218	17	0	0	0	4	19
62	5	2.503928194521	219	17	0	0	0	5	19
62	6	4.7369910122361	159	14	0	0	0	6	19
62	6	1.18617747398093	225	20	0	0	0	7	19
62	7	1.71241771639325	168	17	0	0	0	8	19
62	8	3.42063271347433	270	12	2	0	0	9	19
63	1	2.60970813292079	176	18	1	0	0	1	19
63	2	6.97287608170882	208	16	0	0	0	2	19
63	3	4.88675645459443	241	17	0	0	0	3	19
63	4	3.34619569173083	203	16	0	0	0	4	19
63	5	3.64831785694696	215	19	0	0	0	5	19
63	7	1.89836525125429	249	17	0	0	0	6	19
63	8	3.6028790990822	169	15	0	0	0	7	19
63	9	2.4492153651081	243	43	2	0	0	8	19
65	1	5.90832056314684	94	20	1	0	0	1	19
65	1	5.40489207254723	169	16	0	0	0	2	19
65	3	4.0288778853137	204	16	0	0	0	3	19
65	3	11.4776584322099	222	14	0	0	0	4	19
65	4	4.95159826986492	201	17	0	0	0	5	19
65	5	4.45717329066247	197	19	0	0	0	6	19
65	7	2.29774756915867	215	20	0	0	0	7	19
65	9	0.984637698624283	224	18	0	0	0	8	19
65	10	3.31847253185697	198	22	0	0	0	9	19
65	11	5.55905061471276	272	44	2	0	0	10	19
66	1	2.70323455403559	215	17	1	0	0	1	19
66	3	1.53432110301219	171	16	0	0	0	2	19
66	4	3.93715319898911	242	16	0	0	0	3	19
66	5	2.542579542147	220	17	0	0	0	4	19
66	6	6.42660207534209	445	12	0	0	0	5	19
66	6	3.76741280732676	214	17	0	0	0	6	19
66	7	3.22837678855285	245	16	0	0	0	7	19
66	9	0.891384206246585	263	17	0	0	0	8	19
66	10	3.16171649028547	270	14	0	0	0	9	19
66	10	7.74121335148811	131	17	2	0	0	10	19
67	1	2.03817821084522	186	16	1	0	0	1	19
67	3	0.0424476622138172	172	17	0	0	0	2	19
67	4	1.33816516608931	216	15	0	0	0	3	19
67	4	6.40164525620639	295	17	0	0	0	4	19
67	5	2.26843063742854	175	19	0	0	0	5	19
67	6	6.49483417207375	213	17	0	0	0	6	19
67	7	4.48669486260042	255	51	2	0	0	7	19
68	1	3.95286463643424	189	17	1	0	0	1	19
68	2	6.78628913988359	167	17	0	0	0	2	19
68	3	5.88729846780188	217	17	0	0	0	3	19
68	5	0.470975215081125	216	18	0	0	0	4	19
68	6	4.03533850959502	309	20	0	0	0	5	19
68	7	6.59382579731755	251	21	0	0	0	6	19
68	7	15.7922391216271	221	12	0	0	0	7	19
68	8	2.20821514353156	137	42	2	0	0	8	19
69	2	0.969327404163778	185	15	1	0	0	1	19
69	2	6.00965856248513	270	16	0	0	0	2	19
69	3	4.8730215174146	238	17	0	0	0	3	19
69	4	4.63862806605175	253	17	0	0	0	4	19
69	5	4.33705521817319	247	19	0	0	0	5	19
69	6	3.99024462304078	411	18	2	0	0	6	19
72	1	4.98551703407429	213	15	1	0	0	1	19
72	2	5.40973066980951	154	13	0	0	0	2	19
72	3	5.60258974018507	167	15	0	0	0	3	19
72	4	4.64293229929172	178	17	0	0	0	4	19
72	6	0.141475338488817	323	19	0	0	0	5	19
72	7	4.39079792774282	356	53	2	0	0	6	19
73	1	3.70153317973018	193	14	1	0	0	1	19
73	2	5.47353276889771	186	16	0	0	0	2	19
73	4	1.58932260121219	247	17	0	0	0	3	19
73	5	4.37191061931662	262	21	0	0	0	4	19
73	6	4.34125347947702	253	18	0	0	0	5	19
73	8	0.510674904333428	453	20	0	0	0	6	19
73	9	2.66225249343552	231	18	0	0	0	7	19
73	10	5.01035911333747	281	43	2	0	0	8	19
74	1	3.97669962211512	198	16	1	0	0	1	19
74	3	1.59421039139852	237	17	0	0	0	2	19
74	4	3.68356997100636	253	18	0	0	0	3	19
74	5	3.88632720103487	224	18	0	0	0	4	19
74	7	3.18210896919481	220	18	0	0	0	5	19
74	8	4.20325741358101	204	19	2	0	0	6	19
75	1	2.64538778900169	189	16	1	0	0	1	19
75	3	0.902761616045609	194	17	0	0	0	2	19
75	3	6.4505122245755	268	15	0	0	0	3	19
75	4	5.40047629293986	256	18	0	0	0	4	19
75	5	4.1132544009015	215	19	0	0	0	5	19
75	6	3.43284083087929	222	16	0	0	0	6	19
75	8	1.27165865316056	316	16	0	0	0	7	19
75	9	3.22725217556581	138	47	2	0	0	8	19
76	1	2.93487390642986	165	16	1	0	0	1	19
76	2	6.14476539962925	177	16	0	0	0	2	19
76	4	2.46568017010577	205	17	0	0	0	3	19
76	5	5.43416329543106	243	17	0	0	0	4	19
76	6	5.59955683164299	259	20	0	0	0	5	19
76	7	1.2403483602684	259	18	0	0	0	6	19
76	8	0.524943862343207	245	15	0	0	0	7	19
76	9	0.0730853397399187	278	21	2	0	0	8	19
77	1	3.74440855928697	195	16	1	0	0	1	19
77	2	6.34579838463105	234	16	0	0	0	2	19
77	3	4.80804959312081	245	17	0	0	0	3	19
77	4	5.61321063851938	312	16	0	0	0	4	19
77	3	5.22877002134919	246	17	0	0	0	5	19
77	4	4.78588278498501	240	19	0	0	0	6	19
77	6	0.578509181039408	245	18	2	0	0	7	19
78	1	2.86826456431299	197	17	1	0	0	1	19
78	2	5.30376677704044	184	18	0	0	0	2	19
78	3	3.60244204825722	188	17	0	0	0	3	19
78	4	3.51481532747857	199	19	0	0	0	4	19
78	6	1.81832567416131	238	20	0	0	0	5	19
78	8	1.72159418277442	216	23	0	0	0	6	19
78	10	0.961098690284416	206	15	2	0	0	7	19
79	1	2.16119076078758	188	15	1	0	0	1	19
79	2	2.27536615123972	170	15	0	0	0	2	19
79	3	3.09911569603719	193	16	0	0	0	3	19
79	5	0.758619631640613	238	16	0	0	0	4	19
79	6	3.86144338431768	235	17	0	0	0	5	19
79	8	2.74371366226114	229	22	0	0	0	6	19
79	9	4.41187381511554	366	18	2	0	0	7	19
80	1	3.62902369396761	169	18	1	0	0	1	19
80	2	6.10879711154848	221	16	0	0	0	2	19
80	3	4.01818952080794	223	18	0	0	0	3	19
80	5	0.211386002134532	258	19	0	0	0	4	19
80	6	3.95259111654013	223	20	0	0	0	5	19
80	8	0.222770653665066	310	23	0	0	0	6	19
80	9	4.77753205387853	447	37	2	0	0	7	19
81	1	3.7355008488521	188	14	1	0	0	1	19
81	2	5.08262610947713	252	16	0	0	0	2	19
81	3	5.47715096361935	259	19	0	0	0	3	19
81	4	2.2201414287556	305	16	0	0	0	4	19
81	3	4.81779584963806	191	19	0	0	0	5	19
81	5	2.65538303903304	218	19	0	0	0	6	19
81	6	4.26461190218106	179	17	0	0	0	7	19
81	7	5.18015183438547	303	14	0	0	0	8	19
81	8	3.62286554300226	169	16	2	0	0	9	19
82	1	3.17232303018682	185	17	1	0	0	1	19
82	2	6.99088114104234	199	18	0	0	0	2	19
82	3	4.99934915709309	281	17	0	0	0	3	19
82	3	13.5676307184622	226	17	0	0	0	4	19
82	5	3.24635104485787	202	20	0	0	0	5	19
82	7	4.11741362395696	218	18	0	0	0	6	19
82	8	4.46549676288851	243	19	0	0	0	7	19
82	9	3.7077829092741	265	15	0	0	0	8	19
82	10	1.22835527034476	198	14	2	0	0	9	19
83	1	2.68700434546918	191	17	1	0	0	1	19
83	2	5.03863090043887	232	18	0	0	0	2	19
83	3	4.40865437150933	206	18	0	0	0	3	19
83	4	5.48959749308415	178	17	0	0	0	4	19
83	5	4.55647672060877	255	20	0	0	0	5	19
83	6	3.63101111352444	229	20	0	0	0	6	19
83	8	5.82307230122387	259	23	0	0	0	7	19
83	9	8.67584332032129	206	14	0	0	0	8	19
83	9	4.96998721337877	217	16	0	0	0	9	19
83	9	10.1380844675004	194	12	2	0	0	10	19
84	1	4.07103442307562	203	18	1	0	0	1	19
84	3	2.83007901115343	216	17	0	0	0	2	19
84	4	3.79950589826331	362	15	0	0	0	3	19
84	5	3.26019915845245	309	18	0	0	0	4	19
84	6	3.99018767592497	231	15	0	0	0	5	19
84	7	5.10614265222102	315	17	0	0	0	6	19
84	8	4.53212345112115	257	19	0	0	0	7	19
84	9	3.95140315685421	494	54	2	0	0	8	19
85	1	2.23361967038363	196	16	1	0	0	1	19
85	2	6.38970419531688	239	15	0	0	0	2	19
85	3	3.86828869231977	362	18	0	0	0	3	19
85	4	1.90301891649142	206	18	0	0	0	4	19
85	6	1.45847078319639	258	17	0	0	0	5	19
85	7	2.57416607881896	217	15	0	0	0	6	19
85	6	0.334576905937865	270	23	0	0	0	7	19
85	8	2.94526130100712	259	15	0	0	0	8	19
85	9	1.21962400362827	225	46	2	0	0	9	19
86	1	2.2201898356434	190	17	1	0	0	1	19
86	2	4.44339687749743	244	17	0	0	0	2	19
86	3	4.38917224691249	263	18	0	0	0	3	19
86	4	4.23753735539503	479	18	0	0	0	4	19
86	5	1.9175545189064	184	19	0	0	0	5	19
86	6	5.54893053229898	292	19	0	0	0	6	19
86	7	0.114324351307005	229	18	0	0	0	7	19
86	8	3.53527278383262	216	16	2	0	0	8	19
87	1	2.09166850871406	181	16	1	0	0	1	19
87	2	6.67690800642595	223	13	0	0	0	2	19
87	2	3.95929025439546	162	18	0	0	0	3	19
87	3	4.09181982232258	179	15	0	0	0	4	19
87	4	3.21262875827961	239	16	0	0	0	5	19
87	5	3.15891377953812	238	18	0	0	0	6	19
87	7	0.453556184191257	217	13	2	0	0	7	19
89	1	3.45994773227721	188	17	1	0	0	1	19
89	3	0.0412677135318518	249	17	0	0	0	2	19
89	4	2.22896960796788	207	18	0	0	0	3	19
89	6	2.36981378030032	184	17	0	0	0	4	19
89	6	9.84508397523314	248	18	0	0	0	5	19
89	7	3.09583068965003	205	16	0	0	0	6	19
89	8	5.42280753771774	206	43	2	0	0	7	19
90	2	2.09821486123838	151	13	1	0	0	1	19
90	2	0.396239665569738	218	20	0	0	0	2	19
90	3	2.54208277352154	298	15	0	0	0	3	19
90	2	3.186991304392	230	19	0	0	0	4	19
90	3	5.93548121349886	203	18	0	0	0	5	19
90	4	2.07060142303817	223	19	0	0	0	6	19
90	6	0.24240423925221	216	21	0	0	0	7	19
90	7	2.96163336001337	214	18	0	0	0	8	19
90	8	2.42353609995916	285	49	2	0	0	9	19
91	1	3.1193270359654	201	16	1	0	0	1	19
91	2	5.52766229654662	229	18	0	0	0	2	19
91	3	3.34739589388482	272	30	0	0	0	3	19
91	5	2.07593423640355	207	18	0	0	0	4	19
91	7	0.447313753888011	244	21	0	0	0	5	19
91	8	1.01718679978512	271	19	0	0	0	6	19
91	10	0.305258142994717	182	12	2	0	0	7	19
93	1	3.90187140693888	192	15	1	0	0	1	19
93	2	5.65792663767934	140	17	0	0	0	2	19
93	3	5.58982974803075	241	17	0	0	0	3	19
93	4	2.42607506364584	229	20	0	0	0	4	19
93	5	6.70863293530419	253	19	0	0	0	5	19
93	6	4.87389755621552	238	21	0	0	0	6	19
93	7	6.57141146063805	246	20	0	0	0	7	19
93	8	6.55685579986311	381	12	2	0	0	8	19
94	2	1.81931171892211	117	14	1	0	0	1	19
94	1	3.97093481128104	126	18	0	0	0	2	19
94	3	3.05977590661496	207	17	0	0	0	3	19
94	5	2.24647698155604	233	17	0	0	0	4	19
94	6	2.13430582312867	265	18	0	0	0	5	19
94	8	0.632527651730925	155	12	2	0	0	6	19
95	1	2.88951267045923	178	15	1	0	0	1	19
95	3	0.66005278355442	175	17	0	0	0	2	19
95	4	3.14520866260864	257	16	0	0	0	3	19
95	5	3.9302849075757	258	16	0	0	0	4	19
95	6	3.27016592002474	190	15	0	0	0	5	19
95	7	4.25582765648142	166	57	2	0	0	6	19
96	2	1.29660490388051	224	17	1	0	0	1	19
96	3	5.83066173526458	113	16	0	0	0	2	19
96	5	0.839480634778738	258	17	0	0	0	3	19
96	7	2.44465097598732	199	19	0	0	0	4	19
96	8	3.97971270629205	219	19	0	0	0	5	19
96	10	0.948727260576561	270	18	0	0	0	6	19
96	11	1.0845831646584	142	19	0	0	0	7	19
96	12	2.17383778747171	187	48	2	0	0	8	19
97	2	0.264655743492767	191	16	1	0	0	1	19
97	2	6.57370048831217	181	17	0	0	0	2	19
97	3	7.30557318846695	170	15	0	0	0	3	19
97	4	6.32952571543865	199	18	0	0	0	4	19
97	6	0.656234615016729	322	19	0	0	0	5	19
97	7	2.31157935434021	188	20	0	0	0	6	19
97	9	2.01138681056909	195	16	2	0	0	7	19
98	1	2.3554802921135	196	15	1	0	0	1	19
98	2	6.0417296027299	244	16	0	0	0	2	19
98	4	2.75740974512883	217	20	0	0	0	3	19
98	5	3.54049274744466	241	17	0	0	0	4	19
98	6	4.67891116836108	235	19	0	0	0	5	19
98	8	1.03460839740001	239	23	0	0	0	6	19
98	10	1.38652589148842	197	40	2	0	0	7	19
99	1	2.7137615706306	195	17	1	0	0	1	19
99	2	6.12088435469195	255	16	0	0	0	2	19
99	3	4.27844953071326	227	15	0	0	0	3	19
99	5	0.220291459234431	233	19	0	0	0	4	19
99	6	3.91912821657024	236	18	0	0	0	5	19
99	8	1.59634172986262	164	12	2	0	0	6	19
100	1	2.66532568563707	175	15	1	0	0	1	19
100	2	5.51862326008268	216	16	0	0	0	2	19
100	3	5.00162107008509	159	19	0	0	0	3	19
100	2	2.36846546363086	297	18	0	0	0	4	19
100	3	6.53946061735041	207	17	0	0	0	5	19
100	5	3.50116167520173	251	20	0	0	0	6	19
100	6	3.43841731315479	243	20	0	0	0	7	19
100	8	0.417759138159454	309	24	0	0	0	8	19
100	9	5.01063133054413	264	20	0	0	0	9	19
100	10	4.82684456859715	133	37	2	0	0	10	19
101	1	3.21385699696839	195	15	1	0	0	1	19
101	2	7.34361742297187	233	16	0	0	0	2	19
101	3	4.53504354762845	246	15	0	0	0	3	19
101	5	0.964085737708956	262	20	0	0	0	4	19
101	6	3.48452124535106	323	17	0	0	0	5	19
101	5	2.98047738708556	195	20	0	0	0	6	19
101	7	3.29957582894713	226	18	0	0	0	7	19
101	9	0.40500149759464	169	13	2	0	0	8	19
102	2	0.407013045623899	184	16	1	0	0	1	19
102	2	6.93685821583495	192	18	0	0	0	2	19
102	4	2.99159337789752	229	16	0	0	0	3	19
102	5	4.04277411336079	256	18	0	0	0	4	19
102	6	2.07337874965742	233	18	0	0	0	5	19
102	7	3.81121732317843	252	15	0	0	0	6	19
102	8	3.37184061273001	203	16	2	0	0	7	19
103	2	3.21636542887427	264	17	1	0	0	1	19
103	3	6.57603571517393	284	15	0	0	0	2	19
103	4	5.15995240118355	256	16	0	0	0	3	19
103	5	2.54852193268016	260	16	0	0	0	4	19
103	6	3.87104930705391	124	15	0	0	0	5	19
103	7	4.56761783198453	260	17	0	0	0	6	19
103	8	4.97684380901046	217	44	2	0	0	7	19
104	1	3.78145625721663	184	16	1	0	0	1	19
104	2	7.32569680642337	258	18	0	0	0	2	19
104	4	1.87997337384149	284	17	0	0	0	3	19
104	4	9.91582782357	164	17	0	0	0	4	19
104	6	1.5049636058975	228	18	0	0	0	5	19
104	7	4.55558796506375	212	20	0	0	0	6	19
104	8	5.59634125302546	266	19	2	0	0	7	19
105	1	2.99377051065676	193	16	1	0	0	1	19
105	2	4.03374887816608	215	17	0	0	0	2	19
105	3	6.14247900643386	216	16	0	0	0	3	19
105	5	0.125294383615255	223	14	0	0	0	4	19
105	3	7.27788316109218	150	17	0	0	0	5	19
105	5	2.85761741735041	192	15	0	0	0	6	19
105	6	3.88544412096962	240	15	2	0	0	7	19
106	2	0.311055050231516	222	18	1	0	0	1	19
106	2	8.89987048599869	168	15	0	0	0	2	19
106	3	5.25454919785261	183	16	0	0	0	3	19
106	4	4.13402335625142	263	18	0	0	0	4	19
106	6	0.076473826309666	179	20	0	0	0	5	19
106	7	3.50434112665243	263	12	2	0	0	6	19
108	1	2.27622676477768	192	16	1	0	0	1	19
108	2	5.10117772035301	195	12	0	0	0	2	19
108	2	3.33107211301103	103	18	0	0	0	3	19
108	3	1.50730932899751	230	18	0	0	0	4	19
108	4	2.39434986328706	270	17	0	0	0	5	19
108	5	0.342455136356875	233	19	0	0	0	6	19
108	6	5.52786096441559	219	21	0	0	0	7	19
108	9	2.5069720861502	262	17	0	0	0	8	19
108	9	6.51227510767058	203	16	2	0	0	9	19
109	1	2.70246420428157	204	18	1	0	0	1	19
109	2	4.89752990729176	211	19	0	0	0	2	19
109	3	3.38060803455301	270	18	0	0	0	3	19
109	4	3.03173104254529	222	18	0	0	0	4	19
109	6	2.69537943974137	234	18	0	0	0	5	19
109	7	2.93608432984911	234	24	0	0	0	6	19
109	9	2.75474212295376	231	14	0	0	0	7	19
109	9	6.18015596782789	200	64	0	0	0	8	19
109	9	14.4679782001767	106	12	2	0	0	9	19
110	1	1.84747343487106	198	16	1	0	0	1	19
110	2	5.87834271835163	193	17	0	0	0	2	19
110	3	4.15183966257609	235	18	0	0	0	3	19
110	4	4.68250071653165	201	17	0	0	0	4	19
110	6	0.494651420740411	223	18	0	0	0	5	19
110	7	4.21912526874803	235	21	0	0	0	6	19
110	8	3.23403398366645	251	22	0	0	0	7	19
110	10	1.885706451023	268	17	2	0	0	8	19
111	1	2.95130217750557	184	18	1	0	0	1	19
111	2	6.55697515956126	224	14	0	0	0	2	19
111	2	11.9848263554741	153	18	0	0	0	3	19
111	3	3.24073316319846	241	16	0	0	0	4	19
111	4	3.00468050665222	241	18	0	0	0	5	19
111	6	2.12396327708848	257	19	0	0	0	6	19
111	7	3.72806748421863	231	22	0	0	0	7	19
111	9	2.55691984924488	241	18	2	0	0	8	19
112	1	2.54188099200837	178	16	1	0	0	1	19
112	2	4.62735957512632	251	16	0	0	0	2	19
112	3	4.8826534259133	227	16	0	0	0	3	19
112	5	0.583197138272226	240	20	0	0	0	4	19
112	6	4.74456254811957	241	17	0	0	0	5	19
112	8	0.736698073334992	156	12	2	0	0	6	19
113	1	1.93381752679124	205	15	1	0	0	1	19
113	3	1.03958041453734	222	16	0	0	0	2	19
113	4	3.49010453023948	202	17	0	0	0	3	19
113	5	2.82261058059521	305	19	0	0	0	4	19
113	6	1.93390836729668	308	14	0	0	0	5	19
113	7	1.94181779096834	333	64	2	0	0	6	19
114	1	2.20174875948578	195	17	1	0	0	1	19
114	3	2.88515129312873	348	17	0	0	0	2	19
114	4	0.0137445677537471	317	15	0	0	0	3	19
114	3	2.92771557159722	191	19	0	0	0	4	19
114	5	0.546219241572544	363	16	0	0	0	5	19
114	6	3.28722614096478	190	16	0	0	0	6	19
114	7	4.91843080311082	225	16	0	0	0	7	19
114	8	4.70538209355436	235	16	0	0	0	8	19
114	9	4.0037632342428	225	20	2	0	0	9	19
