1	1	3.19818656332791	293	14	1	0	0	1	3
1	3	0.338002459378913	172	15	0	0	0	2	3
1	3	4.24843537644483	192	24	0	0	0	3	3
1	5	0.213111418765038	171	12	0	0	0	4	3
1	4	2.05263828369789	181	18	0	0	0	5	3
1	3	7.4658698765561	106	19	0	0	0	6	3
1	6	0.191621962934732	245	17	0	0	0	7	3
1	7	2.39655070006847	253	20	0	0	0	8	3
1	9	2.92297200649045	230	19	0	0	0	9	3
1	10	4.06914906436577	248	18	0	0	0	10	3
1	11	3.43219981947914	227	15	0	0	0	11	3
1	11	7.62831392721273	119	35	2	0	0	12	3
2	1	1.0032821870409	219	14	1	0	0	1	3
2	2	2.02237936388701	123	16	0	0	0	2	3
2	3	6.40533605194651	172	15	0	0	0	3	3
2	4	6.69073318713345	288	19	0	0	0	4	3
2	6	1.88552760938182	265	21	0	0	0	5	3
2	7	6.5100613203831	330	18	0	0	0	6	3
2	9	0.999428275041282	246	16	0	0	0	7	3
2	9	6.13245554803871	405	14	0	0	0	8	3
2	10	3.2760012098588	274	44	2	0	0	9	3
3	1	2.85810034256428	269	13	1	0	0	1	3
3	2	3.72954417159781	181	17	0	0	0	2	3
3	4	1.57417980977334	213	17	0	0	0	3	3
3	5	2.06634387234226	248	17	0	0	0	4	3
3	7	0.97271125507541	255	13	0	0	0	5	3
3	8	2.63833041093312	236	17	0	0	0	6	3
3	9	3.27662467723712	248	16	0	0	0	7	3
3	10	3.48536074953154	251	13	0	0	0	8	3
3	10	6.53037070669234	393	39	2	0	0	9	3
4	1	2.73083995026536	180	15	1	0	0	1	3
4	2	2.7443823304493	165	17	0	0	0	2	3
4	4	0.618564784759656	203	15	0	0	0	3	3
4	4	6.61452438379638	270	16	0	0	0	4	3
4	5	4.94369088415988	238	13	0	0	0	5	3
4	6	4.28857942763716	208	16	0	0	0	6	3
4	7	5.85590430092998	289	15	0	0	0	7	3
4	8	5.39024221245199	371	16	0	0	0	8	3
4	8	11.7497151836287	235	38	2	0	0	9	3
5	1	5.8303657672368	310	15	1	0	0	1	3
5	2	1.3777702532243	196	13	0	0	0	2	3
5	1	5.68705472606234	177	15	0	0	0	3	3
5	2	4.11458464758471	275	19	0	0	0	4	3
5	4	1.4395937572699	266	13	0	0	0	5	3
5	4	6.80748612503521	332	16	0	0	0	6	3
5	5	3.62307904288173	354	18	0	0	0	7	3
5	7	0.189138381741941	482	41	2	0	0	8	3
6	1	2.27642177953385	194	12	1	0	0	1	3
6	2	1.79192085354589	148	14	0	0	0	2	3
6	2	7.7552755177021	122	15	0	0	0	3	3
6	3	4.81079830275849	219	18	0	0	0	4	3
6	4	3.18058608751744	490	14	0	0	0	5	3
6	6	0.575080729555339	328	17	0	0	0	6	3
6	7	1.56702662887983	206	12	0	0	0	7	3
6	7	5.22813309240155	224	15	0	0	0	8	3
6	9	0.821283906232566	501	37	2	0	0	9	3
7	2	0.00856034690514207	432	16	1	0	0	1	3
7	3	3.53964429744519	195	16	0	0	0	2	3
7	5	1.34653507918119	322	18	0	0	0	3	3
7	6	1.08981827623211	176	19	0	0	0	4	3
7	7	3.39646319067106	259	16	0	0	0	5	3
7	7	9.65851033618674	246	17	0	0	0	6	3
7	10	1.39841063134372	472	42	2	0	0	7	3
8	1	1.03611917700619	175	13	1	0	0	1	3
8	2	1.32374394894578	166	14	0	0	0	2	3
8	3	3.46669513289817	192	17	0	0	0	3	3
8	4	0.339905560947955	244	13	0	0	0	4	3
8	4	5.87065581092611	338	14	0	0	0	5	3
8	5	3.05896128504537	239	14	0	0	0	6	3
8	7	1.3175528740976	239	16	0	0	0	7	3
8	8	1.33029094641097	180	14	0	0	0	8	3
8	9	2.37044203933328	222	18	0	0	0	9	3
8	10	3.40197668480687	412	38	2	0	0	10	3
9	1	3.03425413323566	170	13	1	0	0	1	3
9	2	3.02287503355183	133	12	0	0	0	2	3
9	3	1.99893032410182	152	14	0	0	0	3	3
9	4	0.653691014740616	194	12	0	0	0	4	3
9	4	3.18792504980229	172	16	0	0	0	5	3
9	5	3.58865768113174	215	16	0	0	0	6	3
9	6	5.92688660230488	196	17	0	0	0	7	3
9	7	6.02566381334327	471	44	2	0	0	8	3
10	1	2.57495354139246	198	14	1	0	0	1	3
10	3	0.511008949484676	201	14	0	0	0	2	3
10	3	5.32672696048394	180	19	0	0	0	3	3
10	4	4.39386806963012	253	14	0	0	0	4	3
10	6	0.631393824703991	439	14	0	0	0	5	3
10	6	4.8723533290904	208	19	0	0	0	6	3
10	7	5.09314660727978	189	17	0	0	0	7	3
10	9	1.45839517377317	270	21	0	0	0	8	3
10	10	3.79319606907666	321	48	2	0	0	9	3
11	1	3.43214125209488	190	13	1	0	0	1	3
11	2	4.30332193989307	184	13	0	0	0	2	3
11	2	9.19595447415486	116	16	0	0	0	3	3
11	3	3.53906672773883	243	18	0	0	0	4	3
11	5	1.69071234879084	268	23	0	0	0	5	3
11	6	4.00827386206947	358	17	0	0	0	6	3
11	7	4.05178357334808	237	17	0	0	0	7	3
11	8	6.93189045763575	198	19	0	0	0	8	3
11	9	5.21660218457691	321	39	2	0	0	9	3
12	2	1.80891100969166	415	12	1	0	0	1	3
12	3	2.7448872635141	136	12	0	0	0	2	3
12	4	2.40029115998186	241	17	0	0	0	3	3
12	5	3.27678613644093	283	17	0	0	0	4	3
12	7	1.35409606993198	651	12	0	0	0	5	3
12	8	4.24958938453346	189	14	2	0	0	6	3
13	1	3.88367034262046	238	14	1	0	0	1	3
13	2	3.57149853673764	237	15	0	0	0	2	3
13	3	5.69635163643397	228	15	0	0	0	3	3
13	4	3.86927922861651	229	15	0	0	0	4	3
13	5	3.38425837527029	426	13	0	0	0	5	3
13	6	0.973844280932099	269	13	0	0	0	6	3
13	6	3.20921293855645	215	13	0	0	0	7	3
13	6	0.143075204221532	152	17	0	0	0	8	3
13	7	1.28907390055247	228	15	2	0	0	9	3
14	1	4.15226761833765	285	17	1	0	0	1	3
14	2	4.43469652719796	221	18	0	0	0	2	3
14	4	0.808022289304063	215	17	0	0	0	3	3
14	5	2.4553099218756	226	19	0	0	0	4	3
14	6	2.72722272505052	386	16	0	0	0	5	3
14	7	2.45278080599383	273	14	0	0	0	6	3
14	8	3.22277697268873	225	43	2	0	0	7	3
15	1	2.5061266310513	272	14	1	0	0	1	3
15	2	3.25773850129917	181	15	0	0	0	2	3
15	3	4.74397372244857	231	16	0	0	0	3	3
15	4	3.59502085228451	345	15	0	0	0	4	3
15	5	3.72643241193146	260	17	0	0	0	5	3
15	7	2.79920499958098	302	14	0	0	0	6	3
15	6	2.47361648734659	169	23	0	0	0	7	3
15	8	1.11935937474482	198	21	0	0	0	8	3
15	9	1.11941197328269	221	13	0	0	0	9	3
15	9	4.47431490686722	268	36	2	0	0	10	3
16	1	2.35234587220475	167	16	1	0	0	1	3
16	2	2.22816067980602	149	14	0	0	0	2	3
16	2	8.85547711024992	217	16	0	0	0	3	3
16	3	4.22521186503582	213	16	0	0	0	4	3
16	4	5.25502219679765	252	21	0	0	0	5	3
16	6	0.396916749887168	204	16	0	0	0	6	3
16	6	7.43539643706754	340	16	0	0	0	7	3
16	6	13.7557438600343	168	41	2	0	0	8	3
17	1	2.65353883244097	215	12	1	0	0	1	3
17	2	1.62530990433879	197	15	0	0	0	2	3
17	2	7.62306122039445	192	12	0	0	0	3	3
17	3	3.97103693173267	194	13	0	0	0	4	3
17	4	2.97134929313324	231	16	0	0	0	5	3
17	5	3.42778174346313	234	14	0	0	0	6	3
17	6	3.43467151513323	283	19	0	0	0	7	3
17	8	1.00931560411118	232	12	0	0	0	8	3
17	8	4.99723143852316	242	26	0	0	0	9	3
17	9	6.66027746908367	142	17	0	0	0	10	3
17	9	1.00950248842128	200	41	2	0	0	11	3
18	1	2.02607630100101	210	13	1	0	0	1	3
18	2	3.1568220553454	150	15	0	0	0	2	3
18	3	4.48735266760923	206	17	0	0	0	3	3
18	5	0.381033940473571	246	16	0	0	0	4	3
18	6	2.53315329249017	156	14	0	0	0	5	3
18	5	5.42133086663671	154	22	0	0	0	6	3
18	8	0.36224516807124	318	19	0	0	0	7	3
18	10	3.81354801333509	466	47	2	0	0	8	3
19	1	2.9031002947595	235	14	1	0	0	1	3
19	2	0.129332223208621	161	15	0	0	0	2	3
19	3	1.38476552837528	228	18	0	0	0	3	3
19	4	2.04505683924071	274	18	0	0	0	4	3
19	5	4.29971435666084	239	28	0	0	0	5	3
19	7	2.31935057858936	158	29	0	0	0	6	3
19	6	0.229983363067731	160	15	0	0	0	7	3
19	5	2.85325451893732	173	16	0	0	0	8	3
19	6	3.60696729249321	183	15	0	0	0	9	3
19	8	0.958071612752974	214	23	0	0	0	10	3
19	9	2.19988015247509	205	21	0	0	0	11	3
19	11	4.26645476813428	218	39	2	0	0	12	3
20	1	3.12582600465976	217	12	1	0	0	1	3
20	2	3.31746187712997	120	15	0	0	0	2	3
20	2	8.06170454411767	254	21	0	0	0	3	3
20	4	0.256793699692935	246	16	0	0	0	4	3
20	4	7.87708113249391	280	25	0	0	0	5	3
20	6	3.94717633421533	254	19	0	0	0	6	3
20	8	4.19780433014967	280	14	0	0	0	7	3
20	10	1.56466745934449	206	40	2	0	0	8	3
21	2	0.757708844030276	319	15	1	0	0	1	3
21	2	8.42258588341065	175	15	0	0	0	2	3
21	3	4.55578510370106	200	19	0	0	0	3	3
21	5	3.81820401223376	277	16	0	0	0	4	3
21	6	6.41772051295266	279	17	0	0	0	5	3
21	8	1.08848174382001	205	15	0	0	0	6	3
21	9	3.04715953883715	277	15	0	0	0	7	3
21	10	3.15833538467996	168	33	2	0	0	8	3
22	1	2.6158162872307	242	14	1	0	0	1	3
22	2	3.49094245373271	197	15	0	0	0	2	3
22	3	6.54910651850514	216	16	0	0	0	3	3
22	4	5.19188759243116	249	15	0	0	0	4	3
22	5	5.4980561749544	452	20	0	0	0	5	3
22	4	4.15879668551497	92	23	0	0	0	6	3
22	6	3.58710066298954	242	14	0	0	0	7	3
22	7	1.29982752446085	285	47	2	0	0	8	3
23	1	2.64399583614431	230	14	1	0	0	1	3
23	2	1.36331762140617	142	13	0	0	0	2	3
23	3	0.806810448877513	123	15	0	0	0	3	3
23	4	0.600504760630429	201	17	0	0	0	4	3
23	5	1.35463458253071	311	17	0	0	0	5	3
23	6	2.04504686081782	301	23	0	0	0	6	3
23	7	3.84079794026911	276	43	2	0	0	7	3
24	1	2.75267743202858	165	13	1	0	0	1	3
24	2	3.08115855813958	164	18	0	0	0	2	3
24	4	0.73499437328428	311	14	0	0	0	3	3
24	5	1.53048174176365	245	17	0	0	0	4	3
24	6	5.2002706232015	334	15	0	0	0	5	3
24	8	1.94572891062126	184	29	0	0	0	6	3
24	5	3.4444252057001	202	18	0	0	0	7	3
24	7	0.9203231704887	196	16	0	0	0	8	3
24	9	0.546521485317498	317	16	0	0	0	9	3
24	10	2.54732088907622	379	45	2	0	0	10	3
25	1	2.30032170424238	167	14	1	0	0	1	3
25	2	3.30227665649727	162	17	0	0	0	2	3
25	3	4.22782067791559	261	15	0	0	0	3	3
25	4	3.59081260464154	212	21	0	0	0	4	3
25	5	1.15694676921703	207	16	0	0	0	5	3
25	7	2.19291871320456	222	18	0	0	0	6	3
25	8	5.483793359017	297	15	0	0	0	7	3
25	8	10.4709464134648	370	14	0	0	0	8	3
25	8	13.9719382859766	272	14	0	0	0	9	3
25	8	9.93475303496234	518	14	0	0	0	10	3
25	8	13.34556967346	192	44	2	0	0	11	3
26	1	3.31382870255038	277	13	1	0	0	1	3
26	2	4.81708094687201	291	13	0	0	0	2	3
26	3	2.09197670477442	193	18	0	0	0	3	3
26	4	4.64014816330746	396	15	0	0	0	4	3
26	6	0.0931549626402557	268	13	0	0	0	5	3
26	6	5.44876686390489	204	14	0	0	0	6	3
26	6	1.29446510435082	134	17	0	0	0	7	3
26	7	5.70044083916582	508	39	2	0	0	8	3
27	1	1.50754198990762	159	13	1	0	0	1	3
27	2	0.196311563253403	149	13	0	0	0	2	3
27	2	4.52220005099662	137	15	0	0	0	3	3
27	3	1.16060828557238	213	17	0	0	0	4	3
27	2	4.64046006742865	235	20	0	0	0	5	3
27	3	3.1454672482796	184	12	0	0	0	6	3
27	4	3.18036209442653	266	16	0	0	0	7	3
27	5	1.99813868384808	231	17	0	0	0	8	3
27	6	4.58896779734641	260	21	0	0	0	9	3
27	7	5.8011445463635	343	38	2	0	0	10	3
28	2	1.08747406699695	429	14	1	0	0	1	3
28	3	3.64856716478243	185	14	0	0	0	2	3
28	4	3.80866426113062	196	13	0	0	0	3	3
28	4	7.96364330127835	318	17	0	0	0	4	3
28	6	0.00755838584154844	283	13	0	0	0	5	3
28	7	3.42239788617007	396	21	0	0	0	6	3
28	9	1.4379994077608	304	16	0	0	0	7	3
28	10	3.94409856386483	482	21	0	0	0	8	3
28	10	10.7366618462838	194	38	0	0	0	9	3
28	10	16.456678037066	118	25	2	0	0	10	3
29	1	2.55136030958965	238	13	1	0	0	1	3
29	2	2.16971714282408	186	12	0	0	0	2	3
29	2	6.11949213873595	247	14	0	0	0	3	3
29	3	3.76157761295326	199	14	0	0	0	4	3
29	5	0.0187952150590718	299	16	0	0	0	5	3
29	5	7.43555453466251	257	13	0	0	0	6	3
29	6	5.82589079695754	317	16	0	0	0	7	3
29	7	3.07873791083694	201	13	0	0	0	8	3
29	7	7.69415961648338	185	21	0	0	0	9	3
29	8	4.06668361998163	254	17	2	0	0	10	3
30	1	1.24449033243582	112	12	1	0	0	1	3
30	2	3.46045293938369	163	13	0	0	0	2	3
30	3	2.44553730869666	189	16	0	0	0	3	3
30	4	4.37469464889728	285	17	0	0	0	4	3
30	5	5.54969496559352	381	14	0	0	0	5	3
30	7	1.36094401171431	168	26	2	0	0	6	3
31	2	1.61167443706654	418	12	1	0	0	1	3
31	3	3.63897370710038	151	13	0	0	0	2	3
31	3	7.22443748894148	288	14	0	0	0	3	3
31	5	0.298538803122938	259	14	0	0	0	4	3
31	6	1.43225701898336	287	14	0	0	0	5	3
31	7	2.81337581877597	372	14	0	0	0	6	3
31	8	1.23617207002826	206	14	0	0	0	7	3
31	8	6.84183856216259	325	15	0	0	0	8	3
31	9	5.47393689770252	480	18	2	0	0	9	3
32	1	1.69165048212744	184	13	1	0	0	1	3
32	2	2.35330976545811	234	15	0	0	0	2	3
32	3	3.28045929246582	245	12	0	0	0	3	3
32	4	3.98355115787126	202	13	0	0	0	4	3
32	5	5.76296592201106	213	15	0	0	0	5	3
32	7	0.34112729341723	251	15	0	0	0	6	3
32	8	1.4396768247243	413	13	2	0	0	7	3
33	1	3.06866106926464	249	15	1	0	0	1	3
33	2	4.77996982191689	184	16	0	0	0	2	3
33	4	0.543649975443259	371	14	0	0	0	3	3
33	4	4.00077995145693	263	18	0	0	0	4	3
33	6	1.37428612774238	226	17	0	0	0	5	3
33	6	7.405228423886	235	19	0	0	0	6	3
33	7	5.4215480433777	328	13	0	0	0	7	3
33	7	9.41635918570682	612	13	0	0	0	8	3
33	7	13.9439745773561	157	41	2	0	0	9	3
34	1	3.80796327232383	198	14	1	0	0	1	3
34	2	4.11827548593283	177	16	0	0	0	2	3
34	3	5.56033670110628	299	15	0	0	0	3	3
34	5	0.503244043793529	284	19	0	0	0	4	3
34	6	1.8537135112565	150	16	0	0	0	5	3
34	5	6.40628719236702	215	16	0	0	0	6	3
34	7	2.01023977040313	216	15	0	0	0	7	3
34	7	8.43131285510026	189	18	0	0	0	8	3
34	8	6.85944993561134	267	15	0	0	0	9	3
34	8	10.3362112150062	187	45	2	0	0	10	3
35	1	2.64368589455262	210	15	1	0	0	1	3
35	2	4.33014868479222	185	15	0	0	0	2	3
35	3	4.48882560245693	217	16	0	0	0	3	3
35	4	5.63267496367916	307	17	0	0	0	4	3
35	5	3.26413327106275	241	14	0	0	0	5	3
35	6	3.30439921049401	159	51	2	0	0	6	3
36	1	3.95285397302359	242	12	1	0	0	1	3
36	2	2.17162061156705	118	26	0	0	0	2	3
36	3	3.15980319934897	209	15	0	0	0	3	3
36	4	2.43634696234949	265	16	0	0	0	4	3
36	5	2.45209311554208	249	20	0	0	0	5	3
36	6	3.55588317499496	281	16	0	0	0	6	3
36	7	4.32707921951078	419	16	0	0	0	7	3
36	8	4.89127426943742	708	48	2	0	0	8	3
37	1	3.29884724132717	283	13	1	0	0	1	3
37	2	4.39157055434771	256	14	0	0	0	2	3
37	3	4.3203181438148	228	16	0	0	0	3	3
37	4	3.46416519046761	282	13	0	0	0	4	3
37	5	3.36805684026331	225	15	0	0	0	5	3
37	6	5.35027943993919	308	16	0	0	0	6	3
37	7	3.15184966125526	241	13	0	0	0	7	3
37	8	2.74093647697009	217	51	2	0	0	8	3
38	1	2.21924067405052	170	13	1	0	0	1	3
38	2	1.72766584297642	139	16	0	0	0	2	3
38	3	1.95167146902531	149	15	0	0	0	3	3
38	3	5.72512961924076	272	17	0	0	0	4	3
38	4	2.61224593664519	390	21	0	0	0	5	3
38	6	0.685973106883466	429	25	0	0	0	6	3
38	8	2.39857780258171	419	19	0	0	0	7	3
38	9	8.37401372217573	220	38	2	0	0	8	3
39	1	2.5895668331068	200	14	1	0	0	1	3
39	2	2.60141030745581	125	14	0	0	0	2	3
39	2	8.93378002103418	169	16	0	0	0	3	3
39	3	4.70830432604998	294	18	0	0	0	4	3
39	5	0.713246882660314	382	17	0	0	0	5	3
39	5	6.29105695546605	223	15	0	0	0	6	3
39	7	2.38732613460161	228	18	0	0	0	7	3
39	9	0.556795169133693	388	39	2	0	0	8	3
40	1	2.35185558721423	261	12	1	0	0	1	3
40	2	1.6113257217221	252	15	0	0	0	2	3
40	3	2.91180305462331	224	16	0	0	0	3	3
40	4	3.43064738670364	223	13	0	0	0	4	3
40	5	3.82201604917645	209	16	0	0	0	5	3
40	6	4.04548970516771	264	19	0	0	0	6	3
40	8	1.00894593563862	268	17	0	0	0	7	3
40	9	4.02994845132343	233	16	0	0	0	8	3
40	10	4.31210613064468	197	16	0	0	0	9	3
40	11	3.32567704864778	380	37	2	0	0	10	3
41	1	1.40417395858094	137	13	1	0	0	1	3
41	2	1.75224720104598	142	14	0	0	0	2	3
41	2	7.66192829562351	248	19	0	0	0	3	3
41	3	2.06599927716888	171	15	0	0	0	4	3
41	3	6.07567829964682	219	16	0	0	0	5	3
41	5	0.0160332086961716	280	20	0	0	0	6	3
41	6	6.50002116640098	420	19	0	0	0	7	3
41	7	6.82158870087005	138	16	0	0	0	8	3
41	8	3.10285620810464	164	43	2	0	0	9	3
42	1	1.5142061021179	160	14	1	0	0	1	3
42	2	2.42940727295354	123	14	0	0	0	2	3
42	3	5.91987185319886	218	14	0	0	0	3	3
42	4	3.95106633845717	240	17	0	0	0	4	3
42	5	3.13172912807204	243	18	0	0	0	5	3
42	7	3.94227648433298	324	15	0	0	0	6	3
42	8	3.88549563242123	238	22	0	0	0	7	3
42	9	3.7773865442723	505	14	0	0	0	8	3
42	9	9.18990796036087	162	42	2	0	0	9	3
43	1	2.46378438640386	238	12	1	0	0	1	3
43	2	2.19034210313112	127	16	0	0	0	2	3
43	3	3.34779829741456	174	19	0	0	0	3	3
43	4	6.50094681885093	272	18	0	0	0	4	3
43	6	0.856557999039069	293	16	0	0	0	5	3
43	7	2.05912499013357	255	15	0	0	0	6	3
43	8	1.93593150796369	141	14	0	0	0	7	3
43	8	5.92961082584225	198	13	0	0	0	8	3
43	8	10.2386467389297	129	39	2	0	0	9	3
44	1	2.74858476337977	179	14	1	0	0	1	3
44	2	4.63229042221792	162	17	0	0	0	2	3
44	3	5.53802313958295	309	17	0	0	0	3	3
44	4	3.67828421178274	219	21	0	0	0	4	3
44	6	2.39240017114207	368	24	0	0	0	5	3
44	7	1.80491105793044	202	17	0	0	0	6	3
44	8	1.88234324357472	185	14	0	0	0	7	3
44	9	2.64165806444362	283	16	0	0	0	8	3
44	10	2.35295297158882	233	37	2	0	0	9	3
45	1	4.73959024180658	333	13	1	0	0	1	3
45	1	8.62657365901396	214	13	0	0	0	2	3
45	2	1.02337263966911	221	13	0	0	0	3	3
45	2	5.90604168339632	203	14	0	0	0	4	3
45	4	2.87140487786382	486	12	0	0	0	5	3
45	5	4.64295456721447	347	22	0	0	0	6	3
45	4	2.71135652530938	202	22	0	0	0	7	3
45	6	2.65085055632517	354	15	0	0	0	8	3
45	7	3.2806524769403	318	43	2	0	0	9	3
46	1	2.7204768860247	246	15	1	0	0	1	3
46	2	2.0947534723673	175	16	0	0	0	2	3
46	3	5.2183629416395	222	18	0	0	0	3	3
46	4	4.81591384066269	218	16	0	0	0	4	3
46	5	3.30935556045733	295	18	0	0	0	5	3
46	6	4.03831226867624	276	16	0	0	0	6	3
46	8	0.448567220242694	418	17	0	0	0	7	3
46	8	5.74380057607777	259	45	2	0	0	8	3
47	1	1.46962908073328	164	13	1	0	0	1	3
47	2	1.91627647611313	230	12	0	0	0	2	3
47	2	6.70405594399199	271	16	0	0	0	3	3
47	3	5.41253568558022	407	22	0	0	0	4	3
47	5	2.12355468212627	272	16	0	0	0	5	3
47	6	3.78458972950466	235	12	0	0	0	6	3
47	6	7.32847124477848	254	18	0	0	0	7	3
47	8	0.16895747394301	297	15	0	0	0	8	3
47	8	6.68929141270928	344	17	0	0	0	9	3
47	9	5.60141894523986	464	37	2	0	0	10	3
48	1	2.83171257283539	234	15	1	0	0	1	3
48	2	4.55890311533585	192	16	0	0	0	2	3
48	3	5.63335020164959	213	16	0	0	0	3	3
48	4	4.96108597749844	297	15	0	0	0	4	3
48	5	3.0036649859976	212	15	0	0	0	5	3
48	6	0.251672093989328	207	15	0	0	0	6	3
48	8	1.76231386791915	226	13	2	0	0	7	3
49	1	2.81460322649218	377	14	1	0	0	1	3
49	2	1.63316058833152	232	14	0	0	0	2	3
49	1	3.9980783064384	290	13	0	0	0	3	3
49	2	4.56909746280871	276	14	0	0	0	4	3
49	3	3.76198592642322	278	18	0	0	0	5	3
49	4	5.25264433049597	300	12	0	0	0	6	3
49	4	10.3979221354239	208	16	0	0	0	7	3
49	5	5.82593331648968	552	16	0	0	0	8	3
49	6	2.23569394554943	372	13	0	0	0	9	3
49	7	3.10812944849022	267	18	0	0	0	10	3
49	8	6.70852233376354	271	16	0	0	0	11	3
49	8	11.2447262119967	639	30	2	0	0	12	3
50	2	1.95340720098466	317	13	1	0	0	1	3
50	2	7.42717866227031	215	15	0	0	0	2	3
50	3	5.05545647488907	339	17	0	0	0	3	3
50	5	1.94280650443397	212	20	0	0	0	4	3
50	7	3.84747425070964	274	23	0	0	0	5	3
50	8	3.32489813142456	273	15	0	0	0	6	3
50	9	4.64736297749914	265	12	0	0	0	7	3
50	9	7.38533310312778	189	42	2	0	0	8	3
51	2	0.481759698828682	231	15	1	0	0	1	3
51	2	3.97444131434895	156	15	0	0	0	2	3
51	3	4.52454608050175	236	23	0	0	0	3	3
51	4	3.32428895914927	267	15	0	0	0	4	3
51	5	6.35212009423412	98	12	0	0	0	5	3
51	5	3.3438276743982	110	18	0	0	0	6	3
51	7	0.140191859798506	264	15	0	0	0	7	3
51	8	1.38756768638268	239	18	0	0	0	8	3
51	9	2.42626526276581	298	20	0	0	0	9	3
51	10	3.9723112094216	270	15	0	0	0	10	3
51	11	4.02439580182545	409	34	2	0	0	11	3
52	1	3.49578463053331	297	12	1	0	0	1	3
52	2	4.73145995358936	198	15	0	0	0	2	3
52	3	0.472368476213887	189	16	0	0	0	3	3
52	4	1.64487343747169	220	17	0	0	0	4	3
52	5	2.91149624693207	287	14	0	0	0	5	3
52	6	3.94034410081804	397	42	2	0	0	6	3
53	1	1.27675886405632	252	12	1	0	0	1	3
53	2	1.89950949000195	141	16	0	0	0	2	3
53	3	2.45074794767424	208	16	0	0	0	3	3
53	4	3.98465071269311	251	14	0	0	0	4	3
53	5	4.36124551016837	354	17	0	0	0	5	3
53	6	1.38912624912336	348	14	0	0	0	6	3
53	7	2.34529137331992	193	14	0	0	0	7	3
53	8	3.64706961228512	145	15	0	0	0	8	3
53	9	2.75910198362544	557	42	2	0	0	9	3
54	1	1.48817592021078	148	12	1	0	0	1	3
54	1	3.81569630047306	183	12	0	0	0	2	3
54	2	1.3823663298972	235	15	0	0	0	3	3
54	3	2.70532648498192	223	15	0	0	0	4	3
54	2	3.6465658498928	292	18	0	0	0	5	3
54	4	1.10971358255483	399	16	0	0	0	6	3
54	5	1.24540153308772	268	15	0	0	0	7	3
54	6	3.04160586372018	377	14	0	0	0	8	3
54	7	3.23889884375967	259	18	0	0	0	9	3
54	8	4.53485587914474	509	43	2	0	0	10	3
55	1	1.46801721467637	145	14	1	0	0	1	3
55	2	1.14531475119293	195	16	0	0	0	2	3
55	3	2.2937610517256	203	17	0	0	0	3	3
55	4	3.80318638496101	249	17	0	0	0	4	3
55	6	0.948942648712546	318	26	0	0	0	5	3
55	8	1.4933046544902	146	12	0	0	0	6	3
55	7	2.75540383579209	176	17	0	0	0	7	3
55	9	0.670657183276489	222	15	0	0	0	8	3
55	10	0.497443637344986	189	14	0	0	0	9	3
55	10	3.70066647324711	220	40	2	0	0	10	3
56	1	1.18401084793732	231	13	1	0	0	1	3
56	2	1.7090820230078	272	14	0	0	0	2	3
56	2	6.88778786570765	178	12	0	0	0	3	3
56	4	0.405876997392625	185	13	0	0	0	4	3
56	4	4.53703169035725	176	14	0	0	0	5	3
56	5	4.97190472786315	186	15	0	0	0	6	3
56	6	5.2626284584403	322	17	0	0	0	7	3
56	7	3.23863152461126	637	48	2	0	0	8	3
57	2	0.103453983087093	299	14	1	0	0	1	3
57	2	5.90804573777132	291	13	0	0	0	2	3
57	2	0.461638274136931	292	17	0	0	0	3	3
57	3	2.37035918515176	254	17	0	0	0	4	3
57	4	1.6321567366831	249	15	0	0	0	5	3
57	5	4.58041740953922	202	14	0	0	0	6	3
57	7	1.49864273681305	178	14	0	0	0	7	3
57	7	5.73010558821261	205	48	2	0	0	8	3
58	1	4.58695161784999	223	15	1	0	0	1	3
58	2	2.87795543624088	146	14	0	0	0	2	3
58	3	2.94675787910819	167	18	0	0	0	3	3
58	4	4.83051398955286	262	16	0	0	0	4	3
58	6	2.90152957267128	386	19	0	0	0	5	3
58	7	5.40086356527172	270	14	0	0	0	6	3
58	9	1.1723830208648	212	15	0	0	0	7	3
58	9	5.8608047934249	208	15	0	0	0	8	3
58	10	4.30936625925824	239	45	2	0	0	9	3
59	1	1.23092199582607	212	15	1	0	0	1	3
59	2	1.26341674849391	184	17	0	0	0	2	3
59	3	2.7957108556293	213	17	0	0	0	3	3
59	5	0.135433663614094	303	16	0	0	0	4	3
59	6	0.26755443168804	229	14	0	0	0	5	3
59	6	6.85357332741842	231	14	0	0	0	6	3
59	8	1.55618551303633	353	15	0	0	0	7	3
59	9	2.8349348611664	509	31	2	0	0	8	3
60	1	2.20841347286478	298	14	1	0	0	1	3
60	2	6.17942977137864	144	17	0	0	0	2	3
60	4	4.67288634739816	252	14	0	0	0	3	3
60	6	2.90311015187763	215	14	0	0	0	4	3
60	7	4.3336918563582	193	18	0	0	0	5	3
60	8	3.81884859828278	267	20	0	0	0	6	3
60	9	6.99769957456738	231	16	0	0	0	7	3
60	9	12.0720846299082	234	13	0	0	0	8	3
60	9	15.8629203233868	168	37	2	0	0	9	3
61	1	3.26510325237177	301	12	1	0	0	1	3
61	2	1.24304090789519	156	14	0	0	0	2	3
61	2	6.45423230854794	245	17	0	0	0	3	3
61	3	4.87940521375276	282	14	0	0	0	4	3
61	4	2.37977353855968	177	13	0	0	0	5	3
61	4	6.90201156563126	227	16	0	0	0	6	3
61	6	1.81770650926046	279	15	0	0	0	7	3
61	6	7.80152736767195	180	15	0	0	0	8	3
61	7	6.45088307140395	235	16	2	0	0	9	3
62	1	2.40675025316887	193	15	1	0	0	1	3
62	2	4.58605710719712	199	16	0	0	0	2	3
62	3	6.27553176600486	365	17	0	0	0	3	3
62	5	2.60464946366847	186	16	0	0	0	4	3
62	4	4.47206040471792	192	17	0	0	0	5	3
62	6	0.834596702130511	212	13	0	0	0	6	3
62	6	5.26965827215463	223	20	0	0	0	7	3
62	7	4.9797608377412	261	15	0	0	0	8	3
62	8	6.66439031041227	254	13	0	0	0	9	3
62	8	11.3038677561563	402	44	2	0	0	10	3
63	1	2.10279858484864	147	13	1	0	0	1	3
63	2	2.85173491039313	142	14	0	0	0	2	3
63	3	0.504389720736071	223	17	0	0	0	3	3
63	4	0.701555813895538	275	16	0	0	0	4	3
63	4	6.22881793812849	299	15	0	0	0	5	3
63	6	0.123911264818162	196	16	0	0	0	6	3
63	8	1.01641239062883	271	17	0	0	0	7	3
63	9	3.97885757102631	336	36	2	0	0	8	3
64	2	0.0185439912602305	215	12	1	0	0	1	3
64	2	4.14114918513224	133	19	0	0	0	2	3
64	4	4.82952217222191	239	20	0	0	0	3	3
64	7	5.56857098871842	249	27	0	0	0	4	3
64	4	5.78179564443417	181	17	0	0	0	5	3
64	3	5.39116245741025	234	16	0	0	0	6	3
64	5	1.05407675541937	240	17	0	0	0	7	3
64	7	3.76544734463096	219	19	0	0	0	8	3
64	8	4.60621991450898	242	23	0	0	0	9	3
64	9	7.6176769847516	268	36	2	0	0	10	3
66	1	1.30944140045904	261	13	1	0	0	1	3
66	2	2.69185736798681	197	14	0	0	0	2	3
66	3	4.65892965043895	301	14	0	0	0	3	3
66	4	4.32049133093096	245	17	0	0	0	4	3
66	6	0.621709194965661	260	17	0	0	0	5	3
66	6	5.22922125901096	276	15	0	0	0	6	3
66	7	4.07055636821315	393	16	0	0	0	7	3
66	9	0.359943457879126	212	17	0	0	0	8	3
66	10	2.23363232426345	244	14	2	0	0	9	3
67	2	0.938405351014808	443	16	1	0	0	1	3
67	3	3.26773779047653	407	16	0	0	0	2	3
67	4	5.13228875282221	296	14	0	0	0	3	3
67	4	9.82966439984739	295	15	0	0	0	4	3
67	6	0.800458987010643	227	15	0	0	0	5	3
67	6	6.11682221712545	184	16	0	0	0	6	3
67	7	3.99058617884293	488	15	0	0	0	7	3
67	7	8.76536058494821	163	40	2	0	0	8	3
68	1	3.86862633097917	286	15	1	0	0	1	3
68	2	4.95246287225746	319	14	0	0	0	2	3
68	3	1.77973152743652	223	16	0	0	0	3	3
68	4	1.77903868001886	421	17	0	0	0	4	3
68	5	4.78377376683056	173	14	0	0	0	5	3
68	6	4.57942152279429	218	17	0	0	0	6	3
68	7	5.12389069213532	300	21	0	0	0	7	3
68	8	2.09963972424157	455	42	2	0	0	8	3
69	1	2.37153927329928	182	12	1	0	0	1	3
69	2	2.48843624349684	124	15	0	0	0	2	3
69	2	8.02215398731641	198	16	0	0	0	3	3
69	3	5.80393607984297	471	17	0	0	0	4	3
69	4	3.34381266054697	267	15	0	0	0	5	3
69	5	2.48368879710324	380	15	0	0	0	6	3
69	6	1.91870027175173	255	15	0	0	0	7	3
69	7	3.09715117211454	252	14	0	0	0	8	3
69	7	6.46326367370784	172	40	2	0	0	9	3
70	1	3.86710200831294	293	14	1	0	0	1	3
70	2	1.94675883627497	154	16	0	0	0	2	3
70	3	2.30496099381708	222	16	0	0	0	3	3
70	4	1.21331136347726	262	19	0	0	0	4	3
70	5	4.05245990096591	285	15	0	0	0	5	3
70	6	3.2800244379323	248	17	0	0	0	6	3
70	7	3.23783280188218	243	19	0	0	0	7	3
70	9	0.359571847366169	265	15	0	0	0	8	3
70	9	6.76320368004963	431	13	0	0	0	9	3
70	9	3.73481060238555	153	22	0	0	0	10	3
70	10	5.42092156270519	252	38	2	0	0	11	3
71	1	2.80094655463472	212	13	1	0	0	1	3
71	2	2.22494029114023	153	16	0	0	0	2	3
71	3	4.48009216645733	253	17	0	0	0	3	3
71	4	4.64352667122148	260	17	0	0	0	4	3
71	5	3.06409691087902	532	13	0	0	0	5	3
71	6	4.49905226193368	361	13	0	0	0	6	3
71	6	1.30812884913757	175	16	0	0	0	7	3
71	7	2.33563524927013	207	18	0	0	0	8	3
71	8	3.13753740931861	236	18	0	0	0	9	3
71	10	1.71053496561944	351	18	0	0	0	10	3
71	11	2.74876494752243	539	41	2	0	0	11	3
72	1	3.98118741530925	185	18	1	0	0	1	3
72	3	2.27270727162249	207	14	0	0	0	2	3
72	2	5.15255219675601	175	21	0	0	0	3	3
72	4	5.86847236403264	394	15	0	0	0	4	3
72	6	1.39577071531676	315	18	0	0	0	5	3
72	7	3.53607077128254	343	13	0	0	0	6	3
72	7	6.3230477666948	450	54	2	0	0	7	3
73	1	1.19740102696232	182	13	1	0	0	1	3
73	2	0.505153011297807	150	12	0	0	0	2	3
73	2	4.17788429977372	172	17	0	0	0	3	3
73	3	3.53408521437086	246	16	0	0	0	4	3
73	5	1.84252198622562	211	12	0	0	0	5	3
73	4	2.208476241678	171	20	0	0	0	6	3
73	5	9.47972841677256	269	20	0	0	0	7	3
73	7	2.31453691469505	246	25	0	0	0	8	3
73	9	2.55150161939673	211	19	0	0	0	9	3
73	10	4.19262837455608	355	15	0	0	0	10	3
73	10	8.54567370680161	141	36	2	0	0	11	3
74	1	2.09240463469177	206	12	1	0	0	1	3
74	2	1.87027738313191	142	17	0	0	0	2	3
74	4	0.328127332031727	331	26	0	0	0	3	3
74	6	2.1253671173472	312	18	0	0	0	4	3
74	7	7.48446783819236	426	16	0	0	0	5	3
74	8	6.75105396844447	234	21	0	0	0	6	3
74	10	1.2045118433889	343	14	0	0	0	7	3
74	10	4.73915310087614	176	45	2	0	0	8	3
75	1	3.08550900476985	168	16	1	0	0	1	3
75	2	5.86225283844396	186	13	0	0	0	2	3
75	3	4.66517348634079	243	18	0	0	0	3	3
75	4	3.54917192319408	463	13	0	0	0	4	3
75	4	7.45088007394224	365	16	0	0	0	5	3
75	5	5.16786807659082	291	16	0	0	0	6	3
75	6	4.97495303628966	194	20	0	0	0	7	3
75	9	0.819204580737278	270	15	0	0	0	8	3
75	9	6.94647123501636	142	34	2	0	0	9	3
76	1	2.0328610194847	204	13	1	0	0	1	3
76	2	2.10367043921724	147	18	0	0	0	2	3
76	3	3.85778194805607	200	15	0	0	0	3	3
76	5	1.16447727847844	202	20	0	0	0	4	3
76	6	4.62098191818222	271	22	0	0	0	5	3
76	7	0.0691762322094291	286	18	0	0	0	6	3
76	8	1.4215050577186	268	14	0	0	0	7	3
76	9	0.94194078585133	913	31	0	0	0	8	3
76	10	6.56435637874529	141	32	2	0	0	9	3
77	1	2.15355699509382	207	12	1	0	0	1	3
77	2	3.02341843768954	187	15	0	0	0	2	3
77	3	3.95564841805026	213	23	0	0	0	3	3
77	4	6.94902885123156	525	15	0	0	0	4	3
77	5	4.51685346174054	196	17	0	0	0	5	3
77	7	2.01880224281922	246	14	2	0	0	6	3
78	2	0.653372409520671	330	14	1	0	0	1	3
78	2	5.36620037513785	267	16	0	0	0	2	3
78	3	5.51298454380594	275	15	0	0	0	3	3
78	4	3.63491691672243	226	26	0	0	0	4	3
78	6	2.1579628335312	234	22	0	0	0	5	3
78	8	1.09633380058222	200	14	0	0	0	6	3
78	8	6.11990622151643	236	18	0	0	0	7	3
78	10	0.0293036017101258	200	14	0	0	0	8	3
78	10	5.46667862846516	558	44	2	0	0	9	3
79	1	3.71821565087885	213	12	1	0	0	1	3
79	2	3.09109324822202	150	18	0	0	0	2	3
79	4	1.53664928302169	221	18	0	0	0	3	3
79	5	4.93816570658237	280	17	0	0	0	4	3
79	7	2.684200061718	211	17	0	0	0	5	3
79	8	5.75086021935567	223	21	0	0	0	6	3
79	9	7.73640351812355	262	15	0	0	0	7	3
79	10	5.07934496179223	175	38	2	0	0	8	3
80	1	2.88653568155132	233	15	1	0	0	1	3
80	2	5.45242622052319	252	20	0	0	0	2	3
80	3	3.2057753179688	256	17	0	0	0	3	3
80	4	3.90053133131005	302	18	0	0	0	4	3
80	5	7.73179527744651	186	15	0	0	0	5	3
80	6	4.91939486330375	187	21	0	0	0	6	3
80	8	1.30212540039793	279	16	0	0	0	7	3
80	8	7.86983686103486	150	16	0	0	0	8	3
80	9	3.41772610344924	297	62	0	0	0	9	3
80	9	10.6415620895568	124	12	2	0	0	10	3
81	1	3.41077141114511	185	13	1	0	0	1	3
81	2	2.80236706230789	188	12	0	0	0	2	3
81	2	7.74592557013966	421	14	0	0	0	3	3
81	3	5.25075186416507	424	17	0	0	0	4	3
81	4	0.640238803112879	257	12	0	0	0	5	3
81	5	1.71423046453856	171	17	0	0	0	6	3
81	6	5.01376186287962	413	15	0	0	0	7	3
81	5	3.56599769601598	115	20	0	0	0	8	3
81	7	5.97675234777853	312	17	0	0	0	9	3
81	8	6.44657121039927	257	18	2	0	0	10	3
82	1	2.68831760506146	265	13	1	0	0	1	3
82	2	3.60482883709483	174	17	0	0	0	2	3
82	3	4.0724486282561	216	13	0	0	0	3	3
82	3	8.12319135502912	137	20	0	0	0	4	3
82	5	3.27873902441934	251	18	0	0	0	5	3
82	7	6.37889914936386	226	19	0	0	0	6	3
82	8	6.0948747061193	260	17	0	0	0	7	3
82	10	1.80028214189224	218	39	2	0	0	8	3
83	1	3.98027903074399	252	15	1	0	0	1	3
83	2	5.28269635979086	177	17	0	0	0	2	3
83	4	2.84395410399884	323	29	0	0	0	3	3
83	6	1.89517877111211	216	13	0	0	0	4	3
83	5	4.27419785177335	176	19	0	0	0	5	3
83	7	2.56945281312801	246	16	0	0	0	6	3
83	8	5.02508780756034	244	26	0	0	0	7	3
83	9	5.3994878558442	249	19	0	0	0	8	3
83	9	11.8624276223127	457	15	0	0	0	9	3
83	9	16.2151044299826	457	33	2	0	0	10	3
84	1	2.93427049159072	248	13	1	0	0	1	3
84	3	1.09184325975366	129	18	0	0	0	2	3
84	4	5.24512308719568	275	19	0	0	0	3	3
84	6	1.18190279346891	184	16	0	0	0	4	3
84	5	6.83062613499351	232	23	0	0	0	5	3
84	7	5.12783847935498	465	19	0	0	0	6	3
84	8	5.69497368275188	284	17	0	0	0	7	3
84	10	1.66688676783815	187	38	2	0	0	8	3
85	1	2.05768331466243	211	12	1	0	0	1	3
85	2	1.21452991431579	120	14	0	0	0	2	3
85	2	6.89451981917955	202	17	0	0	0	3	3
85	3	6.09055631421506	287	18	0	0	0	4	3
85	5	2.93877317802981	234	20	0	0	0	5	3
85	7	4.94602701766416	370	17	0	0	0	6	3
85	8	4.8957366743125	346	12	0	0	0	7	3
85	9	2.45498820929788	232	42	2	0	0	8	3
86	2	1.11470789602026	284	15	1	0	0	1	3
86	3	1.67781677050516	199	17	0	0	0	2	3
86	3	6.1143117621541	252	16	0	0	0	3	3
86	4	5.46854608715512	275	22	0	0	0	4	3
86	6	2.76828426495194	188	12	0	0	0	5	3
86	6	0.157414953922853	155	23	0	0	0	6	3
86	8	1.04938114318065	206	13	2	0	0	7	3
87	1	2.67791010788642	161	14	1	0	0	1	3
87	2	3.24113602610305	207	17	0	0	0	2	3
87	3	3.43967998749577	252	17	0	0	0	3	3
87	4	2.25153838586994	251	19	0	0	0	4	3
87	5	4.41920219291933	349	16	0	0	0	5	3
87	7	1.44945149356499	204	15	0	0	0	6	3
87	7	7.72867592447437	178	17	0	0	0	7	3
87	7	13.0196660605725	249	42	2	0	0	8	3
88	1	3.96870123711415	283	15	1	0	0	1	3
88	2	3.00848299241625	173	13	0	0	0	2	3
88	3	6.25837225746363	513	14	0	0	0	3	3
88	4	2.20658630668186	222	13	0	0	0	4	3
88	5	3.0164630129002	178	23	0	0	0	5	3
88	6	4.5704525297042	299	19	0	0	0	6	3
88	7	4.74787085037678	338	17	0	0	0	7	3
88	9	0.415801504161209	478	15	0	0	0	8	3
88	9	6.9029079771135	255	38	2	0	0	9	3
89	1	2.67284111049958	176	14	1	0	0	1	3
89	2	4.93098564981483	191	13	0	0	0	2	3
89	3	5.66006190143526	319	22	0	0	0	3	3
89	4	3.17523900489323	182	16	0	0	0	4	3
89	6	3.84554603649303	264	13	0	0	0	5	3
89	6	9.72806878970005	268	17	0	0	0	6	3
89	7	1.08283188776113	158	12	0	0	0	7	3
89	7	5.36875123204663	209	16	0	0	0	8	3
89	8	5.94518351973966	231	13	0	0	0	9	3
89	8	8.62250685016625	152	36	2	0	0	10	3
90	1	4.35799668892287	228	12	1	0	0	1	3
90	2	4.07138805394061	149	15	0	0	0	2	3
90	3	6.60930159664713	227	25	0	0	0	3	3
90	4	3.25785038736649	240	15	0	0	0	4	3
90	6	1.68113891640678	199	15	0	0	0	5	3
90	7	2.28610894549638	185	16	0	0	0	6	3
90	8	0.821595890214667	208	17	0	0	0	7	3
90	9	3.30488184280694	232	36	2	0	0	8	3
91	1	3.19341087271459	214	13	1	0	0	1	3
91	2	3.75674911169335	197	15	0	0	0	2	3
91	2	9.90817965357564	188	18	0	0	0	3	3
91	4	0.872629367047921	279	16	0	0	0	4	3
91	5	2.81453952286392	216	17	0	0	0	5	3
91	7	0.306947887409478	238	14	0	0	0	6	3
91	7	5.98235819209367	185	19	0	0	0	7	3
91	8	4.70769760687836	477	19	0	0	0	8	3
91	10	0.49398160353303	395	14	0	0	0	9	3
91	10	5.06435475917533	177	38	2	0	0	10	3
92	1	3.86840897519141	679	14	1	0	0	1	3
92	2	4.1655233700294	178	13	0	0	0	2	3
92	2	1.04556275717914	531	14	0	0	0	3	3
92	2	5.98409961420111	476	14	0	0	0	4	3
92	2	2.98228055005893	332	14	0	0	0	5	3
92	3	0.654280225047842	204	15	0	0	0	6	3
92	3	5.13643193175085	241	14	0	0	0	7	3
92	4	4.63095771544613	193	17	0	0	0	8	3
92	5	3.05472109070979	212	20	0	0	0	9	3
92	6	4.76904787053354	214	20	0	0	0	10	3
92	8	4.78428360866383	272	21	0	0	0	11	3
92	9	6.70242992485873	257	17	0	0	0	12	3
92	10	6.18213407089934	214	15	0	0	0	13	3
92	10	11.1784683733713	168	33	2	0	0	14	3
93	1	2.24592765513808	229	14	1	0	0	1	3
93	2	3.79759753425606	169	15	0	0	0	2	3
93	3	2.61917536798865	205	16	0	0	0	3	3
93	4	0.47417360637337	201	16	0	0	0	4	3
93	5	3.01271247677505	295	17	0	0	0	5	3
93	5	11.1442285776138	283	24	0	0	0	6	3
93	7	0.910142231034115	258	18	0	0	0	7	3
93	7	7.14817521790974	242	17	0	0	0	8	3
93	8	0.876569828251377	135	17	0	0	0	9	3
93	8	6.70294849807397	216	16	0	0	0	10	3
93	8	12.3192247531842	277	34	2	0	0	11	3
94	1	2.01243905141018	185	12	1	0	0	1	3
94	2	1.69124914053828	125	16	0	0	0	2	3
94	4	0.986992919351906	191	15	0	0	0	3	3
94	5	2.83837446128018	235	18	0	0	0	4	3
94	6	3.3139097255189	267	18	0	0	0	5	3
94	8	1.65580689907074	467	15	0	0	0	6	3
94	8	6.71043884684332	98	18	0	0	0	7	3
94	9	2.9113027357962	160	13	0	0	0	8	3
94	9	5.88437194237486	229	39	2	0	0	9	3
95	2	1.41342376777902	396	13	1	0	0	1	3
95	3	2.10809257579967	148	13	0	0	0	2	3
95	4	2.80374988727272	264	16	0	0	0	3	3
95	5	3.26654256111942	273	19	0	0	0	4	3
95	6	3.02409671456553	299	13	0	0	0	5	3
95	7	3.37173783197068	290	13	0	0	0	6	3
95	7	9.00195097387768	337	43	2	0	0	7	3
96	1	3.74560472695157	168	12	1	0	0	1	3
96	2	2.9158664480783	173	14	0	0	0	2	3
96	3	2.15885287267156	186	15	0	0	0	3	3
96	3	6.76543892174959	216	16	0	0	0	4	3
96	5	0.571232075337321	377	16	0	0	0	5	3
96	7	0.826969297602773	263	14	0	0	0	6	3
96	7	7.19767631520517	241	16	0	0	0	7	3
96	8	6.39136075181887	322	20	0	0	0	8	3
96	10	2.36344333179295	274	14	0	0	0	9	3
96	11	2.78411366906948	266	21	0	0	0	10	3
96	12	5.36310621979646	336	36	2	0	0	11	3
97	1	2.60116492235102	158	13	1	0	0	1	3
97	2	1.06394957075827	113	15	0	0	0	2	3
97	3	1.35227665142156	180	14	0	0	0	3	3
97	3	6.17615811480209	181	18	0	0	0	4	3
97	4	6.56468891957775	228	16	0	0	0	5	3
97	6	2.30142715433612	349	19	0	0	0	6	3
97	8	3.47242442332208	275	15	0	0	0	7	3
97	9	5.62498107273132	418	40	2	0	0	8	3
98	1	2.61389892664738	203	12	1	0	0	1	3
98	2	2.30273959063925	157	14	0	0	0	2	3
98	2	6.54324148013256	248	15	0	0	0	3	3
98	4	0.681618605740368	215	16	0	0	0	4	3
98	4	8.14531791815534	188	13	0	0	0	5	3
98	5	5.61435704678297	215	16	0	0	0	6	3
98	6	3.1251996147912	236	16	0	0	0	7	3
98	8	1.04857513098978	272	21	0	0	0	8	3
98	9	7.8457122403197	286	13	0	0	0	9	3
98	10	3.37141743768007	181	37	2	0	0	10	3
99	1	3.11271859495901	250	15	1	0	0	1	3
99	2	5.0227079289034	195	15	0	0	0	2	3
99	3	3.0078462511301	234	14	0	0	0	3	3
99	2	8.43958210782148	107	15	0	0	0	4	3
99	4	0.212837189435959	253	16	0	0	0	5	3
99	5	1.78504138765857	256	15	0	0	0	6	3
99	6	2.92746337153949	208	16	0	0	0	7	3
99	6	7.65280118631199	282	16	0	0	0	8	3
99	8	3.31294382386841	297	13	0	0	0	9	3
99	8	6.1385016432032	322	40	2	0	0	10	3
100	1	2.29303113557398	192	14	1	0	0	1	3
100	2	2.0293757354375	164	17	0	0	0	2	3
100	3	4.67020468204282	482	18	0	0	0	3	3
100	5	2.16903758910485	242	14	0	0	0	4	3
100	5	7.12180961458944	177	18	0	0	0	5	3
100	6	4.09356187912636	225	21	0	0	0	6	3
100	8	2.41889510583133	260	29	0	0	0	7	3
100	9	2.60476868739352	220	15	0	0	0	8	3
100	9	7.58073814655654	160	16	0	0	0	9	3
100	10	4.67227720329538	159	35	2	0	0	10	3
101	2	1.32102756970562	367	14	1	0	0	1	3
101	2	8.51724568428472	280	16	0	0	0	2	3
101	3	6.9887078627944	385	17	0	0	0	3	3
101	2	7.99830259592272	172	15	0	0	0	4	3
101	3	5.77692286740057	246	16	0	0	0	5	3
101	5	1.38872047048062	217	16	0	0	0	6	3
101	5	7.73616487905383	167	16	0	0	0	7	3
101	6	6.97987466212362	291	17	0	0	0	8	3
101	8	2.37889656657353	287	19	0	0	0	9	3
101	9	4.36776973097585	294	37	2	0	0	10	3
102	2	1.81365962326527	184	15	1	0	0	1	3
102	3	0.333387676160783	180	16	0	0	0	2	3
102	4	3.60503018135205	297	12	0	0	0	3	3
102	5	4.14885119092651	194	18	0	0	0	4	3
102	6	3.78881147946231	338	18	0	0	0	5	3
102	7	4.67236623493955	206	12	0	0	0	6	3
102	7	1.5905982805416	167	19	0	0	0	7	3
102	8	4.03369644028135	279	15	0	0	0	8	3
102	9	1.22215619473718	343	40	2	0	0	9	3
103	1	2.19349997024983	197	12	1	0	0	1	3
103	2	1.83763167774305	155	16	0	0	0	2	3
103	3	3.2362265822012	331	16	0	0	0	3	3
103	4	3.79611995071173	247	14	0	0	0	4	3
103	5	0.244384577730671	187	14	0	0	0	5	3
103	5	3.10449064499699	358	20	0	0	0	6	3
103	4	5.19333956786431	353	12	0	0	0	7	3
103	5	2.87788848020136	262	12	0	0	0	8	3
103	6	2.23239118163474	180	13	0	0	0	9	3
103	5	3.30174342682585	93	18	0	0	0	10	3
103	7	4.59249332500622	301	17	0	0	0	11	3
103	8	5.991712174844	185	48	2	0	0	12	3
104	1	2.99316289811395	187	14	1	0	0	1	3
104	2	2.84561813762411	152	14	0	0	0	2	3
104	2	7.85314369481057	271	14	0	0	0	3	3
104	3	3.7085450780578	231	15	0	0	0	4	3
104	4	5.98424598178826	198	18	0	0	0	5	3
104	5	3.56427619466558	273	17	0	0	0	6	3
104	7	2.34635908785276	222	18	0	0	0	7	3
104	8	4.00453543942422	278	18	0	0	0	8	3
104	10	1.47484263847582	242	13	2	0	0	9	3
105	1	2.97673121537082	178	15	1	0	0	1	3
105	2	2.22568238805979	137	17	0	0	0	2	3
105	3	4.54080969537608	239	15	0	0	0	3	3
105	4	2.18368431576528	211	15	0	0	0	4	3
105	5	3.70599483791739	266	13	0	0	0	5	3
105	6	4.50493125990033	193	15	0	0	0	6	3
105	7	2.5345158406999	359	50	2	0	0	7	3
106	1	2.46090234280564	234	12	1	0	0	1	3
106	2	1.72920729359612	135	14	0	0	0	2	3
106	2	6.56737190485001	206	16	0	0	0	3	3
106	3	2.31856017606333	206	19	0	0	0	4	3
106	4	3.75633897189982	271	16	0	0	0	5	3
106	5	3.23117831093259	232	23	0	0	0	6	3
106	7	1.4616813196335	198	12	0	0	0	7	3
106	7	6.61334686120972	204	49	2	0	0	8	3
107	1	1.93670231197029	210	14	1	0	0	1	3
107	2	1.87838805280626	172	12	0	0	0	2	3
107	2	7.89362341002561	117	12	0	0	0	3	3
107	3	2.84294386208057	178	16	0	0	0	4	3
107	2	5.82445735484362	292	14	0	0	0	5	3
107	3	2.89250640221871	277	16	0	0	0	6	3
107	5	0.895791556220502	171	13	0	0	0	7	3
107	4	0.626246549654752	74	12	0	0	0	8	3
107	3	4.04603069624864	157	16	0	0	0	9	3
107	5	0.124146059155464	205	14	0	0	0	10	3
107	5	5.7899648710154	253	13	0	0	0	11	3
107	6	3.77959603094496	215	15	0	0	0	12	3
107	7	3.60539024462923	296	15	0	0	0	13	3
107	8	7.30746713117696	393	18	0	0	0	14	3
107	10	3.9867583476007	294	19	0	0	0	15	3
107	11	2.0312569453381	291	14	2	0	0	16	3
108	1	2.65608143457212	229	14	1	0	0	1	3
108	2	2.44145913375542	160	14	0	0	0	2	3
108	2	7.88627114822157	151	16	0	0	0	3	3
108	3	4.15904733841307	260	17	0	0	0	4	3
108	4	3.91768310219049	325	14	0	0	0	5	3
108	4	9.94203423638828	199	21	0	0	0	6	3
108	6	2.96631489973515	231	20	0	0	0	7	3
108	9	0.31056286720559	210	13	2	0	0	8	3
109	1	2.94319691183046	300	16	1	0	0	1	3
109	2	7.52020828844979	201	18	0	0	0	2	3
109	3	5.69868643023074	363	20	0	0	0	3	3
109	5	2.77639266964979	261	26	0	0	0	4	3
109	7	2.54211229435168	226	16	0	0	0	5	3
109	6	3.18661948223598	233	18	0	0	0	6	3
109	8	1.40061557316221	232	19	0	0	0	7	3
109	9	2.87447942583822	251	18	0	0	0	8	3
109	9	8.4061616375111	397	12	0	0	0	9	3
109	9	5.81715802964754	259	39	2	0	0	10	3
110	1	3.13063248316757	162	13	1	0	0	1	3
110	2	2.99525016522966	148	15	0	0	0	2	3
110	2	8.60634399345145	183	13	0	0	0	3	3
110	3	3.80593478470109	312	15	0	0	0	4	3
110	4	3.48954528616741	228	16	0	0	0	5	3
110	5	4.93889545579441	284	14	0	0	0	6	3
110	7	0.474690282018855	197	15	0	0	0	7	3
110	7	5.22369237826206	210	23	0	0	0	8	3
110	8	4.75817372184247	271	23	0	0	0	9	3
110	10	3.90858183032833	289	21	0	0	0	10	3
110	10	11.7387730220798	262	36	2	0	0	11	3
111	1	2.03317625867203	202	13	1	0	0	1	3
111	2	2.40949944593012	148	16	0	0	0	2	3
111	2	10.70233942708	219	17	0	0	0	3	3
111	3	1.66039230790921	239	16	0	0	0	4	3
111	4	2.24820528062992	269	16	0	0	0	5	3
111	6	0.711495835101232	186	16	0	0	0	6	3
111	6	7.33315725857392	190	20	0	0	0	7	3
111	8	3.43553380900994	535	21	0	0	0	8	3
111	9	5.9184223827906	396	16	0	0	0	9	3
111	10	4.88491741102189	161	38	2	0	0	10	3
112	1	1.44773422693834	233	12	1	0	0	1	3
112	2	1.76696837926283	171	16	0	0	0	2	3
112	3	1.2825180622749	190	17	0	0	0	3	3
112	4	4.27610152261332	222	16	0	0	0	4	3
112	6	1.71361467824318	219	18	0	0	0	5	3
112	7	2.39830882265233	268	16	0	0	0	6	3
112	8	6.6851622746326	298	18	0	0	0	7	3
112	9	6.67371190222912	673	39	2	0	0	8	3
113	2	0.0457885877694935	421	12	1	0	0	1	3
113	3	2.01202489505522	210	14	0	0	0	2	3
113	4	3.13864889228716	242	18	0	0	0	3	3
113	5	4.85865850513801	408	22	0	0	0	4	3
113	4	4.50369653734379	190	29	0	0	0	5	3
113	7	0.082099870312959	407	12	0	0	0	6	3
113	7	5.21947557479143	306	50	2	0	0	7	3
114	1	2.75921461405233	165	13	1	0	0	1	3
114	2	4.52974875061773	137	17	0	0	0	2	3
114	3	6.71931392955594	358	20	0	0	0	3	3
114	6	0.423317331820726	256	13	0	0	0	4	3
114	5	0.849927358562127	176	21	0	0	0	5	3
114	7	3.6634290672373	240	15	0	0	0	6	3
114	8	0.263942323625088	153	16	0	0	0	7	3
114	8	5.40904162381776	259	21	0	0	0	8	3
114	7	5.41671479027718	188	28	0	0	0	9	3
114	10	0.233914884971455	290	20	0	0	0	10	3
114	11	3.13211767701432	266	16	0	0	0	11	3
114	11	9.28831305447966	177	36	2	0	0	12	3
