1	1	1.15620414540172	209	19	1	0	0	1	8
1	3	1.56219318066724	256	19	0	0	0	2	8
1	3	10.5696606477723	168	23	0	0	0	3	8
1	6	1.93779356218874	230	18	0	0	0	4	8
1	7	3.10039154044352	272	20	0	0	0	5	8
1	9	4.31638664123602	256	24	0	0	0	6	8
1	11	2.66386054316536	248	15	2	0	0	7	8
2	1	2.65907114767469	149	19	1	0	0	1	8
2	3	1.84275079797953	193	17	0	0	0	2	8
2	4	1.48503333912231	185	18	0	0	0	3	8
2	4	8.68518379307352	188	20	0	0	0	4	8
2	6	0.11471746256575	201	19	0	0	0	5	8
2	7	5.74743153224699	227	15	0	0	0	6	8
2	8	4.93502952740528	161	16	2	0	0	7	8
3	1	2.89349084766582	196	19	1	0	0	1	8
3	2	4.13986523472704	257	18	0	0	0	2	8
3	3	5.31611462542787	203	18	0	0	0	3	8
3	4	4.13532213703729	236	16	0	0	0	4	8
3	6	1.90049323369749	273	18	0	0	0	5	8
3	7	2.95545424777083	172	16	0	0	0	6	8
3	8	3.83062569517642	406	29	0	0	0	7	8
3	10	5.96852727746591	462	21	0	0	0	8	8
3	10	11.6355932960287	228	13	2	0	0	9	8
4	1	2.86793383490294	224	17	1	0	0	1	8
4	2	5.81298201624304	240	17	0	0	0	2	8
4	3	3.37657881667838	296	17	0	0	0	3	8
4	4	3.88028910383582	313	18	0	0	0	4	8
4	5	1.48456108057871	264	22	0	0	0	5	8
4	6	1.41561188176274	297	21	0	0	0	6	8
4	7	5.15892142360099	272	20	0	0	0	7	8
4	8	5.0850451590959	299	19	0	0	0	8	8
4	8	11.1491574000102	212	16	2	0	0	9	8
5	1	4.73495377996005	313	21	1	0	0	1	8
5	2	4.25428891228512	265	19	0	0	0	2	8
5	3	2.25256865238771	179	16	0	0	0	3	8
5	4	3.86496911407448	272	17	0	0	0	4	8
5	3	2.4993846360594	270	17	0	0	0	5	8
5	4	5.76059084874578	262	21	0	0	0	6	8
5	5	5.55035884841345	343	14	2	0	0	7	8
6	1	3.1136626272928	160	22	1	0	0	1	8
6	3	0.944346296368167	162	18	0	0	0	2	8
6	3	5.09847154794261	237	22	0	0	0	3	8
6	5	2.32316837902181	264	18	0	0	0	4	8
6	6	5.14001656975597	325	21	0	0	0	5	8
6	8	1.91903214738704	168	15	2	0	0	6	8
7	1	3.51212289370596	221	19	1	0	0	1	8
7	2	5.64687916380353	175	18	0	0	0	2	8
7	4	0.530896418262273	282	20	0	0	0	3	8
7	5	4.26751865283586	307	17	0	0	0	4	8
7	6	1.76261517219245	278	24	0	0	0	5	8
7	7	3.35796242486686	513	15	0	0	0	6	8
7	7	8.99635750544257	246	21	0	0	0	7	8
7	9	1.00672484678216	276	15	0	0	0	8	8
7	10	2.48244566260837	299	14	2	0	0	9	8
8	1	2.14208428631537	204	19	1	0	0	1	8
8	3	3.1495048913639	284	19	0	0	0	2	8
8	4	4.34193695802242	160	18	0	0	0	3	8
8	5	3.9262154342141	191	17	0	0	0	4	8
8	7	2.19313384732231	264	19	0	0	0	5	8
8	8	3.04979096772149	170	21	0	0	0	6	8
8	10	0.514537680428475	166	17	0	0	0	7	8
8	11	3.73530666576698	184	49	2	0	0	8	8
9	1	2.55811647605151	205	17	1	0	0	1	8
9	2	4.2913088016212	218	18	0	0	0	2	8
9	3	5.25260341400281	188	16	0	0	0	3	8
9	4	4.30246231891215	298	18	0	0	0	4	8
9	6	3.83294814242981	156	19	2	0	0	5	8
10	1	1.87643352104351	219	21	1	0	0	1	8
10	3	2.54510222934186	256	18	0	0	0	2	8
10	4	3.4118574638851	257	20	0	0	0	3	8
10	6	1.05478236381896	268	22	0	0	0	4	8
10	7	3.88179777981713	241	20	0	0	0	5	8
10	8	3.56086679827422	200	25	0	0	0	6	8
10	10	3.23825336690061	535	19	2	0	0	7	8
11	1	2.59695624397136	239	21	1	0	0	1	8
11	2	7.8134067140054	273	18	0	0	0	2	8
11	3	2.87418500613421	256	22	0	0	0	3	8
11	5	3.64317195629701	251	17	0	0	0	4	8
11	7	0.564977961592376	154	25	0	0	0	5	8
11	8	7.46897476096638	184	17	2	0	0	6	8
12	1	3.74293213686906	282	15	1	0	0	1	8
12	3	0.0309994160197675	165	17	0	0	0	2	8
12	4	0.208737812936306	232	14	0	0	0	3	8
12	4	4.90013210684992	158	14	0	0	0	4	8
12	5	2.12396408920176	212	22	0	0	0	5	8
12	7	2.21225312398747	202	16	0	0	0	6	8
12	8	2.54531566658989	406	78	0	0	0	7	8
12	8	7.98443357646465	497	16	0	0	0	8	8
12	8	7.07043621595949	242	14	2	0	0	9	8
15	1	1.40269842394628	217	19	1	0	0	1	8
15	3	0.987307694507763	161	16	0	0	0	2	8
15	3	4.26250902493484	278	18	0	0	0	3	8
15	4	4.31007352937013	292	19	0	0	0	4	8
15	5	5.0334019290749	190	17	0	0	0	5	8
15	7	1.53927446296439	293	18	0	0	0	6	8
15	7	6.3984107284341	230	20	0	0	0	7	8
15	8	5.25411988352425	254	22	0	0	0	8	8
15	9	5.35334496246651	349	14	2	0	0	9	8
16	1	1.0943437423557	197	19	1	0	0	1	8
16	2	3.77122603915632	297	18	0	0	0	2	8
16	3	0.556270852684975	315	20	0	0	0	3	8
16	4	3.00895090028644	502	21	0	0	0	4	8
16	5	0.515940799377859	173	19	0	0	0	5	8
16	6	3.07969007268548	283	20	0	0	0	6	8
16	6	12.4445880411658	298	63	2	0	0	7	8
17	1	3.95791639667004	172	24	1	0	0	1	8
17	2	6.969060939271	254	20	0	0	0	2	8
17	3	5.98062139004469	158	19	0	0	0	3	8
17	4	4.88665872369893	298	17	0	0	0	4	8
17	6	0.316587324952707	235	21	0	0	0	5	8
17	7	2.98132101004012	178	21	0	0	0	6	8
17	8	7.19004689226858	181	17	2	0	0	7	8
18	1	1.19304604874924	208	21	1	0	0	1	8
18	2	5.95456190942787	169	14	0	0	0	2	8
18	3	4.94303566101007	247	21	0	0	0	3	8
18	5	1.57215092820115	289	18	0	0	0	4	8
18	6	3.69121873495169	230	19	0	0	0	5	8
18	7	6.92333728121594	165	20	2	0	0	6	8
19	1	2.77127397363074	160	19	1	0	0	1	8
19	2	5.13619931787252	202	19	0	0	0	2	8
19	3	4.6144323348999	254	15	0	0	0	3	8
19	4	2.53796641528606	304	16	0	0	0	4	8
19	5	3.55928474594839	291	20	0	0	0	5	8
19	6	3.65060358541086	340	14	0	0	0	6	8
19	8	0.869258192135021	288	18	0	0	0	7	8
19	8	7.61463665030897	248	32	0	0	0	8	8
19	11	2.42123603448272	212	15	2	0	0	9	8
20	1	2.15741514181718	300	18	1	0	0	1	8
20	2	5.52663950249553	361	19	0	0	0	2	8
20	3	0.882889216765761	151	18	0	0	0	3	8
20	3	4.36856724251993	243	17	0	0	0	4	8
20	4	4.70764342299663	303	22	0	0	0	5	8
20	5	1.28646479826421	225	18	0	0	0	6	8
20	6	3.60495765274391	276	22	0	0	0	7	8
20	8	1.82333413907327	246	23	0	0	0	8	8
20	10	1.0692537096329	269	13	0	0	0	9	8
20	10	4.34892709716223	525	48	2	0	0	10	8
21	1	3.78385083330795	236	20	1	0	0	1	8
21	2	6.38078713626601	185	18	0	0	0	2	8
21	3	3.07229186082259	285	20	0	0	0	3	8
21	4	1.36060881149024	244	20	0	0	0	4	8
21	6	1.29784121294506	279	20	0	0	0	5	8
21	7	1.81894794618711	266	20	0	0	0	6	8
21	8	2.6400633091107	167	21	0	0	0	7	8
21	9	4.49778863787651	331	24	2	0	0	8	8
22	1	3.26659354032017	423	20	1	0	0	1	8
22	3	1.06191841838881	330	15	0	0	0	2	8
22	3	5.60648621129803	204	17	0	0	0	3	8
22	4	3.73112593358383	633	22	0	0	0	4	8
22	5	3.615132877836	333	19	0	0	0	5	8
22	6	1.11437670793384	924	19	0	0	0	6	8
22	7	1.35106729599647	416	15	2	0	0	7	8
23	1	2.23175803385675	196	18	1	0	0	1	8
23	3	0.209453955758363	403	19	0	0	0	2	8
23	4	0.0546313703525811	255	25	0	0	0	3	8
23	5	2.97762031690218	286	19	0	0	0	4	8
23	6	3.68684861110523	250	21	2	0	0	5	8
24	1	2.05599317536689	210	17	1	0	0	1	8
24	2	5.45350099494681	164	15	0	0	0	2	8
24	3	5.80656114593148	242	17	0	0	0	3	8
24	5	1.13643523072824	216	17	0	0	0	4	8
24	6	2.71089262794703	244	18	0	0	0	5	8
24	8	2.28092403756455	290	20	0	0	0	6	8
24	10	2.48200875567272	256	49	2	0	0	7	8
25	2	0.354301804443821	326	17	1	0	0	1	8
25	2	5.90593470260501	319	22	0	0	0	2	8
25	4	5.3339349203743	318	21	0	0	0	3	8
25	5	3.07020155875944	290	22	0	0	0	4	8
25	8	5.11274867760949	361	20	2	0	0	5	8
26	1	1.41427186527289	212	17	1	0	0	1	8
26	2	3.30066851060838	239	19	0	0	0	2	8
26	3	2.53305743820965	230	19	0	0	0	3	8
26	4	4.82432728866115	395	15	0	0	0	4	8
26	5	4.78647498600185	164	18	0	0	0	5	8
26	6	3.43890008563176	175	16	2	0	0	6	8
27	1	3.69209513626993	204	16	1	0	0	1	8
27	2	5.99398537538946	254	19	0	0	0	2	8
27	3	5.15084044961259	248	18	0	0	0	3	8
27	4	5.93515911651775	285	25	0	0	0	4	8
27	5	2.65157731086947	260	16	0	0	0	5	8
27	6	4.51155919302255	435	18	2	0	0	6	8
28	1	3.8657898970414	202	15	1	0	0	1	8
28	2	4.61346883838996	215	17	0	0	0	2	8
28	3	4.35768820298836	190	17	0	0	0	3	8
28	4	3.79799720528536	246	19	0	0	0	4	8
28	5	3.68752018152736	287	19	0	0	0	5	8
28	7	0.0227049251552671	189	16	0	0	0	6	8
28	7	6.47670618211851	155	19	0	0	0	7	8
28	9	1.61240394762717	309	19	2	0	0	8	8
29	1	1.98362828139216	197	19	1	0	0	1	8
29	2	5.93840302876197	238	21	0	0	0	2	8
29	3	4.6126979473047	174	15	0	0	0	3	8
29	5	1.01250580046326	231	18	0	0	0	4	8
29	5	8.93623861833476	167	18	0	0	0	5	8
29	6	5.93953929562122	163	17	0	0	0	6	8
29	7	5.54592086211778	180	25	2	0	0	7	8
30	1	1.88850099802949	199	18	1	0	0	1	8
30	2	6.22576826019213	169	16	0	0	0	2	8
30	3	3.27696952247061	217	16	0	0	0	3	8
30	2	4.18481255485676	287	20	0	0	0	4	8
30	4	0.132243578555062	203	18	0	0	0	5	8
30	4	6.98463275935501	301	22	0	0	0	6	8
30	6	1.91565578826703	165	20	0	0	0	7	8
30	7	5.79880491713993	408	23	2	0	0	8	8
31	1	2.26486312202178	195	16	1	0	0	1	8
31	3	1.44908946473151	176	17	0	0	0	2	8
31	3	6.66340713575482	236	18	0	0	0	3	8
31	4	5.35761675005779	169	20	0	0	0	4	8
31	6	1.16717240191065	463	22	0	0	0	5	8
31	4	3.90239309845492	296	18	0	0	0	6	8
31	5	4.46139224665239	247	21	0	0	0	7	8
31	7	2.54401934496127	217	14	0	0	0	8	8
31	6	2.63744310569018	259	19	0	0	0	9	8
31	8	1.03891734709032	271	20	0	0	0	10	8
31	9	3.893557948526	312	14	2	0	0	11	8
32	1	2.72646542056464	298	15	1	0	0	1	8
32	2	4.34612248744816	162	18	0	0	0	2	8
32	3	2.27073183772154	192	18	0	0	0	3	8
32	5	2.12255543959327	266	19	0	0	0	4	8
32	6	2.32853803527541	270	19	0	0	0	5	8
32	8	1.49933756608516	179	20	2	0	0	6	8
35	1	2.78305629477836	215	23	1	0	0	1	8
35	2	6.09331109561026	271	19	0	0	0	2	8
35	3	5.28490081732161	285	16	0	0	0	3	8
35	4	4.99848120287061	197	26	2	0	0	4	8
36	1	2.05009851139039	212	20	1	0	0	1	8
36	2	5.11552673950791	158	20	0	0	0	2	8
36	3	6.76760423113592	150	20	0	0	0	3	8
36	4	5.26644797623158	181	16	0	0	0	4	8
36	5	5.52252525324002	378	25	0	0	0	5	8
36	6	4.01112485164776	251	20	0	0	0	6	8
36	8	0.460720182862133	294	15	2	0	0	7	8
37	1	3.34410885116085	214	17	1	0	0	1	8
37	2	4.75524077680893	382	18	0	0	0	2	8
37	3	5.70904360315762	202	18	0	0	0	3	8
37	4	3.14444060763344	321	17	0	0	0	4	8
37	5	3.08392235357314	288	19	0	0	0	5	8
37	6	4.76349415653385	249	18	0	0	0	6	8
37	7	3.10445792088285	274	21	2	0	0	7	8
38	1	3.49702625814825	206	14	1	0	0	1	8
38	2	4.77851030603051	206	17	0	0	0	2	8
38	3	4.82433986756951	276	21	0	0	0	3	8
38	4	3.88003224460408	269	19	0	0	0	4	8
38	6	0.180780774913728	171	19	0	0	0	5	8
38	8	0.214768913108855	207	22	0	0	0	6	8
38	9	6.31079840054736	429	17	2	0	0	7	8
39	1	2.69302863487974	215	19	1	0	0	1	8
39	2	5.71685474109836	264	18	0	0	0	2	8
39	3	2.16410781769082	321	19	0	0	0	3	8
39	4	2.4893801799044	254	18	0	0	0	4	8
39	5	3.55859799473546	228	20	0	0	0	5	8
39	7	1.84715467062779	247	25	0	0	0	6	8
39	9	2.30819403403439	242	59	2	0	0	7	8
40	1	2.59879805939272	238	17	1	0	0	1	8
40	3	2.00580181344412	300	18	0	0	0	2	8
40	4	4.54482298111543	233	16	0	0	0	3	8
40	5	4.30265831272118	174	18	0	0	0	4	8
40	7	1.19591758679599	245	18	0	0	0	5	8
40	8	3.83581531490199	177	15	0	0	0	6	8
40	10	1.14899833733216	152	19	2	0	0	7	8
41	1	3.58779831207357	214	21	1	0	0	1	8
41	2	8.47508865594864	292	19	0	0	0	2	8
41	3	3.13478401931934	256	18	0	0	0	3	8
41	4	2.58754508919083	233	18	0	0	0	4	8
41	6	0.873681602533907	332	22	0	0	0	5	8
41	7	2.01432332256809	204	18	0	0	0	6	8
41	8	2.28029700950719	315	56	2	0	0	7	8
42	1	2.41343825310469	211	16	1	0	0	1	8
42	2	3.01273203268647	157	17	0	0	0	2	8
42	3	5.71166758751497	240	20	0	0	0	3	8
42	5	0.420371638145298	272	20	0	0	0	4	8
42	7	0.336762616178021	247	22	0	0	0	5	8
42	8	5.7729112461675	261	22	0	0	0	6	8
42	9	4.87323940359056	195	13	2	0	0	7	8
43	1	2.23863469948992	203	17	1	0	0	1	8
43	2	3.91100029018708	235	18	0	0	0	2	8
43	3	4.38407311425544	296	18	0	0	0	3	8
43	4	3.49962687608786	266	21	0	0	0	4	8
43	5	2.92513618525118	334	18	0	0	0	5	8
43	6	4.02924433653243	291	16	0	0	0	6	8
43	7	2.73763570771553	150	17	2	0	0	7	8
44	1	2.05307568586431	202	18	1	0	0	1	8
44	2	5.89196890010498	185	19	0	0	0	2	8
44	3	4.38027723249979	201	18	0	0	0	3	8
44	4	3.90658789640293	303	18	0	0	0	4	8
44	5	3.85779447527602	185	18	0	0	0	5	8
44	6	5.35394188109785	235	25	0	0	0	6	8
44	7	4.02299236482941	260	22	0	0	0	7	8
44	9	1.45359691721387	179	17	2	0	0	8	8
45	1	6.25145677127875	170	12	1	0	0	1	8
45	1	4.08564695739187	172	20	0	0	0	2	8
45	2	3.95499331434257	245	19	0	0	0	3	8
45	4	2.11620572418906	164	17	0	0	0	4	8
45	5	4.7095073943492	229	25	0	0	0	5	8
45	7	0.643029098631814	194	15	2	0	0	6	8
46	1	2.22073015617207	182	13	1	0	0	1	8
46	2	1.61432796437293	181	21	0	0	0	2	8
46	3	4.45520900911652	281	18	0	0	0	3	8
46	4	3.12425708584487	251	18	0	0	0	4	8
46	5	2.51523024844937	311	21	0	0	0	5	8
46	6	4.05175338638946	169	20	0	0	0	6	8
46	7	5.82354072970338	167	18	0	0	0	7	8
46	8	5.6217157675419	295	48	2	0	0	8	8
47	1	2.34700995101593	199	18	1	0	0	1	8
47	2	6.33216339116916	222	18	0	0	0	2	8
47	3	4.86640862142667	282	20	0	0	0	3	8
47	5	4.0160705212038	240	17	0	0	0	4	8
47	6	6.71019971743226	255	28	0	0	0	5	8
47	8	0.559524541255087	134	16	2	0	0	6	8
48	1	2.01907357620075	227	15	1	0	0	1	8
48	2	3.56594181829132	227	17	0	0	0	2	8
48	3	4.0777113835793	249	16	0	0	0	3	8
48	4	5.91068957699463	165	18	0	0	0	4	8
48	5	4.79306827113032	249	20	0	0	0	5	8
48	7	2.00640196492895	179	15	2	0	0	6	8
49	1	2.33540170826018	213	18	1	0	0	1	8
49	2	2.02584288571961	271	19	0	0	0	2	8
49	3	1.89416004647501	261	22	0	0	0	3	8
49	4	4.40743778157048	292	30	0	0	0	4	8
49	5	2.92054463364184	255	19	0	0	0	5	8
49	6	1.38592330552638	145	21	0	0	0	6	8
49	8	0.796081147855148	182	22	0	0	0	7	8
49	8	8.37526500341482	425	53	2	0	0	8	8
51	1	3.12162179686129	210	18	1	0	0	1	8
51	2	4.59778759791516	318	19	0	0	0	2	8
51	3	5.81594263482839	263	18	0	0	0	3	8
51	4	2.80998457362875	300	16	0	0	0	4	8
51	5	4.41126731783152	170	19	0	0	0	5	8
51	6	3.32927719014697	260	16	0	0	0	6	8
51	7	3.66458681132644	149	15	0	0	0	7	8
51	8	4.52350971638225	280	24	0	0	0	8	8
51	9	2.28439686121419	246	23	0	0	0	9	8
51	10	3.02593249548227	271	20	2	0	0	10	8
52	1	2.1286297258921	230	18	1	0	0	1	8
52	2	6.57585522020236	318	17	0	0	0	2	8
52	3	3.24944388633594	233	19	0	0	0	3	8
52	4	2.06628968776204	321	16	0	0	0	4	8
52	3	4.46974096051417	250	16	0	0	0	5	8
52	4	3.6264046987053	219	17	0	0	0	6	8
52	3	3.9490166362375	359	16	0	0	0	7	8
52	4	2.17758854012936	264	18	0	0	0	8	8
52	5	4.28535342193209	197	20	0	0	0	9	8
52	6	5.64520309795626	250	14	2	0	0	10	8
53	1	2.20172824757174	197	18	1	0	0	1	8
53	2	5.00771834282205	249	19	0	0	0	2	8
53	3	4.60470269946381	236	18	0	0	0	3	8
53	5	1.84238747577183	269	29	0	0	0	4	8
53	6	1.49045921838842	330	20	0	0	0	5	8
53	8	5.08718815585598	286	20	2	0	0	6	8
54	1	1.42586051812395	216	18	1	0	0	1	8
54	2	4.57508740993217	247	18	0	0	0	2	8
54	3	6.01670455676503	273	16	0	0	0	3	8
54	4	5.40418380196206	279	16	0	0	0	4	8
54	6	0.406123392749578	310	20	0	0	0	5	8
54	7	5.79870842699893	224	21	0	0	0	6	8
54	8	6.56082955165766	309	50	2	0	0	7	8
55	1	2.98350622970611	226	19	1	0	0	1	8
55	2	4.78788913297467	412	17	0	0	0	2	8
55	3	4.73507074220106	252	19	0	0	0	3	8
55	4	3.79965467634611	293	15	0	0	0	4	8
55	5	3.63313259813003	254	20	0	0	0	5	8
55	7	2.55599162937142	176	24	0	0	0	6	8
55	9	3.62835421925411	475	20	0	0	0	7	8
55	10	4.27719706087373	470	45	2	0	0	8	8
56	1	3.94552295887843	324	18	1	0	0	1	8
56	3	2.62287254794501	167	15	0	0	0	2	8
56	5	0.478680906584486	267	24	0	0	0	3	8
56	6	6.19650446134619	187	17	2	0	0	4	8
57	1	1.78983258735389	201	22	1	0	0	1	8
57	2	5.76227892423049	152	17	0	0	0	2	8
57	3	4.90527544496581	270	19	0	0	0	3	8
57	4	2.06377774337307	237	20	0	0	0	4	8
57	6	0.526588398730382	201	19	0	0	0	5	8
57	7	2.65512539772317	338	16	0	0	0	6	8
57	7	7.55583050008863	254	14	2	0	0	7	8
58	1	3.15028871735558	204	19	1	0	0	1	8
58	3	1.32953024399467	278	18	0	0	0	2	8
58	4	2.33947257325053	265	18	0	0	0	3	8
58	5	3.51336042536423	183	18	0	0	0	4	8
58	6	4.63984660874121	316	19	0	0	0	5	8
58	7	4.51345536229201	492	17	0	0	0	6	8
58	8	1.65418623550795	214	15	0	0	0	7	8
58	9	2.414487430593	253	21	2	0	0	8	8
59	1	1.52905327151529	208	18	1	0	0	1	8
59	2	5.4441666493658	221	17	0	0	0	2	8
59	3	4.71455375268124	275	20	0	0	0	3	8
59	5	1.59088319679722	230	16	0	0	0	4	8
59	6	1.80645881989039	185	21	0	0	0	5	8
59	8	1.35253342543729	191	18	2	0	0	6	8
60	1	2.53851516568102	220	18	1	0	0	1	8
60	2	4.01885681133717	400	18	0	0	0	2	8
60	4	1.65459472150542	295	19	0	0	0	3	8
60	5	3.02508120820858	174	14	0	0	0	4	8
60	7	0.493948019808158	176	18	0	0	0	5	8
60	7	7.68005666043609	489	28	0	0	0	6	8
60	9	6.00139754544944	280	19	0	0	0	7	8
60	9	12.7335810472723	410	15	2	0	0	8	8
61	1	2.10398171888664	203	19	1	0	0	1	8
61	2	4.51485362323001	457	20	0	0	0	2	8
61	3	3.84686419600621	283	19	0	0	0	3	8
61	4	2.36729860072955	274	25	0	0	0	4	8
61	5	1.5844760579057	196	19	0	0	0	5	8
61	6	3.17062037531286	196	22	0	0	0	6	8
61	7	5.89399256603792	241	70	2	0	0	7	8
62	1	2.69667098950595	200	17	1	0	0	1	8
62	2	4.87390864477493	253	17	0	0	0	2	8
62	3	4.66000224184245	260	18	0	0	0	3	8
62	4	2.75163781130686	314	19	0	0	0	4	8
62	6	0.192138334037736	268	25	0	0	0	5	8
62	7	1.35347941354848	280	19	0	0	0	6	8
62	8	5.5726366720628	301	13	2	0	0	7	8
63	1	2.68682604189962	191	17	1	0	0	1	8
63	2	6.85431221150793	230	20	0	0	0	2	8
63	3	5.21778245456517	162	15	0	0	0	3	8
63	4	4.59174560965039	244	16	0	0	0	4	8
63	5	3.52526176162064	166	23	0	0	0	5	8
63	8	2.56507630972192	311	20	0	0	0	6	8
63	9	3.91291101020761	204	58	2	0	0	7	8
64	1	3.89662450854667	179	18	1	0	0	1	8
64	2	6.42546172090806	353	20	0	0	0	2	8
64	3	6.00484885694459	307	16	0	0	0	3	8
64	4	5.08314721658826	274	20	0	0	0	4	8
64	6	2.772411624901	270	17	0	0	0	5	8
64	7	4.45355563447811	299	26	0	0	0	6	8
64	8	5.22327702213079	286	25	0	0	0	7	8
64	9	6.60568001843058	251	12	0	0	0	8	8
64	9	3.57872063177638	687	19	2	0	0	9	8
65	1	3.90739540546201	211	15	1	0	0	1	8
65	2	0.0107925229240209	166	16	0	0	0	2	8
65	3	1.18363992520608	342	18	0	0	0	3	8
65	3	8.80134042329155	240	18	0	0	0	4	8
65	4	4.14392053033225	311	23	0	0	0	5	8
65	5	3.91849431535229	282	20	0	0	0	6	8
65	6	3.17186800763011	160	16	0	0	0	7	8
65	7	4.79371009371243	236	20	0	0	0	8	8
65	9	3.98583370586857	280	19	0	0	0	9	8
65	10	6.39481015643105	178	25	2	0	0	10	8
66	1	2.16957827820443	137	15	1	0	0	1	8
66	2	0.0598301582504064	192	18	0	0	0	2	8
66	3	3.67841291194782	283	17	0	0	0	3	8
66	4	4.93078422616236	258	18	0	0	0	4	8
66	5	3.92407040507533	272	18	0	0	0	5	8
66	6	7.84747932921164	263	17	0	0	0	6	8
66	7	4.48499393649399	212	20	0	0	0	7	8
66	9	2.55717733525671	273	20	0	0	0	8	8
66	10	5.01136012258939	288	24	0	0	0	9	8
66	11	4.90815511345863	186	41	2	0	0	10	8
67	1	3.04882626049221	353	18	1	0	0	1	8
67	3	0.493772159796208	279	20	0	0	0	2	8
67	4	3.05624732025899	444	18	0	0	0	3	8
67	4	8.64268752816133	246	24	0	0	0	4	8
67	6	1.14770355192013	307	16	0	0	0	5	8
67	6	4.38335414882749	194	21	0	0	0	6	8
67	7	5.30935450247489	286	17	2	0	0	7	8
68	1	3.73442947422154	233	18	1	0	0	1	8
68	2	4.35362108005211	227	18	0	0	0	2	8
68	3	2.10308011411689	244	17	0	0	0	3	8
68	4	1.79212745139375	257	18	0	0	0	4	8
68	6	0.445125288562849	637	22	0	0	0	5	8
68	7	4.90724054863676	658	29	2	0	0	6	8
69	1	2.95442279218696	221	20	1	0	0	1	8
69	2	7.85334752406925	335	18	0	0	0	2	8
69	3	6.36729607312009	274	17	0	0	0	3	8
69	4	3.23150715907104	298	19	0	0	0	4	8
69	5	3.50124664208852	304	23	0	0	0	5	8
69	7	5.40695592062548	636	32	2	0	0	6	8
70	1	3.87943145912141	296	16	1	0	0	1	8
70	2	1.91113713011146	209	19	0	0	0	2	8
70	3	2.04039649153128	276	18	0	0	0	3	8
70	4	2.60997485043481	222	22	0	0	0	4	8
70	5	7.11927859368734	268	19	0	0	0	5	8
70	6	6.40285183978267	164	26	0	0	0	6	8
70	8	3.49532094900496	146	20	0	0	0	7	8
70	10	3.16603762540035	427	17	2	0	0	8	8
71	1	3.33058505645022	268	17	1	0	0	1	8
71	2	4.16495167161338	284	20	0	0	0	2	8
71	3	6.54669211851433	162	16	0	0	0	3	8
71	4	3.64143335563131	188	19	0	0	0	4	8
71	6	1.56345053180121	267	18	0	0	0	5	8
71	7	3.9616685891524	268	29	0	0	0	6	8
71	11	0.78359136893414	235	14	2	0	0	7	8
72	1	3.66442565852776	300	17	1	0	0	1	8
72	2	4.82503834296949	252	18	0	0	0	2	8
72	3	4.77489322400652	199	18	0	0	0	3	8
72	4	3.77740800823085	249	17	0	0	0	4	8
72	5	3.24576153093949	245	20	0	0	0	5	8
72	7	2.62613522377796	923	13	2	0	0	6	8
73	1	2.17373764631338	276	18	1	0	0	1	8
73	2	4.10005834535696	208	14	0	0	0	2	8
73	3	2.48663721652701	290	18	0	0	0	3	8
73	5	1.77433240320534	172	18	0	0	0	4	8
73	5	8.53069856367074	241	17	0	0	0	5	8
73	6	5.39685369562358	331	19	0	0	0	6	8
73	8	1.80182764888741	186	22	0	0	0	7	8
73	9	4.29704017285258	208	21	0	0	0	8	8
73	10	5.88217909843661	382	18	0	0	0	9	8
73	10	12.7852707123384	496	34	2	0	0	10	8
74	1	2.41996152652428	211	18	1	0	0	1	8
74	3	0.448247620370239	299	16	0	0	0	2	8
74	4	1.64354113955051	217	20	0	0	0	3	8
74	5	2.59802499576472	261	19	0	0	0	4	8
74	7	1.47259322367609	246	21	0	0	0	5	8
74	8	2.26238707499579	302	24	0	0	0	6	8
74	10	1.25934369768947	280	13	2	0	0	7	8
75	1	2.05289860279299	198	17	1	0	0	1	8
75	2	5.50154867907986	157	16	0	0	0	2	8
75	3	4.09163338714279	260	18	0	0	0	3	8
75	4	3.18435272481292	343	19	0	0	0	4	8
75	5	2.66879364056513	279	19	0	0	0	5	8
75	6	1.33926494908519	239	19	0	0	0	6	8
75	8	0.218916409183294	164	20	2	0	0	7	8
76	1	2.535414313199	204	16	1	0	0	1	8
76	2	5.78217617841437	235	17	0	0	0	2	8
76	3	3.74800858320668	214	19	0	0	0	3	8
76	5	3.10420729243197	274	17	0	0	0	4	8
76	6	3.87122468976304	284	20	0	0	0	5	8
76	6	13.7493944475427	228	24	0	0	0	6	8
76	8	3.71635717595927	506	14	2	0	0	7	8
77	1	2.22947747912258	252	18	1	0	0	1	8
77	2	5.89468928053975	371	19	0	0	0	2	8
77	3	4.18230693647638	490	18	0	0	0	3	8
77	4	3.38727097795345	263	18	0	0	0	4	8
77	5	2.30850810790434	397	17	0	0	0	5	8
77	6	1.78466487000696	303	20	0	0	0	6	8
77	7	4.73059227946214	251	17	2	0	0	7	8
78	1	2.01566355349496	199	19	1	0	0	1	8
78	2	5.88842660235241	351	15	0	0	0	2	8
78	3	2.67516547883861	266	17	0	0	0	3	8
78	4	3.04077848722227	272	16	0	0	0	4	8
78	5	2.94358251662925	207	15	0	0	0	5	8
78	6	2.29864883655682	251	18	0	0	0	6	8
78	7	2.4925118451938	344	18	0	0	0	7	8
78	8	4.57675194460899	270	24	0	0	0	8	8
78	10	1.61968510225415	454	20	0	0	0	9	8
78	10	6.03939595352858	234	45	2	0	0	10	8
79	1	3.54565808200277	312	22	1	0	0	1	8
79	3	0.450514449039474	270	18	0	0	0	2	8
79	4	1.08147560735233	250	21	0	0	0	3	8
79	6	0.981875626835972	252	18	0	0	0	4	8
79	7	1.70986159797758	204	21	0	0	0	5	8
79	8	4.56342109269463	255	23	0	0	0	6	8
79	9	5.7936486476101	248	19	0	0	0	7	8
79	10	3.6166776153259	237	14	2	0	0	8	8
80	1	3.20519778318703	162	17	1	0	0	1	8
80	2	3.25896140746772	490	16	0	0	0	2	8
80	2	7.77500155568123	240	20	0	0	0	3	8
80	3	4.40597010497004	303	19	0	0	0	4	8
80	4	3.30087847611867	203	18	0	0	0	5	8
80	5	5.58451853622682	241	16	0	0	0	6	8
80	6	3.55604265001602	260	19	0	0	0	7	8
80	7	2.44040675950237	151	17	0	0	0	8	8
80	8	3.67464414029382	287	24	0	0	0	9	8
80	9	4.10119840921834	257	17	2	0	0	10	8
81	1	2.71280652307905	216	15	1	0	0	1	8
81	2	3.2901807941962	299	22	0	0	0	2	8
81	3	4.69817243912257	263	19	0	0	0	3	8
81	4	1.31088831252418	282	19	0	0	0	4	8
81	6	3.35346377105452	229	24	0	0	0	5	8
81	8	2.49491831962951	182	14	2	0	0	6	8
83	1	1.21976425382309	220	17	1	0	0	1	8
83	2	4.35981074464507	332	17	0	0	0	2	8
83	3	3.44738052529283	278	20	0	0	0	3	8
83	4	5.42468078015372	297	19	0	0	0	4	8
83	5	4.25097700231709	331	19	0	0	0	5	8
83	7	0.583652497734874	162	17	0	0	0	6	8
83	8	2.06330632208847	611	26	0	0	0	7	8
83	9	4.8511020001024	320	21	0	0	0	8	8
83	9	11.8354317364283	766	14	2	0	0	9	8
84	1	2.58381387428381	214	17	1	0	0	1	8
84	3	0.921095571713522	194	17	0	0	0	2	8
84	3	5.68845128896646	279	14	0	0	0	3	8
84	4	3.23042818228714	260	16	0	0	0	4	8
84	5	3.68798926402815	273	22	0	0	0	5	8
84	6	1.55314420675859	254	18	0	0	0	6	8
84	7	6.05859342147596	522	18	0	0	0	7	8
84	8	4.08653656882234	156	21	0	0	0	8	8
84	7	1.46025452832691	348	25	0	0	0	9	8
84	8	3.16462460206822	286	19	0	0	0	10	8
84	9	3.05004664347507	270	13	2	0	0	11	8
85	1	3.98879721341655	186	20	1	0	0	1	8
85	2	7.1017196518369	246	19	0	0	0	2	8
85	3	5.61646226304583	234	17	0	0	0	3	8
85	5	0.343147638021037	263	19	0	0	0	4	8
85	6	4.23203349020332	262	31	0	0	0	5	8
85	8	4.08015385409817	166	14	2	0	0	6	8
86	1	3.21129327942617	398	17	1	0	0	1	8
86	3	0.0754403762985021	270	42	0	0	0	2	8
86	4	3.58393190591596	304	21	0	0	0	3	8
86	5	1.41570280049928	267	15	0	0	0	4	8
86	6	3.70136523316614	238	27	0	0	0	5	8
86	8	1.19962054700591	248	20	0	0	0	6	8
86	9	3.52957028127275	267	54	2	0	0	7	8
87	1	2.26585530536249	206	20	1	0	0	1	8
87	2	6.52938504423946	186	19	0	0	0	2	8
87	3	5.38786962046288	298	20	0	0	0	3	8
87	4	3.39419272518717	293	19	0	0	0	4	8
87	5	2.71380258584395	192	18	0	0	0	5	8
87	6	4.94413641002029	164	19	0	0	0	6	8
87	7	7.15254792268388	274	19	0	0	0	7	8
87	7	14.5376047838945	75	47	2	0	0	8	8
88	1	3.39776813122444	287	18	1	0	0	1	8
88	3	1.81984829972498	224	16	0	0	0	2	8
88	3	5.70592240197584	270	24	0	0	0	3	8
88	4	3.48116331198253	247	19	0	0	0	4	8
88	5	6.34518598439172	260	19	0	0	0	5	8
88	6	4.82142109866254	262	17	0	0	0	6	8
88	5	3.90082254982553	232	21	0	0	0	7	8
88	6	5.57642526668496	237	18	0	0	0	8	8
88	7	5.54542771540582	312	24	0	0	0	9	8
88	9	2.50476178782992	234	16	0	0	0	10	8
88	9	5.54508861084469	341	17	2	0	0	11	8
89	1	2.00343213323504	203	17	1	0	0	1	8
89	2	6.87869427166879	405	21	0	0	0	2	8
89	4	1.41706892824732	310	25	0	0	0	3	8
89	6	2.64116291725077	284	20	0	0	0	4	8
89	6	8.30024228035472	201	22	0	0	0	5	8
89	7	5.97806585859507	271	21	0	0	0	6	8
89	8	6.97111765830778	258	17	0	0	0	7	8
89	8	11.0355092266109	164	41	2	0	0	8	8
90	1	3.97554988553748	191	20	1	0	0	1	8
90	2	4.05632755486295	226	23	0	0	0	2	8
90	3	4.77463082969189	318	20	0	0	0	3	8
90	4	1.0491453378927	237	19	0	0	0	4	8
90	5	3.76245759357698	210	20	0	0	0	5	8
90	6	5.60986946010962	160	18	0	0	0	6	8
90	7	5.08507367083803	401	24	0	0	0	7	8
90	9	3.66915449779481	754	46	2	0	0	8	8
91	1	1.63772459561005	243	17	1	0	0	1	8
91	2	4.76409539580345	209	21	0	0	0	2	8
91	3	3.82011815020815	290	20	0	0	0	3	8
91	5	1.95698898797855	211	21	0	0	0	4	8
91	7	2.65246756887063	224	31	0	0	0	5	8
91	8	4.54978271154687	219	21	2	0	0	6	8
92	1	1.64832327305339	314	19	1	0	0	1	8
92	2	2.76975621562451	258	20	0	0	0	2	8
92	3	4.22869303193875	279	18	0	0	0	3	8
92	4	6.60069215577096	251	19	0	0	0	4	8
92	5	5.20974853774533	251	24	0	0	0	5	8
92	7	0.245701824547723	220	21	0	0	0	6	8
92	8	5.35043382877484	270	19	0	0	0	7	8
92	9	5.19670816743746	217	22	0	0	0	8	8
92	10	7.74979589926079	269	17	2	0	0	9	8
93	1	2.36541018332355	201	17	1	0	0	1	8
93	2	6.8033965989016	254	18	0	0	0	2	8
93	3	3.05504534067586	243	21	0	0	0	3	8
93	2	5.04951822850853	280	21	0	0	0	4	8
93	3	3.85942504159175	146	19	0	0	0	5	8
93	4	3.71975811291486	264	20	0	0	0	6	8
93	5	3.44445637776516	311	25	0	0	0	7	8
93	6	2.56166828959249	333	23	0	0	0	8	8
93	7	5.52114970819093	347	15	0	0	0	9	8
93	7	9.74578840471804	162	24	0	0	0	10	8
93	8	6.3459858361166	264	15	0	0	0	11	8
93	8	10.6560769716743	137	33	2	0	0	12	8
94	1	2.24699537781999	203	18	1	0	0	1	8
94	2	5.21739809121937	142	22	0	0	0	2	8
94	5	1.5924792131409	424	13	0	0	0	3	8
94	4	1.94995466177352	240	28	0	0	0	4	8
94	6	2.98251257301308	424	18	0	0	0	5	8
94	5	6.48008577991277	343	25	0	0	0	6	8
94	7	2.27581903687678	301	32	0	0	0	7	8
94	9	4.19859048631042	414	51	2	0	0	8	8
95	1	1.80947944684885	168	21	1	0	0	1	8
95	2	4.75497805210762	183	18	0	0	0	2	8
95	4	0.770690749632195	272	17	0	0	0	3	8
95	5	3.24587789271027	265	18	0	0	0	4	8
95	6	2.87586160330102	153	19	2	0	0	5	8
96	1	3.39016964891925	221	16	1	0	0	1	8
96	3	0.628781417850405	139	17	0	0	0	2	8
96	3	6.69745200872421	139	16	0	0	0	3	8
96	4	3.36220644717105	239	17	0	0	0	4	8
96	6	3.87406287156045	249	23	0	0	0	5	8
96	8	3.96480638557114	267	21	0	0	0	6	8
96	10	0.751649340149015	427	19	0	0	0	7	8
96	11	2.01879006950185	163	19	0	0	0	8	8
96	12	3.16981416731142	377	50	2	0	0	9	8
97	1	3.18640845851041	193	17	1	0	0	1	8
97	2	5.59212420275435	357	19	0	0	0	2	8
97	3	6.6448054460343	167	18	0	0	0	3	8
97	4	4.6118031796068	256	23	0	0	0	4	8
97	5	3.86841690912843	428	19	0	0	0	5	8
97	6	4.33841647882946	507	17	0	0	0	6	8
97	8	2.99530043429695	267	18	0	0	0	7	8
97	9	4.05579820508137	279	19	2	0	0	8	8
98	1	1.99388250010088	167	18	1	0	0	1	8
98	2	2.24880622327328	258	18	0	0	0	2	8
98	3	2.70349523611367	434	18	0	0	0	3	8
98	4	3.78862264635973	258	21	0	0	0	4	8
98	5	3.97492255200632	280	22	0	0	0	5	8
98	6	3.56884657777846	309	18	0	0	0	6	8
98	7	1.37510973028839	299	23	0	0	0	7	8
98	9	2.09704501694068	162	26	0	0	0	8	8
98	10	3.38669140590355	523	15	2	0	0	9	8
99	1	1.84398856270127	229	16	1	0	0	1	8
99	2	5.08856443990953	205	18	0	0	0	2	8
99	3	3.51708538806997	249	19	0	0	0	3	8
99	4	4.11525526968762	359	18	0	0	0	4	8
99	6	2.89799969433807	717	21	0	0	0	5	8
99	8	2.89722202369012	303	15	2	0	0	6	8
100	1	2.17106319940649	311	17	1	0	0	1	8
100	2	4.72787034348585	275	16	0	0	0	2	8
100	3	3.4963432662189	280	22	0	0	0	3	8
100	5	1.68158711190335	261	15	0	0	0	4	8
100	5	5.82563855499029	166	27	0	0	0	5	8
100	6	4.86390939517878	293	21	0	0	0	6	8
100	7	3.03429298778065	249	21	0	0	0	7	8
100	8	8.66285440768115	162	21	0	0	0	8	8
100	9	6.97085812245496	188	19	0	0	0	9	8
100	10	4.7312865878921	382	41	2	0	0	10	8
101	1	2.7000443674624	208	20	1	0	0	1	8
101	2	4.03985473071225	239	18	0	0	0	2	8
101	3	2.56351040164009	243	21	0	0	0	3	8
101	4	3.13664546073414	248	23	0	0	0	4	8
101	6	2.5825041460339	249	25	0	0	0	5	8
101	8	0.812596126459539	202	22	0	0	0	6	8
101	9	4.25023140246049	565	51	2	0	0	7	8
102	2	0.219774626195431	195	14	1	0	0	1	8
102	2	5.92852296167985	159	17	0	0	0	2	8
102	3	3.35617689811625	166	17	0	0	0	3	8
102	5	1.56904054619372	326	20	0	0	0	4	8
102	6	0.659461685921997	273	20	0	0	0	5	8
102	7	3.19221368711442	175	18	0	0	0	6	8
102	8	5.69767963280901	173	18	2	0	0	7	8
103	1	2.07660676306114	163	20	1	0	0	1	8
103	2	4.71793569019064	249	18	0	0	0	2	8
103	3	5.66833579493687	325	17	0	0	0	3	8
103	4	2.89475875115022	323	16	0	0	0	4	8
103	4	6.57769822236151	276	19	0	0	0	5	8
103	5	2.44177600415424	301	25	0	0	0	6	8
103	7	1.05574038275518	171	24	0	0	0	7	8
103	8	5.38505208864808	193	46	2	0	0	8	8
104	1	2.13651617965661	274	20	1	0	0	1	8
104	2	5.04818389052525	367	18	0	0	0	2	8
104	3	2.49422264331952	279	16	0	0	0	3	8
104	4	3.30551700061187	298	20	0	0	0	4	8
104	5	0.49835008289665	271	19	0	0	0	5	8
104	6	3.8394834229257	288	16	0	0	0	6	8
104	7	4.08904677839018	435	15	0	0	0	7	8
104	7	7.91365560237318	160	21	0	0	0	8	8
104	6	0.964732647174969	338	31	0	0	0	9	8
104	8	4.83302487805486	490	26	0	0	0	10	8
104	9	3.07716689771041	164	14	2	0	0	11	8
105	1	2.53483158256859	207	17	1	0	0	1	8
105	2	5.15244861738756	160	15	0	0	0	2	8
105	3	3.84583660005592	238	20	0	0	0	3	8
105	4	2.00919527723454	247	18	0	0	0	4	8
105	6	0.681425691815093	265	17	0	0	0	5	8
105	7	0.553292370866984	210	62	2	0	0	6	8
106	1	2.40404107328504	183	18	1	0	0	1	8
106	2	4.14608993357979	344	18	0	0	0	2	8
106	2	9.02001803508028	163	16	0	0	0	3	8
106	3	4.74944033008069	260	21	0	0	0	4	8
106	4	3.68565552355722	313	18	0	0	0	5	8
106	5	2.99714855267666	381	19	0	0	0	6	8
106	6	4.56542272865772	263	22	0	0	0	7	8
106	7	6.37619746522978	198	14	2	0	0	8	8
107	1	2.16296678083017	209	20	1	0	0	1	8
107	2	6.52663427242078	269	17	0	0	0	2	8
107	3	4.95160035230219	264	18	0	0	0	3	8
107	5	0.600951061118394	293	21	0	0	0	4	8
107	6	4.09135711542331	247	20	0	0	0	5	8
107	8	2.19443841511384	283	20	0	0	0	6	8
107	9	1.85250710416585	153	21	0	0	0	7	8
107	10	4.25894729769789	532	19	2	0	0	8	8
108	1	3.36907063610852	202	17	1	0	0	1	8
108	2	5.53722613700666	273	17	0	0	0	2	8
108	3	3.69902712898329	273	21	0	0	0	3	8
108	4	4.25616131094284	381	19	0	0	0	4	8
108	5	0.182216561865062	354	19	0	0	0	5	8
108	6	2.02741643204354	203	20	0	0	0	6	8
108	7	3.42587044206448	184	25	0	0	0	7	8
108	9	6.62326529948041	300	13	0	0	0	8	8
108	9	3.54216893622652	195	25	2	0	0	9	8
109	1	3.93094029999338	191	13	1	0	0	1	8
109	2	2.5396703609731	272	23	0	0	0	2	8
109	3	3.61419844906777	252	17	0	0	0	3	8
109	4	4.2482536858879	165	16	0	0	0	4	8
109	5	4.34009620710276	236	21	0	0	0	5	8
109	6	7.8941662881989	280	17	0	0	0	6	8
109	8	3.16828575660475	241	25	0	0	0	7	8
109	9	6.65867670625448	489	52	2	0	0	8	8
110	1	2.41585037834011	294	17	1	0	0	1	8
110	2	6.30165242822841	192	19	0	0	0	2	8
110	3	4.89870006614365	252	20	0	0	0	3	8
110	5	0.781494950177148	252	24	0	0	0	4	8
110	7	3.22267881361768	347	21	0	0	0	5	8
110	8	3.00069571030326	220	24	0	0	0	6	8
110	10	5.97169235884212	263	16	0	0	0	7	8
110	10	8.24283571611159	169	17	0	0	0	8	8
110	10	2.41324287746102	198	23	0	0	0	9	8
110	10	13.0030208043754	183	36	2	0	0	10	8
111	1	3.11375581799075	208	18	1	0	0	1	8
111	2	5.59636305714957	253	18	0	0	0	2	8
111	2	16.8474971568212	153	14	0	0	0	3	8
111	3	4.71538690919988	239	18	0	0	0	4	8
111	5	2.39606378157623	251	16	0	0	0	5	8
111	6	3.19435069686733	293	23	0	0	0	6	8
111	7	3.59557359246537	230	20	0	0	0	7	8
111	9	1.43706845864654	245	17	0	0	0	8	8
111	10	3.66143136960454	285	28	2	0	0	9	8
112	1	2.47878557839431	337	19	1	0	0	1	8
112	2	6.69654405559413	320	17	0	0	0	2	8
112	3	3.78303182311356	269	17	0	0	0	3	8
112	4	4.30061689182185	300	22	0	0	0	4	8
112	6	2.29713960923254	272	22	0	0	0	5	8
112	8	0.855860948096961	240	19	0	0	0	6	8
112	8	5.67811620957218	347	21	0	0	0	7	8
112	9	6.43601321056485	358	15	2	0	0	8	8
113	2	0.276916995411739	308	20	1	0	0	1	8
113	3	4.31465396517888	159	16	0	0	0	2	8
113	4	4.13030431861989	303	17	0	0	0	3	8
113	3	1.42964800680056	286	22	0	0	0	4	8
113	4	5.80638711131178	157	18	0	0	0	5	8
113	5	4.06057383795269	186	17	0	0	0	6	8
113	7	1.91409315448254	292	12	0	0	0	7	8
113	7	4.25676116999239	401	61	2	0	0	8	8
114	1	2.85260187811218	281	17	1	0	0	1	8
114	3	1.15988000389189	342	16	0	0	0	2	8
114	3	4.98969871271402	273	17	0	0	0	3	8
114	4	2.72020723321475	296	23	0	0	0	4	8
114	6	2.86785428482108	314	20	0	0	0	5	8
114	7	4.38743053213693	465	15	0	0	0	6	8
114	8	0.81994769256562	156	16	0	0	0	7	8
114	8	4.04927518055774	292	21	0	0	0	8	8
114	9	5.07798748719506	267	26	0	0	0	9	8
114	11	4.05401099240407	396	20	0	0	0	10	8
114	11	11.4411591992248	593	44	2	0	0	11	8
