1	1	3.59900529915467	331	16	1	0	0	1	6
1	3	0.56115328730084	162	24	0	0	0	2	6
1	4	3.37161404336803	231	17	0	0	0	3	6
1	6	1.8810198942665	204	17	0	0	0	4	6
1	7	2.87352226278745	151	22	0	0	0	5	6
1	10	0.168291287496686	228	17	2	0	0	6	6
2	1	2.45319983712398	173	19	1	0	0	1	6
2	3	2.76832052972168	184	19	0	0	0	2	6
2	4	2.80027471436188	188	23	0	0	0	3	6
2	6	1.01938544888981	334	20	0	0	0	4	6
2	7	6.43022846500389	168	18	0	0	0	5	6
2	9	1.72794166905805	203	19	0	0	0	6	6
2	10	1.0714083944913	192	17	0	0	0	7	6
2	10	6.30974876391701	150	52	2	0	0	8	6
3	1	3.79344552266411	170	15	1	0	0	1	6
3	2	3.52361285197549	137	17	0	0	0	2	6
3	3	4.50550047960132	160	18	0	0	0	3	6
3	5	1.07206809427589	317	17	0	0	0	4	6
3	6	4.49036202183925	188	19	0	0	0	5	6
3	4	5.48733002739027	261	23	0	0	0	6	6
3	7	1.11403174023144	172	18	0	0	0	7	6
3	8	5.17037290683948	252	18	0	0	0	8	6
3	10	2.46622937452048	165	18	0	0	0	9	6
3	10	8.18527277396061	173	41	2	0	0	10	6
4	1	2.06984745245427	185	21	1	0	0	1	6
4	2	5.26403761934489	177	17	0	0	0	2	6
4	3	4.22004602616653	297	15	0	0	0	3	6
4	4	3.04742949758656	163	19	0	0	0	4	6
4	5	3.60482229478657	170	17	0	0	0	5	6
4	7	0.488930470310152	171	20	0	0	0	6	6
4	8	1.24334732652642	256	37	0	0	0	7	6
4	8	13.4633895575535	109	31	2	0	0	8	6
5	1	4.88562316377647	345	19	1	0	0	1	6
5	2	6.58908943575807	266	19	0	0	0	2	6
5	4	0.908330116886646	179	18	0	0	0	3	6
5	4	6.27749935211614	183	19	0	0	0	4	6
5	5	1.41305169020779	195	17	0	0	0	5	6
5	6	3.28638840932399	114	24	2	0	0	6	6
6	1	2.29323126445524	168	13	1	0	0	1	6
6	2	1.5683368248865	165	21	0	0	0	2	6
6	3	6.30808953940868	209	20	0	0	0	3	6
6	4	3.67291964334436	251	13	0	0	0	4	6
6	5	1.40425658412278	243	22	0	0	0	5	6
6	7	4.84958142903633	213	17	0	0	0	6	6
6	6	6.61512556299567	137	21	0	0	0	7	6
6	9	2.26675594295375	331	65	2	0	0	8	6
7	2	0.661762902745977	357	18	1	0	0	1	6
7	3	3.45015528006479	180	19	0	0	0	2	6
7	4	3.70213093678467	440	18	0	0	0	3	6
7	5	7.7035754006356	239	19	0	0	0	4	6
7	7	0.462831558194011	262	18	0	0	0	5	6
7	7	8.6072888947092	204	23	0	0	0	6	6
7	10	2.1493444419466	221	51	2	0	0	7	6
8	1	2.02330291923136	379	20	1	0	0	1	6
8	3	4.49915581592359	219	20	0	0	0	2	6
8	5	1.54883730039001	232	18	0	0	0	3	6
8	7	0.992458133725449	181	19	0	0	0	4	6
8	8	3.42161217960529	214	19	0	0	0	5	6
8	9	6.20410303701647	159	20	0	0	0	6	6
8	11	3.5515201613307	146	45	2	0	0	7	6
9	1	3.50743190431967	170	16	1	0	0	1	6
9	2	4.98552500060759	185	19	0	0	0	2	6
9	4	0.287957838969305	205	20	0	0	0	3	6
9	5	0.181325879646465	282	16	0	0	0	4	6
9	6	3.66279891622253	151	18	0	0	0	5	6
9	7	5.72493934351951	157	64	2	0	0	6	6
10	1	1.33569370373152	166	15	1	0	0	1	6
10	2	3.43528592423536	178	22	0	0	0	2	6
10	4	4.34855682845227	168	17	0	0	0	3	6
10	6	2.43807601043954	189	20	0	0	0	4	6
10	8	0.511468036333099	178	20	0	0	0	5	6
10	9	6.05198764195666	174	58	2	0	0	6	6
11	1	3.5403792518191	171	15	1	0	0	1	6
11	2	3.80900556989945	212	22	0	0	0	2	6
11	3	6.87120737670921	294	18	0	0	0	3	6
11	5	2.32483016978949	273	19	0	0	0	4	6
11	7	0.111692429054528	197	19	0	0	0	5	6
11	8	2.86784839234315	233	22	0	0	0	6	6
11	9	5.63135375990532	316	61	2	0	0	7	6
12	2	0.345367423025891	336	17	1	0	0	1	6
12	3	1.51687151752412	159	18	0	0	0	2	6
12	4	4.02683296869509	183	18	0	0	0	3	6
12	5	4.44234899920411	231	20	0	0	0	4	6
12	8	2.05667048087344	158	16	0	0	0	5	6
12	8	5.841052103322	284	60	2	0	0	6	6
13	1	3.22979404963553	168	16	1	0	0	1	6
13	2	3.3023938422557	194	18	0	0	0	2	6
13	4	0.622027395525947	147	19	0	0	0	3	6
13	5	4.77718811691739	268	18	0	0	0	4	6
13	6	3.16790103423409	222	19	0	0	0	5	6
13	8	2.5310783511959	251	51	2	0	0	6	6
14	1	6.18275461858138	306	20	1	0	0	1	6
14	2	6.0522990541067	211	19	0	0	0	2	6
14	4	1.33639690233395	410	16	0	0	0	3	6
14	5	2.57905267225578	305	18	0	0	0	4	6
14	5	9.16471844702028	173	19	0	0	0	5	6
14	6	5.92302392586134	240	15	0	0	0	6	6
14	7	3.84256123122759	273	18	0	0	0	7	6
14	8	7.2744346067775	134	40	2	0	0	8	6
15	2	0.154219342628494	323	17	1	0	0	1	6
15	3	3.69311903347261	186	14	0	0	0	2	6
15	3	0.0418737609870732	183	21	0	0	0	3	6
15	4	5.91816558246501	252	17	0	0	0	4	6
15	5	5.40656267944723	187	15	0	0	0	5	6
15	7	0.578769012587145	219	25	0	0	0	6	6
15	8	3.14723113924265	196	17	2	0	0	7	6
16	1	3.26674331584945	164	12	1	0	0	1	6
16	2	1.08237297995947	163	22	0	0	0	2	6
16	3	3.25388821400702	183	19	0	0	0	3	6
16	4	6.72054394287989	257	16	0	0	0	4	6
16	5	1.71800084109418	232	16	0	0	0	5	6
16	6	2.11326821148396	182	22	0	0	0	6	6
16	6	12.0335048208944	330	57	2	0	0	7	6
17	1	3.31959443655796	168	16	1	0	0	1	6
17	2	3.83582408842631	200	19	0	0	0	2	6
17	3	4.80176701373421	183	20	0	0	0	3	6
17	5	0.011651230044663	258	18	0	0	0	4	6
17	6	4.80316300527193	171	19	0	0	0	5	6
17	8	5.56468682480045	171	21	0	0	0	6	6
17	9	6.27314684586599	107	50	2	0	0	7	6
18	1	1.00782949570566	178	15	1	0	0	1	6
18	2	4.96638857363723	288	17	0	0	0	2	6
18	3	4.83766236528754	223	15	0	0	0	3	6
18	3	0.216078045312315	196	22	0	0	0	4	6
18	4	5.2534154090099	185	17	0	0	0	5	6
18	5	5.00024813204072	238	17	0	0	0	6	6
18	4	3.68405311391689	166	18	0	0	0	7	6
18	5	5.65641434327699	223	21	0	0	0	8	6
18	7	4.14921023580246	217	21	0	0	0	9	6
18	9	3.83818921609782	157	16	0	0	0	10	6
18	10	4.84809226170182	207	61	2	0	0	11	6
19	1	3.41967899352312	159	13	1	0	0	1	6
19	2	1.25838147196919	149	20	0	0	0	2	6
19	3	5.06922461115755	177	18	0	0	0	3	6
19	5	0.476397027960047	159	18	0	0	0	4	6
19	5	6.3555514421314	193	19	0	0	0	5	6
19	7	2.75145418639295	171	13	0	0	0	6	6
19	7	0.600727789802477	189	17	0	0	0	7	6
19	8	3.30045991460793	191	22	0	0	0	8	6
19	11	1.04713611560874	257	18	0	0	0	9	6
19	11	8.34310095268302	119	19	0	0	0	10	6
19	11	12.9854658707045	111	31	2	0	0	11	6
20	1	3.7404208749067	181	13	1	0	0	1	6
20	2	3.70701332273893	150	19	0	0	0	2	6
20	2	9.82193399965763	279	17	0	0	0	3	6
20	3	4.43985696532764	181	18	0	0	0	4	6
20	4	7.32920450461097	258	18	0	0	0	5	6
20	6	1.93391281319782	283	16	0	0	0	6	6
20	7	1.87001324165612	218	19	0	0	0	7	6
20	8	3.05909601412714	164	16	0	0	0	8	6
20	7	4.10692655202001	175	23	0	0	0	9	6
20	10	4.68667842145078	158	39	2	0	0	10	6
21	1	2.12527508661151	163	19	1	0	0	1	6
21	2	3.43979133223183	175	22	0	0	0	2	6
21	3	4.65960661205463	231	17	0	0	0	3	6
21	4	1.53635082440451	220	18	0	0	0	4	6
21	5	4.46333009866066	168	19	0	0	0	5	6
21	7	1.25399822206236	184	20	0	0	0	6	6
21	8	3.25276384479366	253	16	0	0	0	7	6
21	9	5.08003342384472	189	18	0	0	0	8	6
21	10	5.61469020415097	149	42	2	0	0	9	6
22	1	4.31535697239451	183	15	1	0	0	1	6
22	3	0.442346385214478	218	20	0	0	0	2	6
22	4	1.68165514804423	253	21	0	0	0	3	6
22	5	6.3260805378668	251	22	0	0	0	4	6
22	6	4.05487904744223	325	16	0	0	0	5	6
22	7	4.55576168512926	191	62	2	0	0	6	6
23	1	3.05222224327736	322	17	1	0	0	1	6
23	3	4.82010639854707	172	19	0	0	0	2	6
23	5	0.0789608780760318	327	18	0	0	0	3	6
23	6	0.977604442741722	193	17	0	0	0	4	6
23	6	6.45714457496069	136	20	0	0	0	5	6
23	7	6.19282808108255	75	58	2	0	0	6	6
24	1	2.38896703324281	165	20	1	0	0	1	6
24	3	1.15720541332848	170	19	0	0	0	2	6
24	4	3.96291402401403	284	19	0	0	0	3	6
24	6	1.30320524424314	238	19	0	0	0	4	6
24	7	3.9627297827974	205	21	0	0	0	5	6
24	10	0.23200600175187	270	19	2	0	0	6	6
25	1	3.17898392584175	328	20	1	0	0	1	6
25	3	1.30819290806539	274	15	0	0	0	2	6
25	2	4.17306332872249	223	23	0	0	0	3	6
25	4	7.23497166740708	182	21	0	0	0	4	6
25	6	1.73042521765456	351	19	0	0	0	5	6
25	7	3.53960014134645	159	19	0	0	0	6	6
25	8	5.79345461772755	258	58	2	0	0	7	6
26	1	2.64029143680818	165	14	1	0	0	1	6
26	2	1.11657753190957	175	19	0	0	0	2	6
26	3	2.98578402865678	214	17	0	0	0	3	6
26	4	3.44835130032152	283	19	0	0	0	4	6
26	6	1.89615014684387	171	18	0	0	0	5	6
26	7	2.34119180194102	163	19	2	0	0	6	6
27	1	3.40570003329776	360	18	1	0	0	1	6
27	3	0.655337135540321	151	17	0	0	0	2	6
27	3	4.99180235317908	223	18	0	0	0	3	6
27	4	5.11566728749312	208	18	0	0	0	4	6
27	5	0.894098391756415	254	19	0	0	0	5	6
27	6	3.44832565030083	207	20	0	0	0	6	6
27	7	4.67665514000691	202	14	0	0	0	7	6
27	7	8.66652107913978	195	26	0	0	0	8	6
27	7	10.4155036516022	150	44	2	0	0	9	6
28	1	2.84384829527698	179	17	1	0	0	1	6
28	2	3.86583991185762	180	19	0	0	0	2	6
28	4	0.423464870080352	162	17	0	0	0	3	6
28	4	6.05324279330671	190	17	0	0	0	4	6
28	5	2.80822924524546	277	18	0	0	0	5	6
28	7	0.756584627088159	192	20	0	0	0	6	6
28	8	3.50131272547878	301	21	0	0	0	7	6
28	10	2.62217225367203	148	20	0	0	0	8	6
28	10	11.0015321690589	142	14	0	0	0	9	6
28	10	15.3773650999647	134	41	2	0	0	10	6
29	1	2.07428529439494	161	17	1	0	0	1	6
29	2	4.6743153759744	192	21	0	0	0	2	6
29	4	1.33934847894125	203	17	0	0	0	3	6
29	5	3.2442874556873	243	20	0	0	0	4	6
29	6	4.09577131550759	254	22	0	0	0	5	6
29	7	12.3571451972239	143	14	0	0	0	6	6
29	8	2.81946330307983	160	47	2	0	0	7	6
30	2	0.147056460846215	172	18	1	0	0	1	6
30	3	0.0132361482828856	197	12	0	0	0	2	6
30	3	2.60332377464511	180	18	0	0	0	3	6
30	4	5.91207464807667	199	18	0	0	0	4	6
30	5	5.47931946069002	204	19	0	0	0	5	6
30	7	3.37831111554988	434	67	2	0	0	6	6
31	1	2.09628601954319	151	17	1	0	0	1	6
31	3	0.566462402231991	187	18	0	0	0	2	6
31	3	6.45320109254681	269	22	0	0	0	3	6
31	5	4.26816237904131	205	21	0	0	0	4	6
31	8	1.18108658236451	199	19	0	0	0	5	6
31	9	1.14878218946978	141	15	0	0	0	6	6
31	9	6.50138761405833	256	48	2	0	0	7	6
32	2	3.50032141478732	382	17	1	0	0	1	6
32	4	1.716090581147	291	17	0	0	0	2	6
32	3	0.829682047246024	173	19	0	0	0	3	6
32	5	0.154125084867701	369	18	0	0	0	4	6
32	6	1.64778709528036	245	17	0	0	0	5	6
32	7	0.6658940250054	226	18	0	0	0	6	6
32	8	2.91422619228251	163	20	0	0	0	7	6
32	8	12.7863010524306	742	62	2	0	0	8	6
33	1	2.41834223107435	155	14	1	0	0	1	6
33	2	0.164286507992074	158	19	0	0	0	2	6
33	3	3.24065327993594	195	21	0	0	0	3	6
33	4	5.92774104629643	275	16	0	0	0	4	6
33	5	2.89448359748349	244	19	0	0	0	5	6
33	6	7.54040844133124	144	21	0	0	0	6	6
33	7	9.27123458008282	256	51	2	0	0	7	6
34	1	3.43045145552605	316	17	1	0	0	1	6
34	3	1.19708443502896	312	21	0	0	0	2	6
34	5	2.95996420178562	179	27	0	0	0	3	6
34	2	0.110878676641732	320	24	0	0	0	4	6
34	5	0.801744408672675	232	16	0	0	0	5	6
34	5	6.96685984218493	176	17	0	0	0	6	6
34	7	2.82383120851591	240	17	0	0	0	7	6
34	7	8.37981322663836	158	21	0	0	0	8	6
34	8	8.01518793147989	179	67	2	0	0	9	6
35	2	0.810621991287917	364	23	1	0	0	1	6
35	3	2.19633456366137	195	15	0	0	0	2	6
35	4	0.789760198444128	208	19	0	0	0	3	6
35	4	6.08756434498355	218	17	0	0	0	4	6
35	5	1.93048371956684	184	18	0	0	0	5	6
35	6	3.51506171002984	164	16	0	0	0	6	6
35	6	7.48491953755729	368	57	2	0	0	7	6
36	1	3.99832840589806	165	17	1	0	0	1	6
36	2	5.05813442310318	354	19	0	0	0	2	6
36	4	2.61242025578395	264	17	0	0	0	3	6
36	5	3.88069491134956	237	24	0	0	0	4	6
36	6	5.06005153316073	393	16	0	0	0	5	6
36	7	3.80600084946491	146	19	0	0	0	6	6
36	8	6.58237305772491	138	60	2	0	0	7	6
37	2	0.910834395093843	169	18	1	0	0	1	6
37	3	0.0730497813783586	171	16	0	0	0	2	6
37	4	2.840303941397	215	17	0	0	0	3	6
37	5	2.08873239019886	190	19	0	0	0	4	6
37	6	2.87786852777936	162	15	0	0	0	5	6
37	5	4.16912099253386	173	16	0	0	0	6	6
37	4	6.8587267564144	206	16	0	0	0	7	6
37	5	3.525613167556	181	22	0	0	0	8	6
37	7	5.80098915426061	173	16	2	0	0	9	6
38	2	4.47069030045532	260	21	1	0	0	1	6
38	3	7.09434357145801	253	19	0	0	0	2	6
38	5	0.550533004337922	262	21	0	0	0	3	6
38	6	3.61785957682878	241	29	0	0	0	4	6
38	9	6.15657537593506	199	14	0	0	0	5	6
38	9	2.96238537272438	230	43	0	0	0	6	6
38	9	16.9486245249864	106	20	2	0	0	7	6
39	1	2.80188318807632	162	13	1	0	0	1	6
39	2	1.43275566142984	161	21	0	0	0	2	6
39	3	3.64609365188517	287	17	0	0	0	3	6
39	4	4.15288898348808	135	26	0	0	0	4	6
39	2	3.0439677387476	280	16	0	0	0	5	6
39	2	7.11998311965726	260	22	0	0	0	6	6
39	4	2.08427610597573	242	20	0	0	0	7	6
39	5	6.49208301235922	254	19	0	0	0	8	6
39	7	3.66965724015608	168	20	0	0	0	9	6
39	9	3.74147892184556	194	54	2	0	0	10	6
40	1	3.80445070518181	307	17	1	0	0	1	6
40	3	0.862068360904232	227	20	0	0	0	2	6
40	4	5.79533864161931	158	20	0	0	0	3	6
40	6	4.06156914005987	200	19	0	0	0	4	6
40	8	0.629844796145335	199	19	0	0	0	5	6
40	9	2.68184568360448	221	20	0	0	0	6	6
40	10	4.0641559897922	295	19	0	0	0	7	6
40	11	6.11453113355674	145	46	2	0	0	8	6
41	1	2.67171000503004	154	18	1	0	0	1	6
41	2	4.09074753709137	189	19	0	0	0	2	6
41	3	0.0274492229800671	145	16	0	0	0	3	6
41	3	7.65178105933592	180	23	0	0	0	4	6
41	6	2.0345995221287	162	13	0	0	0	5	6
41	6	0.731837711762637	270	22	0	0	0	6	6
41	8	1.48486168845557	142	15	0	0	0	7	6
41	8	5.70763594307937	193	57	2	0	0	8	6
42	1	2.36197496927343	164	17	1	0	0	1	6
42	3	1.00040259747766	178	22	0	0	0	2	6
42	4	6.29405966261402	184	17	0	0	0	3	6
42	6	0.3512121764943	172	18	0	0	0	4	6
42	8	0.478020287351683	178	22	0	0	0	5	6
42	9	0.910825526108965	339	17	2	0	0	6	6
43	1	3.14327532285824	163	17	1	0	0	1	6
43	2	3.09088933747262	200	22	0	0	0	2	6
43	4	2.0889233131893	166	18	0	0	0	3	6
43	4	9.02040111972019	327	17	0	0	0	4	6
43	6	1.98963853740133	261	19	0	0	0	5	6
43	7	3.18677827692591	208	19	0	0	0	6	6
43	8	6.78269682568498	198	47	2	0	0	7	6
44	1	2.82845946936868	182	14	1	0	0	1	6
44	2	2.98772935895249	178	21	0	0	0	2	6
44	3	6.8250894243829	141	17	0	0	0	3	6
44	4	5.21569687803276	200	20	0	0	0	4	6
44	6	2.8558110226877	190	22	0	0	0	5	6
44	7	3.18661906942725	194	28	0	0	0	6	6
44	9	1.35733145033009	166	17	0	0	0	7	6
44	10	2.32497612340376	157	46	2	0	0	8	6
45	1	6.69905154802836	318	19	1	0	0	1	6
45	2	5.80095493490808	199	20	0	0	0	2	6
45	4	2.70079284231178	189	13	0	0	0	3	6
45	5	0.360318169230595	156	18	0	0	0	4	6
45	5	7.63306944491342	225	19	0	0	0	5	6
45	7	1.90727945859544	150	16	2	0	0	6	6
46	1	3.59972415375523	174	19	1	0	0	1	6
46	3	3.30915697291493	180	21	0	0	0	2	6
46	4	6.61588475317694	255	20	0	0	0	3	6
46	6	0.428907678462565	200	15	0	0	0	4	6
46	7	1.62558705057018	161	18	0	0	0	5	6
46	8	2.57414807099849	174	16	0	0	0	6	6
46	8	7.99444885854609	178	50	2	0	0	7	6
47	1	2.98557235999033	149	15	1	0	0	1	6
47	2	1.98084336519241	182	21	0	0	0	2	6
47	3	3.47981303138658	305	19	0	0	0	3	6
47	5	3.43838187423535	249	19	0	0	0	4	6
47	6	6.39378318539821	253	22	0	0	0	5	6
47	8	1.11191287986003	263	17	0	0	0	6	6
47	9	2.34526393376291	326	49	2	0	0	7	6
48	2	0.970480359857902	327	19	1	0	0	1	6
48	4	0.101637206273153	264	18	0	0	0	2	6
48	5	3.22454583249055	237	19	0	0	0	3	6
48	7	2.59443043498322	212	17	0	0	0	4	6
48	8	5.54981848062016	198	64	2	0	0	5	6
49	1	4.83325810916722	355	19	1	0	0	1	6
49	2	5.59954500524327	235	20	0	0	0	2	6
49	3	5.896837644279	226	20	0	0	0	3	6
49	4	6.78916897904128	189	21	0	0	0	4	6
49	5	6.94011110952124	221	16	0	0	0	5	6
49	7	0.747904408490285	196	16	0	0	0	6	6
49	8	0.692225645529106	303	21	0	0	0	7	6
49	8	11.5807539718226	144	16	0	0	0	8	6
49	8	15.1749408713076	159	16	0	0	0	9	6
49	8	16.1096405438147	110	40	2	0	0	10	6
50	2	0.0545516302809119	365	18	1	0	0	1	6
50	3	0.235307587077841	199	17	0	0	0	2	6
50	3	5.86542797926813	161	18	0	0	0	3	6
50	5	2.22908675204962	179	19	0	0	0	4	6
50	7	5.59408643678762	170	24	0	0	0	5	6
50	9	3.28525241278112	142	14	2	0	0	6	6
51	1	1.5744996976573	159	17	1	0	0	1	6
51	2	4.88717336999252	175	19	0	0	0	2	6
51	3	5.55322898039594	179	20	0	0	0	3	6
51	5	2.78027189988643	182	20	0	0	0	4	6
51	7	1.54413467296399	193	21	0	0	0	5	6
51	8	6.75277709052898	253	16	0	0	0	6	6
51	9	3.96084211068228	113	21	0	0	0	7	6
51	7	3.33209671988152	160	24	0	0	0	8	6
51	11	0.872433769749478	264	19	0	0	0	9	6
51	11	9.26092622359283	110	28	2	0	0	10	6
52	1	2.95898055937141	163	15	1	0	0	1	6
52	2	2.53847280400805	201	20	0	0	0	2	6
52	3	3.96638866537251	191	20	0	0	0	3	6
52	5	1.52964590373449	244	20	0	0	0	4	6
52	6	1.04630605597049	212	81	2	0	0	5	6
53	1	2.24426590721123	175	13	1	0	0	1	6
53	2	1.85848297388293	139	17	0	0	0	2	6
53	3	0.825347929960117	173	19	0	0	0	3	6
53	4	0.181575239636004	169	16	0	0	0	4	6
53	5	0.223107008961961	151	16	0	0	0	5	6
53	5	7.27817614935338	537	24	0	0	0	6	6
53	3	4.3664998288732	248	23	0	0	0	7	6
53	6	4.11201503267512	231	18	0	0	0	8	6
53	8	4.6870434791781	166	17	0	0	0	9	6
53	9	4.49435824761167	153	58	2	0	0	10	6
54	1	3.38209765148349	317	19	1	0	0	1	6
54	3	2.37737318198197	181	18	0	0	0	2	6
54	4	2.05678752250969	171	19	0	0	0	3	6
54	6	0.338848730083555	414	15	0	0	0	4	6
54	6	5.54401822132058	156	22	0	0	0	5	6
54	8	3.80563672306016	174	46	2	0	0	6	6
55	1	2.2017713165842	178	17	1	0	0	1	6
55	2	2.57790065277368	199	17	0	0	0	2	6
55	3	2.37252144771628	243	19	0	0	0	3	6
55	4	2.01870317850262	218	16	0	0	0	4	6
55	5	2.74508712184615	215	15	0	0	0	5	6
55	6	2.69377707922831	180	22	0	0	0	6	6
55	9	0.213605888653547	173	16	0	0	0	7	6
55	10	1.98965706955642	176	70	2	0	0	8	6
56	1	2.97242153715342	315	18	1	0	0	1	6
56	2	6.5701003652066	168	14	0	0	0	2	6
56	3	3.67510272189975	172	17	0	0	0	3	6
56	5	2.30577358673327	206	21	0	0	0	4	6
56	6	6.06258183601312	159	17	0	0	0	5	6
56	7	2.17091943952255	97	21	2	0	0	6	6
57	1	2.59107165201567	172	17	1	0	0	1	6
57	2	4.40611223503947	215	17	0	0	0	2	6
57	3	4.47922449256293	182	18	0	0	0	3	6
57	4	3.43211813829839	180	20	0	0	0	4	6
57	7	2.84242886351421	167	17	0	0	0	5	6
57	7	8.41830021305941	248	60	2	0	0	6	6
58	1	4.56774000218138	304	19	1	0	0	1	6
58	3	4.16059919632971	226	19	0	0	0	2	6
58	5	0.557739504380152	230	19	0	0	0	3	6
58	6	2.00557537050918	215	21	0	0	0	4	6
58	9	1.08196029975079	253	15	0	0	0	5	6
58	10	0.062916113762185	148	17	0	0	0	6	6
58	10	5.79896150482818	184	52	2	0	0	7	6
59	1	2.33920206036419	161	13	1	0	0	1	6
59	2	1.8842228972353	162	19	0	0	0	2	6
59	3	4.60612284275703	183	19	0	0	0	3	6
59	5	3.61666624061763	229	28	0	0	0	4	6
59	7	3.54556807246991	222	20	0	0	0	5	6
59	9	3.45924866548739	225	15	0	0	0	6	6
59	9	7.97763749258593	148	60	2	0	0	7	6
60	1	2.3220984810032	155	18	1	0	0	1	6
60	2	6.86734815780073	204	20	0	0	0	2	6
60	4	5.7247393860016	165	17	0	0	0	3	6
60	6	1.49744482431561	335	17	0	0	0	4	6
60	7	4.12386437994428	221	20	0	0	0	5	6
60	8	4.73733726376668	271	17	0	0	0	6	6
60	9	4.58314952999353	163	19	0	0	0	7	6
60	9	13.5742564003449	153	52	2	0	0	8	6
61	1	4.51620607543737	159	20	1	0	0	1	6
61	2	8.31166692823172	180	21	0	0	0	2	6
61	4	3.88829380599782	182	18	0	0	0	3	6
61	5	3.89462233963422	177	17	0	0	0	4	6
61	4	8.05361114582047	248	21	0	0	0	5	6
61	6	4.46203181915917	189	18	0	0	0	6	6
61	7	6.59803904802538	147	47	2	0	0	7	6
62	1	3.03753122594208	326	21	1	0	0	1	6
62	3	4.33444740297273	257	15	0	0	0	2	6
62	3	1.93977386271581	166	20	0	0	0	3	6
62	4	4.23918061307631	252	19	0	0	0	4	6
62	6	1.03727235994302	334	19	0	0	0	5	6
62	4	6.63756398530677	114	27	0	0	0	6	6
62	8	4.5345170260407	271	18	2	0	0	7	6
63	1	3.26684574130923	156	18	1	0	0	1	6
63	2	6.34896640689112	234	19	0	0	0	2	6
63	4	0.416770620504394	200	17	0	0	0	3	6
63	5	1.29481212142855	282	24	0	0	0	4	6
63	7	1.2127052214928	185	17	0	0	0	5	6
63	8	3.60284455027431	200	22	0	0	0	6	6
63	9	8.45455795316957	176	56	2	0	0	7	6
64	1	3.53784254030325	160	12	1	0	0	1	6
64	2	2.82864130358212	173	20	0	0	0	2	6
64	3	6.76631260686554	253	20	0	0	0	3	6
64	5	0.77655965811573	195	18	0	0	0	4	6
64	6	2.95626343041658	283	20	0	0	0	5	6
64	7	6.9541871198453	243	26	0	0	0	6	6
64	8	8.50590743403882	199	20	0	0	0	7	6
64	9	6.43672537570819	158	43	2	0	0	8	6
65	1	3.56383470655419	340	17	1	0	0	1	6
65	3	0.815418371697888	175	23	0	0	0	2	6
65	4	1.25294487993233	172	19	0	0	0	3	6
65	5	3.41011566808447	199	18	0	0	0	4	6
65	6	3.52030977839604	269	22	0	0	0	5	6
65	8	3.4970029334072	192	17	0	0	0	6	6
65	10	1.25955709349364	165	29	0	0	0	7	6
65	11	3.39292779285461	438	42	2	0	0	8	6
66	1	3.65192749258131	162	15	1	0	0	1	6
66	3	1.98124642041512	205	18	0	0	0	2	6
66	4	3.95536681311205	204	20	0	0	0	3	6
66	6	0.419798668008298	247	13	0	0	0	4	6
66	5	2.77031642291695	151	18	0	0	0	5	6
66	6	5.62331314361654	223	21	0	0	0	6	6
66	7	6.65413163718767	256	23	0	0	0	7	6
66	10	1.36783961905167	193	15	2	0	0	8	6
67	2	0.103800035314634	365	20	1	0	0	1	6
67	3	6.60022184858099	138	19	0	0	0	2	6
67	4	7.23329409095459	210	20	0	0	0	3	6
67	5	3.93757284060121	213	23	0	0	0	4	6
67	7	2.92731123208068	278	21	0	0	0	5	6
67	7	12.2085529631004	236	41	2	0	0	6	6
68	1	3.55791748058982	329	19	1	0	0	1	6
68	3	2.20927334553562	205	17	0	0	0	2	6
68	2	6.28644456621259	171	18	0	0	0	3	6
68	3	6.18038994586095	182	19	0	0	0	4	6
68	5	2.20261729112826	217	12	0	0	0	5	6
68	5	0.37189108110033	137	26	0	0	0	6	6
68	7	9.28553842846304	189	19	0	0	0	7	6
68	8	1.98577325837687	175	61	2	0	0	8	6
69	2	0.1401967050042	337	19	1	0	0	1	6
69	2	8.11677781795152	169	19	0	0	0	2	6
69	3	7.47793592256494	185	18	0	0	0	3	6
69	4	5.50539929443039	227	19	0	0	0	4	6
69	5	4.60948527185246	241	21	0	0	0	5	6
69	7	0.487177139846608	159	19	0	0	0	6	6
69	7	7.38235668069683	240	14	0	0	0	7	6
69	7	11.3789595256094	294	55	2	0	0	8	6
70	1	4.39407023973763	317	20	1	0	0	1	6
70	3	2.37130651902407	256	18	0	0	0	2	6
70	4	3.73044885881245	191	21	0	0	0	3	6
70	6	0.462690116371959	213	22	0	0	0	4	6
70	8	2.55335082416423	210	21	0	0	0	5	6
70	10	3.20040056854486	186	16	2	0	0	6	6
71	1	2.36119742016308	166	20	1	0	0	1	6
71	2	4.06094409106299	264	22	0	0	0	2	6
71	4	4.30184416030534	213	20	0	0	0	3	6
71	6	4.92598728765734	271	19	0	0	0	4	6
71	8	4.69680549576879	189	22	0	0	0	5	6
71	10	4.49861133960076	167	16	0	0	0	6	6
71	11	5.43306444841437	107	38	2	0	0	7	6
72	1	3.01475208811462	159	18	1	0	0	1	6
72	2	4.90189597103745	217	20	0	0	0	2	6
72	4	0.0924730943515897	149	20	0	0	0	3	6
72	5	1.2588797272183	251	17	0	0	0	4	6
72	6	4.75003156112507	139	18	0	0	0	5	6
72	7	5.4904156383127	271	63	2	0	0	6	6
73	1	3.88863615039736	293	19	1	0	0	1	6
73	3	0.0572622108738869	160	18	0	0	0	2	6
73	4	2.30130130704492	274	23	0	0	0	3	6
73	6	0.180836056824774	178	21	0	0	0	4	6
73	8	4.45945898303762	231	19	0	0	0	5	6
73	9	6.0181849792134	160	20	0	0	0	6	6
73	10	10.3946497000288	143	39	2	0	0	7	6
74	1	3.97482056939043	314	19	1	0	0	1	6
74	3	1.40161251206882	212	20	0	0	0	2	6
74	4	5.49389232858084	167	18	0	0	0	3	6
74	6	2.33326811902225	291	19	0	0	0	4	6
74	4	5.80054555344395	196	18	0	0	0	5	6
74	6	0.097582979593426	159	19	0	0	0	6	6
74	7	7.97987762163393	192	18	0	0	0	7	6
74	8	6.76407267455943	223	20	0	0	0	8	6
74	10	6.38595522777177	519	15	0	0	0	9	6
74	10	10.4390127342194	177	54	2	0	0	10	6
75	1	1.62669027224183	195	17	1	0	0	1	6
75	2	5.60712680779397	161	18	0	0	0	2	6
75	3	6.83532642340288	228	19	0	0	0	3	6
75	4	6.09330518450588	259	17	0	0	0	4	6
75	5	3.59462240454741	219	27	0	0	0	5	6
75	8	3.52191336872056	218	20	0	0	0	6	6
75	9	7.57824452454224	122	58	2	0	0	7	6
76	2	0.586047352291644	159	12	1	0	0	1	6
76	2	2.81999116786756	169	21	0	0	0	2	6
76	3	3.82540363701992	220	19	0	0	0	3	6
76	5	1.99986394192092	179	22	0	0	0	4	6
76	6	6.9908177095931	197	21	0	0	0	5	6
76	7	2.90854199486785	270	19	0	0	0	6	6
76	8	2.93073625606485	216	16	0	0	0	7	6
76	9	3.27643731608987	223	15	0	0	0	8	6
76	10	3.93904552492313	152	59	2	0	0	9	6
77	1	2.7882788691204	164	14	1	0	0	1	6
77	2	1.59416822087951	143	21	0	0	0	2	6
77	3	2.2089028051123	160	18	0	0	0	3	6
77	4	0.386585341067985	221	22	0	0	0	4	6
77	5	2.51017391937785	204	15	0	0	0	5	6
77	4	6.48094893735833	148	18	0	0	0	6	6
77	6	0.225242336280644	202	19	0	0	0	7	6
77	7	7.76673012995161	262	59	0	0	0	8	6
77	7	13.1830494520254	128	15	2	0	0	9	6
78	1	3.94429866713472	167	18	1	0	0	1	6
78	2	7.9283966186922	300	21	0	0	0	2	6
78	4	1.94668240752071	197	18	0	0	0	3	6
78	5	2.98653765511699	217	16	0	0	0	4	6
78	6	2.137223088881	426	19	0	0	0	5	6
78	8	2.2993140486069	294	24	0	0	0	6	6
78	10	2.49864601064473	184	14	0	0	0	7	6
78	10	6.03883277974091	117	16	0	0	0	8	6
78	10	10.1454620503355	172	50	2	0	0	9	6
79	2	0.239496716298163	317	18	1	0	0	1	6
79	3	3.36293212114833	213	17	0	0	0	2	6
79	4	3.82632802869193	269	17	0	0	0	3	6
79	5	4.11417522793636	163	18	0	0	0	4	6
79	7	1.36870828503743	302	16	0	0	0	5	6
79	8	2.28210916230455	262	20	0	0	0	6	6
79	9	6.44642840255983	171	21	2	0	0	7	6
80	1	3.52550473925658	158	20	1	0	0	1	6
80	2	5.88370511308312	178	18	0	0	0	2	6
80	3	4.26132757286541	185	21	0	0	0	3	6
80	5	2.88263964559883	142	12	0	0	0	4	6
80	5	0.903727615019307	142	22	0	0	0	5	6
80	6	3.73089035926387	220	21	0	0	0	6	6
80	7	3.41787034319714	243	16	0	0	0	7	6
80	6	6.83697338285856	179	20	0	0	0	8	6
80	8	2.12289882800542	195	20	0	0	0	9	6
80	9	5.54418577440083	232	17	2	0	0	10	6
81	1	3.6529501802288	344	14	1	0	0	1	6
81	2	4.3212610387709	154	21	0	0	0	2	6
81	3	4.42451940057799	286	16	0	0	0	3	6
81	3	9.77427673409693	170	19	0	0	0	4	6
81	5	1.39337458484806	253	20	0	0	0	5	6
81	6	5.66788937454112	182	22	0	0	0	6	6
81	8	0.375210994156078	232	15	2	0	0	7	6
82	1	2.61082440987229	161	17	1	0	0	1	6
82	2	5.09394468576647	179	20	0	0	0	2	6
82	3	7.0194735173136	176	24	0	0	0	3	6
82	4	3.34754038671963	193	18	0	0	0	4	6
82	6	0.799189275829121	170	18	0	0	0	5	6
82	7	3.88949949014932	225	20	0	0	0	6	6
82	8	6.06554080662318	215	21	0	0	0	7	6
82	10	3.38287874101661	210	56	2	0	0	8	6
83	2	0.549069152912125	328	17	1	0	0	1	6
83	2	7.9692652868107	228	16	0	0	0	2	6
83	4	1.84751056693494	276	21	0	0	0	3	6
83	5	3.30750871123746	196	19	0	0	0	4	6
83	7	2.3441573549062	222	19	0	0	0	5	6
83	8	7.25952782901004	188	17	0	0	0	6	6
83	8	0.0871315507683903	249	17	0	0	0	7	6
83	8	7.42969240923412	192	25	0	0	0	8	6
83	9	12.2511813878082	282	21	0	0	0	9	6
83	9	17.837104205275	109	35	2	0	0	10	6
84	2	0.198318205075338	332	19	1	0	0	1	6
84	3	4.16773035353981	243	13	0	0	0	2	6
84	3	2.79149048472755	166	17	0	0	0	3	6
84	4	2.24595975666307	226	16	0	0	0	4	6
84	5	2.67822096170858	333	18	0	0	0	5	6
84	5	9.92099561472423	238	19	0	0	0	6	6
84	7	2.74638687679544	273	15	0	0	0	7	6
84	7	0.795890517299995	186	20	0	0	0	8	6
84	8	3.3258998862002	188	20	0	0	0	9	6
84	10	2.67731850454584	233	22	2	0	0	10	6
85	1	2.67184143653139	156	18	1	0	0	1	6
85	2	2.58664954663254	164	21	0	0	0	2	6
85	3	3.27842127229087	231	18	0	0	0	3	6
85	4	3.5206618309021	180	18	0	0	0	4	6
85	6	1.34196470677853	253	21	0	0	0	5	6
85	7	3.30642425408587	148	19	0	0	0	6	6
85	8	4.74707886623219	167	16	0	0	0	7	6
85	9	4.10268223960884	159	59	2	0	0	8	6
87	1	3.67373057152145	319	20	1	0	0	1	6
87	3	2.33074740087613	213	20	0	0	0	2	6
87	4	1.67731162207201	204	19	0	0	0	3	6
87	5	1.16990283178166	193	20	0	0	0	4	6
87	7	1.43315119785257	205	18	0	0	0	5	6
87	7	7.76295469538309	306	66	2	0	0	6	6
88	1	2.42504254844971	301	20	1	0	0	1	6
88	3	4.83766258414835	182	20	0	0	0	2	6
88	5	0.746772507205606	353	19	0	0	0	3	6
88	6	6.14616519957781	195	20	0	0	0	4	6
88	8	0.619091507745907	173	17	0	0	0	5	6
88	9	3.0585969327949	176	20	0	0	0	6	6
88	9	10.4962101618294	93	35	2	0	0	7	6
89	1	2.05825563007966	154	17	1	0	0	1	6
89	2	5.23497689049691	176	19	0	0	0	2	6
89	3	7.06929223891348	206	18	0	0	0	3	6
89	5	3.45932047511451	195	17	0	0	0	4	6
89	6	6.54825414414518	184	22	0	0	0	5	6
89	8	1.57126449700445	184	19	0	0	0	6	6
89	8	10.3184879480395	112	40	2	0	0	7	6
90	2	0.446517344098538	344	17	1	0	0	1	6
90	3	1.48243704927154	153	18	0	0	0	2	6
90	3	7.22855121549219	252	18	0	0	0	3	6
90	4	3.27394179510884	271	19	0	0	0	4	6
90	5	5.12789636431262	353	20	0	0	0	5	6
90	7	1.60415673605166	161	16	0	0	0	6	6
90	7	7.00732581294142	281	19	0	0	0	7	6
90	9	3.10587146691978	150	14	0	0	0	8	6
90	9	6.29949832055718	109	37	2	0	0	9	6
91	1	2.56244659796357	169	15	1	0	0	1	6
91	2	1.70360626582988	160	23	0	0	0	2	6
91	3	2.24001879198477	238	21	0	0	0	3	6
91	5	2.1656694712583	217	19	0	0	0	4	6
91	7	0.65126045467332	249	22	0	0	0	5	6
91	8	1.67322444380261	202	20	0	0	0	6	6
91	9	1.17854081187397	229	16	0	0	0	7	6
91	10	2.26661269017495	281	22	2	0	0	8	6
92	1	3.62242267630063	308	21	1	0	0	1	6
92	3	2.53773951902986	182	19	0	0	0	2	6
92	4	4.0032443178352	189	20	0	0	0	3	6
92	5	6.50354473711923	172	21	0	0	0	4	6
92	8	0.786270195618272	239	22	0	0	0	5	6
92	9	5.05783221521415	218	21	0	0	0	6	6
92	10	7.48415330657735	153	48	2	0	0	7	6
93	1	3.64046200155281	159	19	1	0	0	1	6
93	2	5.93283657636493	158	18	0	0	0	2	6
93	3	6.69294298323803	321	20	0	0	0	3	6
93	5	6.65814488357864	259	37	0	0	0	4	6
93	7	1.63259520265274	298	17	2	0	0	5	6
94	1	3.2175476748962	166	12	1	0	0	1	6
94	2	2.33876786148176	121	18	0	0	0	2	6
94	4	0.180913464631885	183	16	0	0	0	3	6
94	5	2.50905859074555	188	21	0	0	0	4	6
94	6	4.94293072307482	215	23	0	0	0	5	6
94	8	5.92972216033377	173	20	0	0	0	6	6
94	9	5.23670135741122	177	49	2	0	0	7	6
95	1	1.00514299143106	167	16	1	0	0	1	6
95	2	3.90796721260995	144	19	0	0	0	2	6
95	4	2.29455683217384	205	21	0	0	0	3	6
95	6	0.0959442434832454	152	17	0	0	0	4	6
95	7	0.45881815161556	166	28	2	0	0	5	6
96	1	3.76058859867044	176	13	1	0	0	1	6
96	2	1.67643568781205	156	19	0	0	0	2	6
96	3	4.43872697581537	153	18	0	0	0	3	6
96	5	0.19433568790555	327	18	0	0	0	4	6
96	6	3.85260557872243	177	17	0	0	0	5	6
96	7	4.81176388706081	210	21	0	0	0	6	6
96	5	2.38410617946647	309	16	0	0	0	7	6
96	6	3.85390667221509	161	19	0	0	0	8	6
96	8	0.720820675604045	180	15	0	0	0	9	6
96	8	6.39154232596047	167	19	0	0	0	10	6
96	10	3.84484363161027	264	23	0	0	0	11	6
96	12	4.62252532248385	124	39	2	0	0	12	6
97	1	2.6357321778778	164	16	1	0	0	1	6
97	2	4.44005308207124	186	20	0	0	0	2	6
97	3	6.77155805635266	149	19	0	0	0	3	6
97	4	6.15315841510892	168	17	0	0	0	4	6
97	6	0.924527158495039	196	18	0	0	0	5	6
97	8	1.5421225510072	223	72	0	0	0	6	6
97	9	10.8069818865042	126	15	2	0	0	7	6
98	1	3.60912121576257	315	18	1	0	0	1	6
98	2	6.37818988063373	183	16	0	0	0	2	6
98	4	1.28019171673805	297	22	0	0	0	3	6
98	5	3.25675860373303	242	20	0	0	0	4	6
98	6	3.54890978755429	254	20	0	0	0	5	6
98	7	2.07679857988842	287	23	0	0	0	6	6
98	9	5.26395608182065	164	18	0	0	0	7	6
98	10	4.83617682754993	169	48	2	0	0	8	6
99	1	3.28082375670783	321	19	1	0	0	1	6
99	3	1.29904634435661	158	18	0	0	0	2	6
99	4	3.58637627144344	168	16	0	0	0	3	6
99	3	5.03505511838011	254	19	0	0	0	4	6
99	5	1.51844464358874	196	19	0	0	0	5	6
99	6	2.77485553151928	265	17	0	0	0	6	6
99	7	0.583573855226859	144	15	0	0	0	7	6
99	8	1.42644347203895	176	15	0	0	0	8	6
99	8	6.8190212957561	162	17	0	0	0	9	6
99	8	11.6356842359528	103	55	2	0	0	10	6
100	1	2.89925378211774	173	19	1	0	0	1	6
100	2	6.35278721153736	180	20	0	0	0	2	6
100	4	0.449806401738897	245	17	0	0	0	3	6
100	5	5.94691880582832	146	22	0	0	0	4	6
100	6	7.84761768765748	222	28	0	0	0	5	6
100	8	6.2747881130781	272	22	0	0	0	6	6
100	9	8.82953719864599	221	18	0	0	0	7	6
100	10	6.93475696467794	132	34	2	0	0	8	6
101	1	3.95696159172803	167	17	1	0	0	1	6
101	2	4.07895821589045	167	19	0	0	0	2	6
101	3	5.06740186689422	197	18	0	0	0	3	6
101	5	1.6999325118959	226	25	0	0	0	4	6
101	8	0.910998908337206	159	16	0	0	0	5	6
101	6	6.17752054473385	170	22	0	0	0	6	6
101	9	3.78014097316191	201	55	2	0	0	7	6
102	2	0.11275439360179	170	12	1	0	0	1	6
102	2	2.86611940455623	176	21	0	0	0	2	6
102	3	4.25437951064669	206	16	0	0	0	3	6
102	4	2.43533929507248	173	20	0	0	0	4	6
102	5	7.09355695638806	258	19	0	0	0	5	6
102	6	5.83494129078463	235	22	0	0	0	6	6
102	8	2.84687780705281	186	17	0	0	0	7	6
102	9	3.76223354157992	177	48	2	0	0	8	6
103	1	3.24156540562399	162	13	1	0	0	1	6
103	2	1.15020848601125	159	22	0	0	0	2	6
103	3	7.23061960283667	156	19	0	0	0	3	6
103	4	7.35549804777838	273	21	0	0	0	4	6
103	6	3.35344291408546	242	22	0	0	0	5	6
103	8	4.67710846057162	181	50	2	0	0	6	6
104	2	0.44998562708497	301	17	1	0	0	1	6
104	2	7.96689941105433	176	22	0	0	0	2	6
104	4	4.92353331833147	246	22	0	0	0	3	6
104	6	2.53047599853016	293	17	0	0	0	4	6
104	7	6.5611915087793	232	15	0	0	0	5	6
104	7	1.72629331843928	133	20	0	0	0	6	6
104	8	6.48995205760002	230	20	0	0	0	7	6
104	10	3.05903013958596	165	15	0	0	0	8	6
104	10	7.71318629407324	164	56	2	0	0	9	6
105	1	2.76017041201703	160	20	1	0	0	1	6
105	3	0.81962251663208	229	19	0	0	0	2	6
105	4	1.73315262026154	172	18	0	0	0	3	6
105	6	1.43377422378398	205	17	0	0	0	4	6
105	7	2.3209019752685	306	64	2	0	0	5	6
106	1	2.61185497790575	168	17	1	0	0	1	6
106	2	6.00259098852985	213	20	0	0	0	2	6
106	3	6.7570237275213	177	18	0	0	0	3	6
106	2	6.95408844389021	164	20	0	0	0	4	6
106	4	2.68241312587634	209	19	0	0	0	5	6
106	6	0.120026546064764	282	15	2	0	0	6	6
107	1	2.59351656073704	160	13	1	0	0	1	6
107	2	1.61524811806157	156	19	0	0	0	2	6
107	3	0.557271077064797	229	16	0	0	0	3	6
107	4	1.87380232056603	235	17	0	0	0	4	6
107	5	5.3902299744077	231	20	0	0	0	5	6
107	7	1.50432683946565	223	37	0	0	0	6	6
107	10	1.81305091152899	193	15	0	0	0	7	6
107	10	7.28910827357322	143	45	2	0	0	8	6
108	1	3.80471931444481	176	14	1	0	0	1	6
108	2	2.78384352731518	153	19	0	0	0	2	6
108	3	2.61838554125279	177	20	0	0	0	3	6
108	4	1.58321584830992	167	20	0	0	0	4	6
108	4	9.07167999166995	248	18	0	0	0	5	6
108	6	2.88871611305512	201	22	0	0	0	6	6
108	8	1.20416253153235	196	22	0	0	0	7	6
108	9	9.39379227231257	237	25	0	0	0	8	6
108	9	18.8298168824986	131	34	2	0	0	9	6
109	1	2.34561585495248	185	17	1	0	0	1	6
109	2	4.42924221628346	214	37	0	0	0	2	6
109	3	5.97578024421819	241	12	0	0	0	3	6
109	4	0.183187196962535	143	17	0	0	0	4	6
109	5	0.0435625549871475	258	19	0	0	0	5	6
109	6	2.06837881356478	263	24	0	0	0	6	6
109	8	0.0337102909106761	210	17	0	0	0	7	6
109	9	0.716146272374317	266	19	0	0	0	8	6
109	9	10.0427244941238	194	47	0	0	0	9	6
109	9	14.5468831276521	92	12	2	0	0	10	6
110	1	3.99818895757198	168	12	1	0	0	1	6
110	2	1.95910173188895	151	21	0	0	0	2	6
110	3	4.70974821806885	178	18	0	0	0	3	6
110	5	0.0308226170018315	161	16	0	0	0	4	6
110	5	4.61310360347852	205	20	0	0	0	5	6
110	7	0.0443404228426516	303	22	0	0	0	6	6
110	8	3.43045419664122	199	19	0	0	0	7	6
110	10	1.38760139863007	184	17	2	0	0	8	6
111	1	3.19771611597389	168	18	1	0	0	1	6
111	2	7.95884475531057	235	23	0	0	0	2	6
111	3	5.14812365244143	203	18	0	0	0	3	6
111	5	1.67670434829779	174	16	0	0	0	4	6
111	6	1.21800782368518	211	21	0	0	0	5	6
111	7	2.48639382258989	163	17	0	0	0	6	6
111	8	4.8320189518854	202	21	0	0	0	7	6
111	10	0.382205070927739	211	39	2	0	0	8	6
112	1	3.3153895472642	341	20	1	0	0	1	6
112	3	3.49205228965729	200	16	0	0	0	2	6
112	4	3.77771876053885	238	19	0	0	0	3	6
112	6	1.81707757990807	239	19	0	0	0	4	6
112	7	2.55047261831351	254	16	0	0	0	5	6
112	8	5.88517679250799	118	20	0	0	0	6	6
112	9	5.9871898535639	222	53	2	0	0	7	6
113	2	0.996842221589759	153	14	1	0	0	1	6
113	2	3.4179061758332	151	19	0	0	0	2	6
113	4	2.90649077459238	227	22	0	0	0	3	6
113	5	5.07985070161521	227	19	0	0	0	4	6
113	4	3.606219970854	167	22	0	0	0	5	6
113	7	0.333620768273249	213	17	2	0	0	6	6
114	2	0.701939464779571	174	15	1	0	0	1	6
114	2	2.74857882759534	142	18	0	0	0	2	6
114	3	6.03018002700992	181	16	0	0	0	3	6
114	5	0.5860127909109	196	16	0	0	0	4	6
114	6	2.99071231600828	211	17	0	0	0	5	6
114	7	4.414125330979	321	20	0	0	0	6	6
114	8	6.03746799938381	241	19	0	0	0	7	6
114	10	1.53633934841491	151	17	0	0	0	8	6
114	11	4.40667602233589	165	18	0	0	0	9	6
114	11	11.373193282634	148	42	2	0	0	10	6
