1	1	3.14850213052705	160	18	1	0	0	1	12
1	3	2.26162171084434	191	14	0	0	0	2	12
1	3	7.53043862921186	219	18	0	0	0	3	12
1	4	3.72704302682541	259	18	0	0	0	4	12
1	6	0.682288566837087	360	17	0	0	0	5	12
1	7	1.09799673641101	195	24	0	0	0	6	12
1	9	3.96163836726919	254	18	0	0	0	7	12
1	10	3.17773683741689	236	16	2	0	0	8	12
2	1	2.39486751379445	163	18	1	0	0	1	12
2	3	1.15761984977871	297	17	0	0	0	2	12
2	4	0.217120171757415	172	15	0	0	0	3	12
2	4	6.21615210152231	203	17	0	0	0	4	12
2	5	2.22025897959247	210	21	0	0	0	5	12
2	7	2.19089306145906	303	15	0	0	0	6	12
2	6	1.85459636664018	134	28	0	0	0	7	12
2	9	1.13387572299689	235	19	0	0	0	8	12
2	10	0.426064465893432	173	18	2	0	0	9	12
3	1	3.34345575515181	175	17	1	0	0	1	12
3	2	5.516441490734	225	18	0	0	0	2	12
3	4	1.51123065920547	179	16	0	0	0	3	12
3	5	0.719553720904514	193	18	0	0	0	4	12
3	6	3.69661477580667	199	21	0	0	0	5	12
3	8	1.42856976645999	302	19	0	0	0	6	12
3	9	4.20484655164182	306	19	0	0	0	7	12
3	10	7.20631286711432	219	17	2	0	0	8	12
4	1	1.81041186163202	198	16	1	0	0	1	12
4	2	3.9250239750836	429	18	0	0	0	2	12
4	3	3.71276088943705	267	17	0	0	0	3	12
4	4	2.55919987615198	271	17	0	0	0	4	12
4	4	7.75105569441803	209	17	0	0	0	5	12
4	5	3.89267700980417	197	15	0	0	0	6	12
4	6	2.67229231726378	258	20	0	0	0	7	12
4	8	0.253574088681489	209	13	2	0	0	8	12
5	1	4.59621111513115	189	18	1	0	0	1	12
5	2	3.19668866461143	310	14	0	0	0	2	12
5	2	6.48153065424412	148	18	0	0	0	3	12
5	3	3.70418094214983	186	18	0	0	0	4	12
5	4	4.393300851807	199	21	0	0	0	5	12
5	5	2.93090450624004	157	15	0	0	0	6	12
5	4	9.36140558007173	226	18	0	0	0	7	12
5	6	0.930256147636101	168	15	0	0	0	8	12
5	7	1.54651569458656	216	14	0	0	0	9	12
5	7	5.14718591514975	209	54	2	0	0	10	12
6	2	6.94805677072145	156	16	1	0	0	1	12
6	2	2.15791771630757	206	18	0	0	0	2	12
6	3	5.7555949841626	240	17	0	0	0	3	12
6	4	1.53294996777549	207	15	0	0	0	4	12
6	6	0.266627960838377	199	27	0	0	0	5	12
6	7	4.34235350601375	291	18	0	0	0	6	12
6	9	1.39711958379485	185	19	2	0	0	7	12
7	2	1.08435448375531	167	16	1	0	0	1	12
7	2	5.54381845588796	151	17	0	0	0	2	12
7	4	0.337035032222047	191	19	0	0	0	3	12
7	5	5.10988056613132	237	21	0	0	0	4	12
7	7	0.198803545674309	162	12	0	0	0	5	12
7	6	4.96028546779417	168	16	0	0	0	6	12
7	7	4.95410658046603	205	20	0	0	0	7	12
7	9	1.72180364397354	271	15	0	0	0	8	12
7	10	1.82345075230114	76	59	2	0	0	9	12
8	3	0.753697090782225	147	12	1	0	0	1	12
8	2	2.68082434032112	170	17	0	0	0	2	12
8	3	4.27227232628502	249	16	0	0	0	3	12
8	4	2.99307305412367	214	16	0	0	0	4	12
8	5	3.95276038884185	333	17	0	0	0	5	12
8	4	4.41302424506284	313	18	0	0	0	6	12
8	6	0.367716999026015	194	15	0	0	0	7	12
8	7	3.79432405740954	178	20	0	0	0	8	12
8	9	0.903626745566726	260	19	0	0	0	9	12
8	9	7.16445710649714	195	19	0	0	0	10	12
8	11	1.96711426740512	257	17	0	0	0	11	12
8	11	5.30919709452428	104	49	2	0	0	12	12
9	1	3.15542057249695	195	17	1	0	0	1	12
9	2	5.3579745432362	217	16	0	0	0	2	12
9	3	3.33808909682557	179	17	0	0	0	3	12
9	4	3.72873848257586	271	18	0	0	0	4	12
9	5	1.58926266012713	238	19	0	0	0	5	12
9	6	4.73408935405314	154	14	0	0	0	6	12
9	7	1.27810482378118	295	63	2	0	0	7	12
10	1	1.62380818161182	203	16	1	0	0	1	12
10	3	0.864618544699624	164	15	0	0	0	2	12
10	2	2.45828945818357	175	15	0	0	0	3	12
10	3	3.03452245146036	229	16	0	0	0	4	12
10	2	3.82052608695813	206	19	0	0	0	5	12
10	3	4.49523831624538	277	17	0	0	0	6	12
10	4	3.89161212765612	204	21	0	0	0	7	12
10	5	2.4828078772407	205	19	0	0	0	8	12
10	6	4.18022195249796	146	19	0	0	0	9	12
10	7	3.83019921230152	199	19	0	0	0	10	12
10	9	1.18222711561248	295	22	0	0	0	11	12
10	10	1.30989073193632	211	19	2	0	0	12	12
11	1	2.62382275494747	175	16	1	0	0	1	12
11	2	4.50761758512817	245	16	0	0	0	2	12
11	2	10.6054934374988	202	15	0	0	0	3	12
11	3	2.54550351272337	213	16	0	0	0	4	12
11	4	2.49739513010718	203	14	0	0	0	5	12
11	5	3.27844462287612	194	15	0	0	0	6	12
11	6	3.99842407694086	221	20	0	0	0	7	12
11	5	1.35631931363605	194	25	0	0	0	8	12
11	7	1.66819273913279	132	15	0	0	0	9	12
11	6	2.85880799684674	215	16	0	0	0	10	12
11	7	3.79968650266528	202	23	0	0	0	11	12
11	9	2.19593036011793	246	16	2	0	0	12	12
12	2	0.246990688610822	188	17	1	0	0	1	12
12	3	0.586208652239293	173	16	0	0	0	2	12
12	4	2.53514619078487	297	20	0	0	0	3	12
12	5	5.90181733900681	288	17	0	0	0	4	12
12	7	0.0438885644543916	216	15	0	0	0	5	12
12	8	1.632216027705	154	30	2	0	0	6	12
13	1	3.21735286246985	177	18	1	0	0	1	12
13	3	1.76129079214297	186	15	0	0	0	2	12
13	3	7.3323837032076	326	19	0	0	0	3	12
13	4	5.02142044971697	151	17	0	0	0	4	12
13	5	6.63803501427174	197	18	0	0	0	5	12
13	7	5.19745926908217	200	19	0	0	0	6	12
13	8	5.32725427509286	142	53	2	0	0	7	12
14	1	6.25295485300012	315	20	1	0	0	1	12
14	2	4.08116720430553	212	18	0	0	0	2	12
14	3	0.982430399395525	202	17	0	0	0	3	12
14	4	3.37708812020719	155	25	0	0	0	4	12
14	2	5.17041569785215	354	18	0	0	0	5	12
14	3	1.34227510285564	197	15	0	0	0	6	12
14	4	3.61270710104145	270	14	0	0	0	7	12
14	5	2.42387242685072	214	15	0	0	0	8	12
14	5	6.32172464742325	278	19	0	0	0	9	12
14	6	2.48098022444174	252	20	0	0	0	10	12
14	5	3.18703207559884	202	13	0	0	0	11	12
14	5	2.42676854832098	207	23	0	0	0	12	12
14	6	2.38987416704185	179	18	0	0	0	13	12
14	8	0.24460648233071	270	17	2	0	0	14	12
16	1	2.98674375191331	164	17	1	0	0	1	12
16	2	5.60708769178018	265	22	0	0	0	2	12
16	3	5.06209509284236	164	17	0	0	0	3	12
16	4	5.88576169312	195	17	0	0	0	4	12
16	5	2.13698895531707	161	17	2	0	0	5	12
17	1	3.32276281202212	204	16	1	0	0	1	12
17	2	6.19875208172016	257	19	0	0	0	2	12
17	3	5.93807814526372	262	16	0	0	0	3	12
17	4	4.63492116471753	226	15	0	0	0	4	12
17	6	0.663252459373325	180	22	0	0	0	5	12
17	8	1.56460435106419	408	15	0	0	0	6	12
17	8	6.64385196147487	213	19	0	0	0	7	12
17	9	4.36791127128527	242	54	2	0	0	8	12
18	2	3.76377496891655	223	18	1	0	0	1	12
18	3	5.41187437670305	363	22	0	0	0	2	12
18	5	2.28799437382258	195	20	0	0	0	3	12
18	6	3.19531759782694	392	18	0	0	0	4	12
18	7	6.72287414968014	216	18	0	0	0	5	12
18	9	1.97882809326984	275	15	0	0	0	6	12
18	10	1.37109679309651	329	35	2	0	0	7	12
19	1	3.56506046187133	181	14	1	0	0	1	12
19	2	3.55918666301295	332	17	0	0	0	2	12
19	1	3.52574087143876	282	17	0	0	0	3	12
19	2	4.66241927142255	205	20	0	0	0	4	12
19	3	3.88908012863249	341	19	0	0	0	5	12
19	4	0.761281712446362	280	18	0	0	0	6	12
19	5	0.489601684035733	274	17	0	0	0	7	12
19	6	0.4021038019564	254	17	0	0	0	8	12
19	7	1.55003865342587	187	17	0	0	0	9	12
19	8	4.31489600031637	207	19	0	0	0	10	12
19	10	2.34785100724548	364	20	0	0	0	11	12
19	11	5.80335710640065	307	56	2	0	0	12	12
20	1	3.14900740096346	166	19	1	0	0	1	12
20	2	7.09754423797131	322	22	0	0	0	2	12
20	3	4.12349538621493	171	19	0	0	0	3	12
20	4	6.53931039432064	195	18	0	0	0	4	12
20	6	0.190223971381783	211	16	0	0	0	5	12
20	7	1.34045111923479	238	16	0	0	0	6	12
20	6	3.06236297613941	145	19	0	0	0	7	12
20	4	8.68869942985475	284	17	0	0	0	8	12
20	6	1.9705357037019	179	22	0	0	0	9	12
20	8	1.17611511121504	290	15	0	0	0	10	12
20	8	5.62109982618131	191	79	2	0	0	11	12
21	1	3.14056784100831	235	18	1	0	0	1	12
21	2	6.69046585657634	245	22	0	0	0	2	12
21	3	4.75179533008486	436	20	0	0	0	3	12
21	4	1.67767151282169	233	16	0	0	0	4	12
21	5	4.93721845233813	197	19	0	0	0	5	12
21	7	0.0522774322889745	378	23	0	0	0	6	12
21	9	1.58489196468145	332	12	0	0	0	7	12
21	9	3.12835434172302	365	15	0	0	0	8	12
21	9	0.313477203948423	252	15	0	0	0	9	12
21	9	4.93598140659742	169	18	0	0	0	10	12
21	10	4.85567257623188	183	49	2	0	0	11	12
22	2	0.572123179445043	321	17	1	0	0	1	12
22	3	2.79709754837677	226	25	0	0	0	2	12
22	4	3.22472775913775	185	20	0	0	0	3	12
22	3	3.43658244982362	244	21	0	0	0	4	12
22	5	2.60972897824831	278	21	0	0	0	5	12
22	6	1.1162261175923	266	16	0	0	0	6	12
22	7	0.35758789209649	200	27	2	0	0	7	12
23	1	3.93699222686701	236	16	1	0	0	1	12
23	3	2.69341411045752	234	18	0	0	0	2	12
23	4	5.27946248790249	296	22	0	0	0	3	12
23	6	0.253999214619398	190	16	2	0	0	4	12
24	2	0.854555871337652	76	17	1	0	0	1	12
24	3	1.09132274845615	270	17	0	0	0	2	12
24	3	6.54715873720124	249	16	0	0	0	3	12
24	5	0.111727444920689	404	16	0	0	0	4	12
24	5	5.50567329488695	268	16	0	0	0	5	12
24	6	5.06750935106538	232	20	0	0	0	6	12
24	8	1.9913609533105	315	19	0	0	0	7	12
24	9	3.97328134044074	292	18	0	0	0	8	12
24	10	3.65314702596515	357	16	0	0	0	9	12
24	10	7.48843772336841	358	50	2	0	0	10	12
25	2	2.66338571743108	319	18	1	0	0	1	12
25	3	3.84167060791515	259	19	0	0	0	2	12
25	4	5.73595115309581	246	20	0	0	0	3	12
25	3	4.84889625338838	183	18	0	0	0	4	12
25	4	5.15999375726096	202	28	0	0	0	5	12
25	6	0.311566423857585	242	31	2	0	0	6	12
26	2	5.90016135619953	387	15	1	0	0	1	12
26	2	0.0136991511099041	185	20	0	0	0	2	12
26	3	1.56980528519489	239	16	0	0	0	3	12
26	4	1.95944370375946	225	15	0	0	0	4	12
26	5	1.39491337398067	268	18	0	0	0	5	12
26	6	3.90465711429715	183	16	0	0	0	6	12
26	7	1.58290907158516	236	15	2	0	0	7	12
27	1	2.90600222116336	181	18	1	0	0	1	12
27	2	5.01270867348649	254	18	0	0	0	2	12
27	3	2.49883468542248	245	18	0	0	0	3	12
27	4	4.16005560522899	196	16	0	0	0	4	12
27	4	10.9715464885812	211	16	0	0	0	5	12
27	6	0.985405666055158	200	16	0	0	0	6	12
27	6	4.96840532356873	229	20	0	0	0	7	12
27	7	4.80146694136783	283	14	0	0	0	8	12
27	7	8.53063655761071	284	63	2	0	0	9	12
28	2	2.75381511356682	329	12	1	0	0	1	12
28	2	5.84789234143682	193	18	0	0	0	2	12
28	1	3.59930280293338	190	20	0	0	0	3	12
28	3	1.25791083439253	211	16	0	0	0	4	12
28	4	3.32532109296881	283	14	0	0	0	5	12
28	5	0.65689026680775	144	16	0	0	0	6	12
28	6	1.52642903989181	209	17	0	0	0	7	12
28	7	5.19021417107433	246	20	0	0	0	8	12
28	9	0.744787825271487	177	24	0	0	0	9	12
28	10	8.51925022550859	230	20	0	0	0	10	12
28	10	15.1769054112956	190	42	2	0	0	11	12
29	2	3.17317749909125	303	20	1	0	0	1	12
29	3	4.45985761727206	204	17	0	0	0	2	12
29	5	2.48563170689158	239	19	0	0	0	3	12
29	6	3.22819969826378	205	19	0	0	0	4	12
29	7	6.4788980325684	223	18	0	0	0	5	12
29	7	12.4827202009037	230	14	0	0	0	6	12
29	8	3.59933078335598	81	57	2	0	0	7	12
30	1	2.16187748732045	184	17	1	0	0	1	12
30	2	6.21887409989722	177	18	0	0	0	2	12
30	4	1.20759727247059	238	19	0	0	0	3	12
30	5	3.32952750986442	182	29	0	0	0	4	12
30	2	4.24109472241253	281	17	0	0	0	5	12
30	3	3.29026779113337	199	16	0	0	0	6	12
30	4	4.87156568234786	173	21	0	0	0	7	12
30	7	0.883988567860797	261	52	0	0	0	8	12
30	7	8.4687656678725	382	37	2	0	0	9	12
31	1	1.71072391257621	215	16	1	0	0	1	12
31	3	1.76581406011246	210	13	0	0	0	2	12
31	3	4.41286752698943	257	17	0	0	0	3	12
31	4	4.074198840186	293	18	0	0	0	4	12
31	5	4.58241934888065	183	18	0	0	0	5	12
31	7	2.58074476197362	238	18	0	0	0	6	12
31	8	3.91925865248777	314	20	0	0	0	7	12
31	9	3.40781169873662	206	25	2	0	0	8	12
33	1	4.82056768028997	185	17	1	0	0	1	12
33	3	1.64454144961201	305	19	0	0	0	2	12
33	4	4.48878465010785	250	16	0	0	0	3	12
33	5	3.04757926636375	228	19	0	0	0	4	12
33	6	8.45963402884081	435	21	0	0	0	5	12
33	7	7.2192567717284	304	14	0	0	0	6	12
33	7	11.7652930330951	227	49	2	0	0	7	12
34	1	1.04322397755459	187	18	1	0	0	1	12
34	2	4.44309268705547	237	16	0	0	0	2	12
34	3	3.02065766020678	179	16	0	0	0	3	12
34	4	3.29272077418864	226	16	0	0	0	4	12
34	5	3.27128043351695	173	19	0	0	0	5	12
34	7	1.00111398287117	216	15	0	0	0	6	12
34	7	6.35526783997193	187	21	0	0	0	7	12
34	8	6.29560725181364	333	51	2	0	0	8	12
35	1	3.79291616030969	185	18	1	0	0	1	12
35	2	6.55426287325099	280	20	0	0	0	2	12
35	4	1.6298528118059	188	16	0	0	0	3	12
35	4	5.01533167879097	360	23	0	0	0	4	12
35	4	11.1916363928467	376	17	0	0	0	5	12
35	6	1.00002751685679	267	16	2	0	0	6	12
36	1	2.57631104928441	161	15	1	0	0	1	12
36	2	5.257411187049	243	16	0	0	0	2	12
36	3	4.21324492665008	237	15	0	0	0	3	12
36	4	2.74627431039698	166	18	0	0	0	4	12
36	5	4.58233663323335	303	19	0	0	0	5	12
36	6	2.45007490343414	294	17	0	0	0	6	12
36	7	2.80695938155986	229	18	0	0	0	7	12
36	8	1.85182101954706	331	34	2	0	0	8	12
37	1	3.97400768985972	176	16	1	0	0	1	12
37	3	0.481168292462826	214	16	0	0	0	2	12
37	4	0.809100703103468	166	16	0	0	0	3	12
37	4	4.78266789275222	271	27	0	0	0	4	12
37	3	2.76173184346408	213	17	0	0	0	5	12
37	4	3.94905818067491	239	18	0	0	0	6	12
37	5	3.98128265887499	169	17	0	0	0	7	12
37	6	4.1240855557844	207	16	0	0	0	8	12
37	7	3.98551849694923	237	16	0	0	0	9	12
37	8	3.54873079061508	446	64	2	0	0	10	12
38	1	2.9080192160327	168	16	1	0	0	1	12
38	2	5.8946330959443	178	16	0	0	0	2	12
38	3	4.82000246504322	256	19	0	0	0	3	12
38	4	1.64365159906447	220	19	0	0	0	4	12
38	5	5.66304979845881	200	17	0	0	0	5	12
38	7	0.757897126488388	158	19	0	0	0	6	12
38	9	1.27646751026623	223	18	2	0	0	7	12
39	1	2.91892975289375	168	18	1	0	0	1	12
39	2	4.24907718179747	385	19	0	0	0	2	12
39	2	9.34735463396646	363	19	0	0	0	3	12
39	3	3.13516541267745	251	15	0	0	0	4	12
39	4	2.12746599898674	213	18	0	0	0	5	12
39	5	4.83567835693248	274	19	0	0	0	6	12
39	6	3.20234980829991	256	14	0	0	0	7	12
39	7	3.75588581268676	217	19	0	0	0	8	12
39	9	0.00857203756459057	279	33	2	0	0	9	12
40	1	3.92023501382209	185	19	1	0	0	1	12
40	3	1.97042355546728	332	19	0	0	0	2	12
40	4	4.6106333094649	194	19	0	0	0	3	12
40	6	2.5555912849959	208	20	0	0	0	4	12
40	8	1.21719704032876	202	19	0	0	0	5	12
40	9	4.28931385488249	261	17	0	0	0	6	12
40	9	0.653270142152905	175	20	0	0	0	7	12
40	10	3.62482443195768	294	19	0	0	0	8	12
40	11	5.56690873322077	197	52	2	0	0	9	12
41	2	3.9343704811763	176	12	1	0	0	1	12
41	2	1.43844205816276	143	17	0	0	0	2	12
41	2	6.65494683710858	225	16	0	0	0	3	12
41	2	12.5311741756741	217	19	0	0	0	4	12
41	3	4.75645995535888	223	19	0	0	0	5	12
41	4	4.29971101903357	211	18	0	0	0	6	12
41	6	1.94317820365541	211	21	0	0	0	7	12
41	6	7.41777603025548	349	15	0	0	0	8	12
41	7	5.53516769618727	276	17	0	0	0	9	12
41	8	3.85997497360222	470	37	2	0	0	10	12
42	2	0.833635959541425	191	16	1	0	0	1	12
42	3	2.78028244967572	485	20	0	0	0	2	12
42	4	5.37279349914752	197	15	0	0	0	3	12
42	3	5.29086714773439	270	25	0	0	0	4	12
42	5	2.85131112323143	202	17	0	0	0	5	12
42	7	1.57708547194488	167	16	0	0	0	6	12
42	8	0.0809927482623607	174	15	0	0	0	7	12
42	8	5.53772729891352	232	22	0	0	0	8	12
42	9	5.62796837207861	177	15	0	0	0	9	12
42	9	0.922980036120862	286	21	0	0	0	10	12
42	9	8.66866195038892	182	66	2	0	0	11	12
43	2	3.44303240417503	382	19	1	0	0	1	12
43	3	3.48905972950161	284	20	0	0	0	2	12
43	2	2.12460473412648	179	17	0	0	0	3	12
43	1	2.31554785720073	145	21	0	0	0	4	12
43	4	5.96923437807709	260	16	0	0	0	5	12
43	5	3.15509914210998	413	24	0	0	0	6	12
43	8	1.485866909381	179	15	2	0	0	7	12
44	1	2.95057312073186	160	17	1	0	0	1	12
44	2	5.65113659319468	270	16	0	0	0	2	12
44	3	4.73616562713869	200	15	0	0	0	3	12
44	4	3.86636247835122	331	17	0	0	0	4	12
44	3	5.11282313684933	167	21	0	0	0	5	12
44	2	3.09902452374808	247	22	0	0	0	6	12
44	4	4.62947672326118	177	18	0	0	0	7	12
44	6	0.849034528248012	207	21	0	0	0	8	12
44	6	9.18897899845615	251	20	0	0	0	9	12
44	7	6.34173049684614	220	18	0	0	0	10	12
44	9	0.799814530881122	221	15	0	0	0	11	12
44	9	4.55755944224074	188	65	2	0	0	12	12
45	1	6.04031526017934	234	18	1	0	0	1	12
45	2	2.23654027446173	220	18	0	0	0	2	12
45	3	0.290816215099767	189	13	0	0	0	3	12
45	2	5.58125092415139	205	16	0	0	0	4	12
45	3	2.39130364218727	238	16	0	0	0	5	12
45	5	2.18409040011466	286	13	0	0	0	6	12
45	5	5.11875241622329	269	19	0	0	0	7	12
45	6	4.0179161534179	399	17	0	0	0	8	12
45	7	3.02766202343628	271	14	0	0	0	9	12
45	7	6.35173722333275	166	60	2	0	0	10	12
46	1	3.06503199320287	158	16	1	0	0	1	12
46	2	3.96224293857813	182	17	0	0	0	2	12
46	3	5.50602490757592	254	18	0	0	0	3	12
46	4	5.95608738507144	238	16	0	0	0	4	12
46	5	4.78394615277648	247	18	0	0	0	5	12
46	6	4.41302406904288	175	19	0	0	0	6	12
46	5	6.1756497467868	177	16	0	0	0	7	12
46	7	0.805446220794693	157	22	0	0	0	8	12
46	8	4.66911461064592	273	14	0	0	0	9	12
46	8	8.05077857174911	169	51	2	0	0	10	12
47	1	3.24958145688288	160	18	1	0	0	1	12
47	2	5.25459241494536	302	18	0	0	0	2	12
47	3	3.04653878789395	247	18	0	0	0	3	12
47	4	3.76569320610724	232	22	0	0	0	4	12
47	6	3.52773485821672	258	18	0	0	0	5	12
47	6	8.62547457963228	194	18	0	0	0	6	12
47	8	1.10571629926562	236	16	2	0	0	7	12
48	2	4.12852364149876	297	18	1	0	0	1	12
48	3	6.30821163184009	203	18	0	0	0	2	12
48	5	0.339428378269076	152	17	0	0	0	3	12
48	5	7.53970611980185	190	21	0	0	0	4	12
48	8	1.32604988641106	127	14	2	0	0	5	12
49	2	1.31687632272951	184	13	1	0	0	1	12
49	2	0.153088201070204	234	15	0	0	0	2	12
49	2	6.39787185075693	254	20	0	0	0	3	12
49	4	4.52542282408103	279	15	0	0	0	4	12
49	4	9.45363013935275	217	24	0	0	0	5	12
49	3	4.66755556105636	608	25	0	0	0	6	12
49	4	9.35269782273099	165	19	0	0	0	7	12
49	5	6.26331903901882	243	17	0	0	0	8	12
49	6	3.88825145666488	196	26	0	0	0	9	12
49	8	8.92897397093475	139	33	2	0	0	10	12
50	1	1.16389363212511	155	18	1	0	0	1	12
50	2	4.82269910513423	464	18	0	0	0	2	12
50	3	2.01588582969271	247	17	0	0	0	3	12
50	4	2.13925588130951	258	16	0	0	0	4	12
50	6	1.06207432062365	213	16	0	0	0	5	12
50	7	3.27781411539763	232	22	0	0	0	6	12
50	8	2.65145932417363	241	17	0	0	0	7	12
50	9	4.89668954885565	240	18	2	0	0	8	12
51	1	2.87114447145723	176	18	1	0	0	1	12
51	2	5.78716902807355	150	18	0	0	0	2	12
51	3	4.74324668152258	253	20	0	0	0	3	12
51	4	2.83495442289859	248	18	0	0	0	4	12
51	5	5.40533429919742	87	17	0	0	0	5	12
51	7	1.65457006101497	133	12	0	0	0	6	12
51	6	3.3480461994186	135	17	0	0	0	7	12
51	8	1.06348377768882	177	17	0	0	0	8	12
51	8	8.93332091346383	275	20	0	0	0	9	12
51	9	6.88833927805535	313	15	0	0	0	10	12
51	10	2.01446869573556	39	21	2	0	0	11	12
52	1	2.06104111298919	151	16	1	0	0	1	12
52	2	4.59405745239928	300	22	0	0	0	2	12
52	3	2.13671235600486	232	19	0	0	0	3	12
52	4	4.32808645139448	438	17	0	0	0	4	12
52	5	4.82354566222057	197	34	2	0	0	5	12
53	2	2.169716674136	358	20	1	0	0	1	12
53	3	4.70146949356422	263	21	0	0	0	2	12
53	5	1.15054872585461	199	17	0	0	0	3	12
53	5	7.75545023032464	286	15	0	0	0	4	12
53	5	3.02684174780734	145	15	0	0	0	5	12
53	4	3.55838199076243	115	26	0	0	0	6	12
53	7	0.228861077455804	184	20	0	0	0	7	12
53	9	0.513407088350505	237	62	2	0	0	8	12
54	2	0.998085009632632	201	17	1	0	0	1	12
54	3	2.52016852027737	256	18	0	0	0	2	12
54	4	3.22985822288319	226	17	0	0	0	3	12
54	6	1.6834727851674	243	21	0	0	0	4	12
54	7	3.05600640247576	198	23	2	0	0	5	12
55	1	2.13288706867024	166	18	1	0	0	1	12
55	2	4.58961045509204	238	18	0	0	0	2	12
55	3	4.20159045862965	288	17	0	0	0	3	12
55	4	3.2735783229582	211	17	0	0	0	4	12
55	5	3.36340460926294	266	26	0	0	0	5	12
55	7	3.89583250577562	215	17	0	0	0	6	12
55	8	5.86208919412456	302	17	0	0	0	7	12
55	10	0.188938738312572	173	54	2	0	0	8	12
56	1	3.95110849384218	184	17	1	0	0	1	12
56	2	5.55030567385256	178	16	0	0	0	2	12
56	4	0.943993136519566	335	17	0	0	0	3	12
56	5	0.0635366179049015	221	21	0	0	0	4	12
56	6	4.16547418548726	180	20	2	0	0	5	12
57	1	2.28027118579485	35	13	1	0	0	1	12
57	2	2.16810765583068	244	22	0	0	0	2	12
57	3	4.69467703346163	332	17	0	0	0	3	12
57	4	3.19407100533135	224	19	0	0	0	4	12
57	6	3.94764638715424	214	13	0	0	0	5	12
57	6	1.74832511879504	168	20	0	0	0	6	12
57	7	6.18686094949953	283	12	2	0	0	7	12
58	2	1.17080295365304	192	12	1	0	0	1	12
58	1	5.05194329214282	145	18	0	0	0	2	12
58	3	1.10846008360386	170	18	0	0	0	3	12
58	4	4.20137381623499	234	16	0	0	0	4	12
58	6	0.968001045752317	342	17	0	0	0	5	12
58	7	2.90595335001126	263	20	0	0	0	6	12
58	9	3.81311702658422	241	19	0	0	0	7	12
58	10	4.59313901886344	223	55	2	0	0	8	12
59	1	2.60157707100734	43	17	1	0	0	1	12
59	2	5.57981648412533	247	16	0	0	0	2	12
59	3	4.44099045242183	205	23	0	0	0	3	12
59	5	1.90237058699131	380	20	0	0	0	4	12
59	6	4.5837624873966	252	19	0	0	0	5	12
59	8	0.678865105146542	240	19	0	0	0	6	12
59	9	2.7676727080252	210	35	2	0	0	7	12
60	1	1.27410671766847	200	17	1	0	0	1	12
60	2	5.5474127207417	195	19	0	0	0	2	12
60	4	3.54734246176668	249	15	0	0	0	3	12
60	5	3.93072416074574	201	16	0	0	0	4	12
60	6	3.83447972498834	184	14	0	0	0	5	12
60	7	4.22198877763003	212	21	0	0	0	6	12
60	5	3.79846892040223	172	25	0	0	0	7	12
60	8	3.05761693581007	225	18	2	0	0	8	12
62	1	3.08447573031299	194	18	1	0	0	1	12
62	2	5.61588769033551	313	14	0	0	0	2	12
62	3	3.75871320581064	268	20	0	0	0	3	12
62	4	5.21740425634198	234	18	0	0	0	4	12
62	6	1.02226810017601	208	15	0	0	0	5	12
62	6	6.51997967995703	288	23	0	0	0	6	12
62	8	1.06906267930754	165	19	0	0	0	7	12
62	8	7.95081491325982	344	16	0	0	0	8	12
62	8	12.8408784803469	138	53	2	0	0	9	12
63	1	3.59383946890011	197	19	1	0	0	1	12
63	2	6.08899406366982	282	17	0	0	0	2	12
63	3	3.50309557956643	293	17	0	0	0	3	12
63	4	2.86709760827944	226	19	0	0	0	4	12
63	5	2.17737403442152	222	19	0	0	0	5	12
63	7	1.04360910062678	174	14	0	0	0	6	12
63	6	1.38086302112788	164	17	0	0	0	7	12
63	7	3.31961542321369	201	22	0	0	0	8	12
63	9	1.39178280369379	224	16	0	0	0	9	12
63	9	6.1023661820218	177	52	2	0	0	10	12
64	1	2.97457162383944	185	16	1	0	0	1	12
64	2	4.19916028506123	256	17	0	0	0	2	12
64	3	3.17655929736793	233	17	0	0	0	3	12
64	4	2.62121138093062	232	16	0	0	0	4	12
64	5	2.85108070261776	214	18	0	0	0	5	12
64	6	3.50132933747955	175	16	0	0	0	6	12
64	7	3.20744027174078	208	19	0	0	0	7	12
64	8	5.97901353542693	322	21	0	0	0	8	12
64	9	5.61861509340815	206	31	2	0	0	9	12
65	1	3.84708707523532	184	17	1	0	0	1	12
65	3	0.851944560185075	185	16	0	0	0	2	12
65	3	4.79922480648383	235	21	0	0	0	3	12
65	4	2.44219640805386	278	20	0	0	0	4	12
65	5	3.06147867394611	190	19	0	0	0	5	12
65	7	0.950872396118939	242	20	0	0	0	6	12
65	8	2.37848533852957	218	21	0	0	0	7	12
65	10	3.8121138534043	242	21	0	0	0	8	12
65	11	3.99800530774519	480	61	2	0	0	9	12
66	2	3.96448795543984	188	12	1	0	0	1	12
66	3	2.65262548485771	165	22	0	0	0	2	12
66	4	5.23898471030407	245	19	0	0	0	3	12
66	6	0.190454732161015	254	19	0	0	0	4	12
66	4	5.6732063931413	169	19	0	0	0	5	12
66	6	1.97277093213052	227	19	0	0	0	6	12
66	7	1.09865579754114	183	17	0	0	0	7	12
66	6	4.35326829249971	217	28	0	0	0	8	12
66	9	1.03452047077008	322	23	0	0	0	9	12
66	10	4.1571237531025	293	19	2	0	0	10	12
67	1	2.25226228754036	185	16	1	0	0	1	12
67	2	5.07355174957775	162	17	0	0	0	2	12
67	3	5.87963600968942	160	18	0	0	0	3	12
67	4	6.77556323469616	217	20	0	0	0	4	12
67	5	2.45692767458968	216	18	0	0	0	5	12
67	6	5.91404166072607	188	18	0	0	0	6	12
67	7	5.15674242679961	224	83	2	0	0	7	12
68	1	2.25831916974857	37	14	1	0	0	1	12
68	2	3.97904334589839	242	13	0	0	0	2	12
68	2	1.93853223905899	201	18	0	0	0	3	12
68	3	2.1873870419804	211	17	0	0	0	4	12
68	4	3.75976287294179	243	17	0	0	0	5	12
68	6	2.59664981556125	249	17	0	0	0	6	12
68	7	1.68531403178349	189	17	0	0	0	7	12
68	7	10.1342969124671	223	21	0	0	0	8	12
68	8	2.59337362251244	176	58	2	0	0	9	12
69	2	1.55351114692166	410	15	1	0	0	1	12
69	2	3.70337193412706	294	14	0	0	0	2	12
69	2	5.8277643751353	328	20	0	0	0	3	12
69	3	3.52062176726758	315	20	0	0	0	4	12
69	3	7.44493797677569	201	16	0	0	0	5	12
69	4	5.86865925230086	250	15	0	0	0	6	12
69	5	1.60321401315741	225	23	0	0	0	7	12
69	6	1.2889111272525	349	17	0	0	0	8	12
69	7	2.12013600044884	155	27	2	0	0	9	12
70	2	1.38941805134527	167	14	1	0	0	1	12
70	1	6.01107457699254	193	17	0	0	0	2	12
70	3	2.80232132575475	165	17	0	0	0	3	12
70	3	6.22971640899777	153	16	0	0	0	4	12
70	5	0.745414198609069	219	15	0	0	0	5	12
70	5	4.41243406780995	260	14	0	0	0	6	12
70	5	0.964118988020346	208	27	0	0	0	7	12
70	6	4.45169901102781	267	19	0	0	0	8	12
70	8	0.620103592984378	182	17	0	0	0	9	12
70	9	3.69218289712444	254	18	0	0	0	10	12
70	10	3.29607591289096	154	16	2	0	0	11	12
71	1	4.65722518181428	204	17	1	0	0	1	12
71	2	5.4954796670936	242	17	0	0	0	2	12
71	3	5.62316063884646	302	20	0	0	0	3	12
71	4	4.48837327817455	256	16	0	0	0	4	12
71	5	2.17250756290741	196	18	0	0	0	5	12
71	6	4.92746043740772	232	18	0	0	0	6	12
71	8	2.72829863103107	213	16	0	0	0	7	12
71	10	0.468730189837515	199	18	0	0	0	8	12
71	11	2.90328998933546	169	19	2	0	0	9	12
73	1	3.7620469504036	165	17	1	0	0	1	12
73	2	6.02619558991864	192	16	0	0	0	2	12
73	3	4.13774595037103	172	19	0	0	0	3	12
73	5	2.48415685468353	237	17	0	0	0	4	12
73	5	8.41468331799842	189	36	0	0	0	5	12
73	8	3.78552621765994	404	22	0	0	0	6	12
73	9	5.03505820222199	248	20	0	0	0	7	12
73	10	6.86856097308919	370	16	0	0	0	8	12
73	10	10.6847250508144	194	16	0	0	0	9	12
73	10	14.6350687332451	182	44	2	0	0	10	12
75	1	3.32991046691313	178	16	1	0	0	1	12
75	2	5.17446064017713	176	18	0	0	0	2	12
75	3	5.24975139368325	338	20	0	0	0	3	12
75	4	4.48082384094596	213	19	0	0	0	4	12
75	5	5.13968522590585	267	21	0	0	0	5	12
75	4	4.93635212769732	174	34	0	0	0	6	12
75	8	1.1310395556502	229	15	2	0	0	7	12
76	1	2.26998864091001	182	19	1	0	0	1	12
76	2	6.07714501791634	211	15	0	0	0	2	12
76	4	1.9260146652814	361	18	0	0	0	3	12
76	5	3.0410184408538	208	17	0	0	0	4	12
76	6	4.60134547646157	239	26	0	0	0	5	12
76	7	1.6196131457109	318	20	0	0	0	6	12
76	8	1.5062784506008	218	14	0	0	0	7	12
76	9	1.85932197025977	184	17	0	0	0	8	12
76	10	2.91004478046671	322	51	2	0	0	9	12
77	2	3.53219425072894	381	17	1	0	0	1	12
77	2	7.9676435883157	164	16	0	0	0	2	12
77	3	5.47277821809985	296	16	0	0	0	3	12
77	4	6.45776875899173	209	19	0	0	0	4	12
77	6	1.72140546143055	213	19	0	0	0	5	12
77	7	6.49302827077918	346	64	2	0	0	6	12
78	1	3.22917594085447	164	16	1	0	0	1	12
78	2	5.70636224444024	227	18	0	0	0	2	12
78	3	5.31091204937547	257	17	0	0	0	3	12
78	4	3.25367884105071	285	16	0	0	0	4	12
78	5	2.44565497036092	228	16	0	0	0	5	12
78	6	4.60996869602241	165	17	0	0	0	6	12
78	8	0.0856614767108113	176	20	0	0	0	7	12
78	6	1.27106401440687	166	29	0	0	0	8	12
78	8	6.16690868791193	231	21	0	0	0	9	12
78	10	5.96997474925593	460	51	2	0	0	10	12
79	1	2.4242811340373	166	17	1	0	0	1	12
79	2	3.92839749041013	154	19	0	0	0	2	12
79	3	5.20006312988698	182	16	0	0	0	3	12
79	4	3.67748020077124	293	21	0	0	0	4	12
79	6	2.81955878855661	244	16	0	0	0	5	12
79	8	0.907043521292508	214	15	0	0	0	6	12
79	8	4.16614213190041	232	21	0	0	0	7	12
79	9	7.96946814050898	270	17	0	0	0	8	12
79	10	5.23969441000372	183	67	2	0	0	9	12
80	2	1.31454162020236	185	14	1	0	0	1	12
80	2	6.81832924904302	265	16	0	0	0	2	12
80	3	2.40395894832909	248	17	0	0	0	3	12
80	4	2.98276447178796	233	18	0	0	0	4	12
80	5	4.79808643134311	169	19	0	0	0	5	12
80	6	4.02270996384323	221	19	0	0	0	6	12
80	8	1.68045182619244	269	16	0	0	0	7	12
80	8	6.99751049489714	190	20	0	0	0	8	12
80	9	4.68505067727529	198	29	2	0	0	9	12
81	1	2.86023917421699	165	15	1	0	0	1	12
81	2	3.76937262224965	250	20	0	0	0	2	12
81	3	5.57549887336791	462	18	0	0	0	3	12
81	4	2.12731079314835	240	17	0	0	0	4	12
81	5	3.92986113810912	226	16	0	0	0	5	12
81	6	3.76601635478437	211	21	0	0	0	6	12
81	7	6.35257093817927	145	26	2	0	0	7	12
82	2	0.708560528466478	187	16	1	0	0	1	12
82	2	5.51431111013517	270	26	0	0	0	2	12
82	3	4.22278029681183	255	20	0	0	0	3	12
82	3	12.6369385544676	164	17	0	0	0	4	12
82	4	4.90973099600524	194	19	0	0	0	5	12
82	6	3.47147138486616	262	18	0	0	0	6	12
82	7	5.98859354364686	195	15	0	0	0	7	12
82	8	1.99677438801154	236	22	0	0	0	8	12
82	9	3.24056574353017	326	17	0	0	0	9	12
82	10	2.52013223455288	282	17	0	0	0	10	12
82	10	8.04121232498437	484	38	2	0	0	11	12
84	1	3.64759383909404	38	16	1	0	0	1	12
84	2	2.37586443359032	313	15	0	0	0	2	12
84	3	2.70135102374479	253	16	0	0	0	3	12
84	4	0.944766842760146	177	16	0	0	0	4	12
84	3	2.46821457333863	272	17	0	0	0	5	12
84	4	1.34725260455161	330	18	0	0	0	6	12
84	5	1.63676282553934	246	16	0	0	0	7	12
84	5	7.98668928677216	242	15	0	0	0	8	12
84	6	2.30184930376709	199	15	0	0	0	9	12
84	7	2.55673411139287	226	18	0	0	0	10	12
84	8	2.108374242438	296	16	0	0	0	11	12
84	7	3.44232087163255	327	23	0	0	0	12	12
84	9	1.63138126255944	143	15	2	0	0	13	12
85	1	2.44373535038903	48	16	1	0	0	1	12
85	2	3.81641061720438	273	15	0	0	0	2	12
85	2	6.19122054986656	227	14	0	0	0	3	12
85	3	3.76866373931989	195	17	0	0	0	4	12
85	4	2.08160807890818	213	17	0	0	0	5	12
85	6	2.05481112422422	274	22	0	0	0	6	12
85	7	2.96687526977621	196	20	0	0	0	7	12
85	8	3.73778825509362	158	22	2	0	0	8	12
86	1	3.15793528687209	69	18	1	0	0	1	12
86	2	4.07703953702003	233	20	0	0	0	2	12
86	3	5.11397950723767	275	19	0	0	0	3	12
86	4	5.43144551245496	412	24	0	0	0	4	12
86	5	2.45205382490531	222	18	0	0	0	5	12
86	6	5.76997557142749	209	25	0	0	0	6	12
86	8	0.366466590203345	205	16	0	0	0	7	12
86	8	5.5080967603717	273	16	0	0	0	8	12
86	9	3.22950382786803	223	16	2	0	0	9	12
87	1	3.42174031771719	168	17	1	0	0	1	12
87	2	6.72618006472476	305	19	0	0	0	2	12
87	3	5.32424177974463	368	18	0	0	0	3	12
87	4	5.254969492089	211	20	0	0	0	4	12
87	6	2.97399611119181	191	14	2	0	0	5	12
88	2	4.69102628249675	143	12	1	0	0	1	12
88	2	2.6628838214092	183	22	0	0	0	2	12
88	3	5.15418701642193	228	18	0	0	0	3	12
88	4	0.128286737948656	198	17	0	0	0	4	12
88	5	2.91869396646507	227	20	0	0	0	5	12
88	6	3.14554163417779	273	21	0	0	0	6	12
88	7	5.96092497860081	251	21	0	0	0	7	12
88	9	2.02926603052765	204	18	0	0	0	8	12
88	9	8.6087185475044	263	65	2	0	0	9	12
89	1	3.49755737814121	194	16	1	0	0	1	12
89	2	6.62607849482447	211	16	0	0	0	2	12
89	3	5.4237678735517	220	19	0	0	0	3	12
89	4	4.48279436049052	249	19	0	0	0	4	12
89	6	3.39992684475146	216	17	0	0	0	5	12
89	6	8.98369839624502	260	23	0	0	0	6	12
89	7	4.86476718634367	216	18	0	0	0	7	12
89	8	6.41915158857591	281	13	0	0	0	8	12
89	8	9.86610916606151	258	46	2	0	0	9	12
90	2	2.1831420250237	385	20	1	0	0	1	12
90	3	5.17098644375801	214	17	0	0	0	2	12
90	3	11.3317701558117	211	16	0	0	0	3	12
90	5	1.55704510002397	281	19	0	0	0	4	12
90	6	2.28482127212919	269	18	0	0	0	5	12
90	5	4.39721704716794	211	17	0	0	0	6	12
90	5	0.866190384374931	161	19	0	0	0	7	12
90	6	5.24909414886497	249	19	0	0	0	8	12
90	7	5.73059208714403	336	18	0	0	0	9	12
90	9	2.35930248000659	250	14	0	0	0	10	12
90	9	6.95986723923124	162	49	2	0	0	11	12
91	1	3.53995552100241	36	15	1	0	0	1	12
91	2	4.13165585161187	256	17	0	0	0	2	12
91	2	10.4345320581924	286	16	0	0	0	3	12
91	3	3.03900683345273	191	30	0	0	0	4	12
91	5	4.78708323184401	257	16	0	0	0	5	12
91	7	0.0162166464142501	180	16	0	0	0	6	12
91	7	6.76991701661609	190	18	0	0	0	7	12
91	8	4.83715675049461	285	20	0	0	0	8	12
91	10	2.4208224110771	365	56	2	0	0	9	12
92	1	2.54161783447489	206	18	1	0	0	1	12
92	2	4.2007498065941	364	19	0	0	0	2	12
92	3	4.47491065831855	494	17	0	0	0	3	12
92	4	3.47459892905317	241	23	0	0	0	4	12
92	5	3.44637148128822	222	21	0	0	0	5	12
92	4	4.7636797435116	229	27	0	0	0	6	12
92	2	4.71342119551264	267	16	0	0	0	7	12
92	3	2.7785700452514	212	32	0	0	0	8	12
92	5	3.03673697821796	198	20	0	0	0	9	12
92	7	0.160341862589121	216	20	0	0	0	10	12
92	8	3.60004179249518	165	20	0	0	0	11	12
92	9	5.85500206542201	205	20	0	0	0	12	12
92	10	6.14707367820665	328	49	2	0	0	13	12
93	2	4.74190175207332	382	20	1	0	0	1	12
93	3	2.8357986418996	172	14	0	0	0	2	12
93	2	8.67499421909451	397	24	0	0	0	3	12
93	4	1.46950854593888	128	15	0	0	0	4	12
93	5	0.657144752796739	184	18	0	0	0	5	12
93	5	8.68400461529382	223	20	0	0	0	6	12
93	6	1.82936772075482	227	18	0	0	0	7	12
93	7	2.5296241119504	184	16	0	0	0	8	12
93	7	7.93525057798252	215	23	0	0	0	9	12
93	8	5.81461153645068	262	61	2	0	0	10	12
94	2	1.19061721186154	324	18	1	0	0	1	12
94	3	2.83077848562971	200	17	0	0	0	2	12
94	5	0.911940477322787	252	14	0	0	0	3	12
94	5	4.45976318279281	287	24	0	0	0	4	12
94	6	3.23079732106999	289	22	0	0	0	5	12
94	8	0.844164706766605	200	18	0	0	0	6	12
94	8	6.44305600086227	247	20	0	0	0	7	12
94	9	5.73509366973303	361	56	2	0	0	8	12
95	1	2.42856876808219	65	17	1	0	0	1	12
95	2	3.83269026759081	201	19	0	0	0	2	12
95	4	3.8420127609279	461	17	0	0	0	3	12
95	5	6.94186632498167	175	15	0	0	0	4	12
95	6	3.35329769039527	284	23	2	0	0	5	12
96	2	2.55267748842016	404	25	1	0	0	1	12
96	4	1.92177965468727	225	16	0	0	0	2	12
96	6	1.44501910055988	398	20	0	0	0	3	12
96	7	5.01600360125303	225	18	0	0	0	4	12
96	8	3.63570887688547	180	18	0	0	0	5	12
96	7	6.43208919255994	221	22	0	0	0	6	12
96	9	1.2294174595736	196	19	0	0	0	7	12
96	10	4.22137766284868	222	21	0	0	0	8	12
96	12	1.36174335842952	247	47	2	0	0	9	12
97	2	2.22683614306152	336	21	1	0	0	1	12
97	3	5.16515371506102	202	19	0	0	0	2	12
97	4	5.83332563308068	225	16	0	0	0	3	12
97	5	3.13941416866146	280	15	0	0	0	4	12
97	6	3.20138872647658	241	16	0	0	0	5	12
97	8	1.3691353679169	218	17	0	0	0	6	12
97	9	6.17743009282276	190	61	2	0	0	7	12
98	1	2.99294652789831	154	17	1	0	0	1	12
98	2	6.19186248420738	468	17	0	0	0	2	12
98	4	1.31328210863285	246	16	0	0	0	3	12
98	5	1.83478166093118	215	12	0	0	0	4	12
98	4	6.34046695032157	162	22	0	0	0	5	12
98	6	3.95321439695545	286	17	0	0	0	6	12
98	7	1.94183031865396	236	20	0	0	0	7	12
98	9	2.8781562873628	193	21	0	0	0	8	12
98	10	2.60321926930919	259	31	0	0	0	9	12
98	10	8.6831157526467	150	43	2	0	0	10	12
99	2	2.52294322033413	144	14	1	0	0	1	12
99	2	0.26859046635218	188	18	0	0	0	2	12
99	3	0.681500484235585	227	16	0	0	0	3	12
99	4	0.093909319024533	232	15	0	0	0	4	12
99	5	0.074304971145466	293	17	0	0	0	5	12
99	6	1.18376390868798	253	17	0	0	0	6	12
99	7	2.74731901148334	327	14	0	0	0	7	12
99	8	2.19710076996125	201	17	0	0	0	8	12
99	8	10.7060893354937	186	61	2	0	0	9	12
100	1	2.10093721444719	155	19	1	0	0	1	12
100	3	0.832992481766269	251	16	0	0	0	2	12
100	3	4.30667259404436	206	18	0	0	0	3	12
100	5	1.21174586284906	237	16	0	0	0	4	12
100	5	6.23214965243824	136	24	0	0	0	5	12
100	6	5.96188276982866	223	20	0	0	0	6	12
100	8	0.942192024784163	196	15	0	0	0	7	12
100	8	5.04093865957111	181	25	0	0	0	8	12
100	9	6.5128948809579	227	17	0	0	0	9	12
100	10	3.92027851403691	389	43	2	0	0	10	12
101	1	2.26623586914502	157	17	1	0	0	1	12
101	2	4.26130892266519	296	19	0	0	0	2	12
101	3	2.24302533594891	248	17	0	0	0	3	12
101	4	1.0598751376383	208	16	0	0	0	4	12
101	5	3.32055500568822	253	24	0	0	0	5	12
101	6	4.56973594613373	246	19	0	0	0	6	12
101	8	1.11475918791257	215	23	0	0	0	7	12
101	9	3.09592068940401	242	54	2	0	0	8	12
102	2	0.463007954880595	179	16	1	0	0	1	12
102	2	4.94013216183521	189	15	0	0	0	2	12
102	3	2.49808870325796	232	17	0	0	0	3	12
102	4	3.62161921127699	205	17	0	0	0	4	12
102	5	3.92422196711414	216	23	0	0	0	5	12
102	6	3.32756928238086	274	17	0	0	0	6	12
102	7	3.89248340274207	202	17	0	0	0	7	12
102	8	4.08411214547232	211	42	2	0	0	8	12
103	1	2.61159785487689	183	17	1	0	0	1	12
103	2	4.67184629710391	181	18	0	0	0	2	12
103	3	4.9939004923217	183	20	0	0	0	3	12
103	4	3.19944457546808	266	19	0	0	0	4	12
103	5	0.670487357769161	246	16	0	0	0	5	12
103	6	3.52528208051808	194	17	0	0	0	6	12
103	7	4.66108211199753	177	17	0	0	0	7	12
103	8	4.94399566366337	305	57	2	0	0	8	12
104	1	1.77799918293022	157	15	1	0	0	1	12
104	2	5.01807865127921	220	18	0	0	0	2	12
104	4	0.884189387783408	196	15	0	0	0	3	12
104	4	4.20879714749753	193	23	0	0	0	4	12
104	5	2.26747159450315	188	18	0	0	0	5	12
104	7	2.87506747245789	238	17	0	0	0	6	12
104	7	8.86149439006113	267	14	0	0	0	7	12
104	8	5.75637966860086	172	18	0	0	0	8	12
104	10	2.95093015092425	183	52	2	0	0	9	12
105	2	0.125716921174899	239	16	1	0	0	1	12
105	3	1.48677018424496	240	15	0	0	0	2	12
105	2	3.63801873684861	162	20	0	0	0	3	12
105	4	1.41863369825296	232	14	0	0	0	4	12
105	6	0.157509196782485	388	30	2	0	0	5	12
106	1	2.02537243999541	192	16	1	0	0	1	12
106	2	4.01083953725174	316	17	0	0	0	2	12
106	2	7.75084834708832	166	18	0	0	0	3	12
106	3	3.27037328947335	274	16	0	0	0	4	12
106	4	1.6387155817356	240	17	0	0	0	5	12
106	5	1.42669900436886	241	17	0	0	0	6	12
106	6	3.59780720365234	298	21	0	0	0	7	12
106	7	4.83327567623928	443	14	0	0	0	8	12
106	7	7.8657306577079	270	60	2	0	0	9	12
107	1	2.54673661594279	182	17	1	0	0	1	12
107	2	5.78168475464918	208	17	0	0	0	2	12
107	3	2.23137988219969	241	15	0	0	0	3	12
107	4	1.84104420174845	216	19	0	0	0	4	12
107	5	4.15098149143159	167	17	0	0	0	5	12
107	6	4.6405093553476	256	20	0	0	0	6	12
107	8	0.912142643006518	207	25	0	0	0	7	12
107	5	5.64821386849508	171	41	0	0	0	8	12
107	10	4.78657165542245	205	17	0	0	0	9	12
107	10	1.83045315532945	187	15	0	0	0	10	12
107	10	6.13754262239672	416	21	0	0	0	11	12
107	11	5.52302316157147	167	47	2	0	0	12	12
109	1	2.72944053122774	180	18	1	0	0	1	12
109	2	5.79408283298835	263	15	0	0	0	2	12
109	2	10.1782357101329	203	16	0	0	0	3	12
109	3	3.93836179492064	181	16	0	0	0	4	12
109	4	2.22585094044916	218	14	0	0	0	5	12
109	5	3.56008223793469	430	20	0	0	0	6	12
109	6	4.30791729455814	165	21	0	0	0	7	12
109	8	0.0780869671143591	247	21	0	0	0	8	12
109	9	4.434556029737	229	21	2	0	0	9	12
111	2	4.49127844325267	158	14	1	0	0	1	12
111	2	2.29227858409286	142	19	0	0	0	2	12
111	2	9.37632021983154	188	15	0	0	0	3	12
111	2	15.9006242589094	208	19	0	0	0	4	12
111	3	5.29003931605257	360	13	0	0	0	5	12
111	4	0.0852816267870367	38	23	0	0	0	6	12
111	2	12.7180927766021	234	24	0	0	0	7	12
111	2	3.70820259768516	197	14	0	0	0	8	12
111	2	0.837800087174401	160	17	0	0	0	9	12
111	2	8.52488121250644	233	17	0	0	0	10	12
111	2	14.1153642963618	259	18	0	0	0	11	12
111	3	5.71731782914139	184	16	0	0	0	12	12
111	5	0.945975363720208	227	14	0	0	0	13	12
111	5	5.30996817047708	167	19	0	0	0	14	12
111	6	6.31698189652525	230	18	0	0	0	15	12
111	8	1.51456547854468	230	24	0	0	0	16	12
111	9	2.62436878634617	323	13	0	0	0	17	12
111	10	0.609364164993167	149	52	2	0	0	18	12
112	1	3.08857037709095	181	15	1	0	0	1	12
112	2	3.46881719655357	242	16	0	0	0	2	12
112	2	0.613728728145361	189	19	0	0	0	3	12
112	3	0.170724116731435	212	16	0	0	0	4	12
112	4	0.625360133359209	211	15	0	0	0	5	12
112	5	0.740838753990829	261	27	0	0	0	6	12
112	6	2.32435139222071	208	21	0	0	0	7	12
112	4	2.63222543313168	214	23	0	0	0	8	12
112	7	0.496506613213569	235	17	0	0	0	9	12
112	8	3.57095119846053	262	21	0	0	0	10	12
112	9	3.70384986163117	235	54	2	0	0	11	12
113	1	2.0478811704088	224	18	1	0	0	1	12
113	3	3.46590750478208	231	19	0	0	0	2	12
113	4	6.42713448544964	270	17	0	0	0	3	12
113	5	3.00219792989083	180	21	0	0	0	4	12
113	7	1.12977646151558	205	17	0	0	0	5	12
113	7	5.35413087694906	454	12	0	0	0	6	12
113	7	7.88310188474134	335	111	2	0	0	7	12
114	1	2.7665602453053	175	15	1	0	0	1	12
114	2	4.88769656000659	170	13	0	0	0	2	12
114	3	3.86217265203595	188	18	0	0	0	3	12
114	4	0.109838214004412	202	17	0	0	0	4	12
114	5	3.10356594948098	247	16	0	0	0	5	12
114	6	3.27912023384124	241	16	0	0	0	6	12
114	7	2.83243285515346	346	19	0	0	0	7	12
114	8	3.45502343936823	277	17	0	0	0	8	12
114	9	1.70423611160368	244	22	0	0	0	9	12
114	11	1.11570560582913	206	17	2	0	0	10	12
