1	1	3.52729835244827	170	20	1	0	0	1	13
1	3	5.19264326291159	241	21	0	0	0	2	13
1	4	3.85989938233979	250	18	0	0	0	3	13
1	6	2.54272232833318	233	22	0	0	0	4	13
1	9	2.24308295291848	180	13	0	0	0	5	13
1	8	1.08983211778104	168	20	0	0	0	6	13
1	10	4.43631138512865	282	16	0	0	0	7	13
1	11	4.47011963347904	256	43	2	0	0	8	13
2	1	1.08811151795089	162	15	1	0	0	1	13
2	3	0.688445908017457	196	19	0	0	0	2	13
2	4	2.54983301181346	329	17	0	0	0	3	13
2	3	1.50515170954168	230	24	0	0	0	4	13
2	4	5.54501600959338	91	18	0	0	0	5	13
2	5	3.83668886101805	254	19	0	0	0	6	13
2	7	1.81793410750106	246	17	0	0	0	7	13
2	7	5.86143127083778	114	15	0	0	0	8	13
2	7	2.2938376951497	86	21	0	0	0	9	13
2	9	1.44684932590462	251	18	2	0	0	10	13
3	1	2.69105457747355	201	17	1	0	0	1	13
3	2	5.69455950334668	179	19	0	0	0	2	13
3	4	2.12707968428731	226	18	0	0	0	3	13
3	6	0.830293933395296	221	24	0	0	0	4	13
3	7	2.71900681080297	226	32	0	0	0	5	13
3	9	2.15613410132937	246	18	0	0	0	6	13
3	10	4.38020959193818	261	48	2	0	0	7	13
4	1	2.52549909986556	175	16	1	0	0	1	13
4	2	4.67832965659909	141	17	0	0	0	2	13
4	4	0.902071865973994	303	19	0	0	0	3	13
4	5	1.97257477650419	227	17	0	0	0	4	13
4	6	1.54382200632244	201	20	0	0	0	5	13
4	7	4.28320324933156	141	15	0	0	0	6	13
4	8	3.57893059332855	214	55	2	0	0	7	13
5	1	1.50611992785707	157	15	1	0	0	1	13
5	1	5.23212009062991	138	13	0	0	0	2	13
5	2	3.59515045024455	224	18	0	0	0	3	13
5	1	5.84786577476189	104	34	0	0	0	4	13
5	4	0.819057343993336	343	21	0	0	0	5	13
5	5	0.692989075323567	197	33	0	0	0	6	13
5	2	9.21278702397831	268	31	0	0	0	7	13
5	4	6.56373862363398	196	20	0	0	0	8	13
5	6	2.01900576683693	470	57	2	0	0	9	13
6	1	2.20417987159453	166	18	1	0	0	1	13
6	2	5.72446211474016	190	18	0	0	0	2	13
6	3	4.05186628131196	177	20	0	0	0	3	13
6	5	2.68258991325274	161	12	0	0	0	4	13
6	4	3.74479248817079	490	18	0	0	0	5	13
6	6	0.833720151800662	224	20	0	0	0	6	13
6	7	2.47596917208284	306	16	0	0	0	7	13
6	8	0.964783624513075	204	23	2	0	0	8	13
7	1	2.07483132788911	163	18	1	0	0	1	13
7	2	5.49177417368628	139	15	0	0	0	2	13
7	4	1.55107728112489	201	19	0	0	0	3	13
7	5	3.56054384913296	239	18	0	0	0	4	13
7	6	2.43919598055072	279	31	0	0	0	5	13
7	7	5.25470030494034	307	19	0	0	0	6	13
7	9	2.67563430545852	371	20	2	0	0	7	13
8	1	2.46860559796914	237	17	1	0	0	1	13
8	3	1.77882192586549	149	23	0	0	0	2	13
8	4	3.95943677565083	246	17	0	0	0	3	13
8	5	2.94895597640425	173	20	0	0	0	4	13
8	7	1.21512325201184	230	25	0	0	0	5	13
8	8	2.70894659706391	395	17	0	0	0	6	13
8	9	3.57369196950458	150	19	0	0	0	7	13
8	11	0.342458001803607	165	49	2	0	0	8	13
9	1	3.59799326607026	239	17	1	0	0	1	13
9	3	0.997840162133798	208	17	0	0	0	2	13
9	4	3.26823015231639	238	17	0	0	0	3	13
9	5	3.51149368728511	230	19	0	0	0	4	13
9	6	5.44316496001557	132	14	0	0	0	5	13
9	7	3.01492379745468	375	74	2	0	0	6	13
10	1	2.54341074381955	198	19	1	0	0	1	13
10	3	1.31678674696013	201	22	0	0	0	2	13
10	4	2.0973463205155	229	17	0	0	0	3	13
10	5	3.42016917816363	277	16	0	0	0	4	13
10	6	5.81231592269614	93	24	0	0	0	5	13
10	4	2.64488062169403	210	21	0	0	0	6	13
10	7	2.14091673516668	267	19	0	0	0	7	13
10	8	2.56209999369457	206	18	0	0	0	8	13
10	9	5.84741446515545	293	16	0	0	0	9	13
10	10	2.51772410422564	167	52	2	0	0	10	13
11	1	3.06911981385201	160	19	1	0	0	1	13
11	2	5.08348716958426	218	18	0	0	0	2	13
11	3	4.27854526159354	200	17	0	0	0	3	13
11	5	1.75327997631393	265	17	0	0	0	4	13
11	6	3.2113532954827	207	19	0	0	0	5	13
11	8	0.76755850808695	190	15	0	0	0	6	13
11	8	5.80448619090021	213	24	0	0	0	7	13
11	9	6.96578066959046	403	53	2	0	0	8	13
12	2	2.03340037469752	153	12	1	0	0	1	13
12	2	0.666328186634928	114	18	0	0	0	2	13
12	3	2.745493987808	179	15	0	0	0	3	13
12	4	3.0286743149627	177	15	0	0	0	4	13
12	5	1.07530248840339	196	19	0	0	0	5	13
12	7	1.07757910504006	440	64	2	0	0	6	13
13	1	2.64299148274586	216	16	1	0	0	1	13
13	3	1.56865360215306	190	18	0	0	0	2	13
13	3	8.49344252911396	239	18	0	0	0	3	13
13	4	4.26709375390783	144	14	0	0	0	4	13
13	5	2.74989776988514	304	20	0	0	0	5	13
13	7	0.838972880970687	211	13	2	0	0	6	13
14	1	6.92100467835553	171	12	1	0	0	1	13
14	1	5.126404263312	140	22	0	0	0	2	13
14	2	5.12229463993572	206	18	0	0	0	3	13
14	4	1.53386118845083	246	17	0	0	0	4	13
14	5	3.47642933437601	349	16	0	0	0	5	13
14	4	0.517963233403862	163	16	0	0	0	6	13
14	5	1.55494806100614	184	16	0	0	0	7	13
14	5	6.42101073823869	256	15	0	0	0	8	13
14	6	0.102649994660169	169	16	0	0	0	9	13
14	6	4.94505103677511	229	17	0	0	0	10	13
14	8	3.723457245389	522	60	2	0	0	11	13
15	1	3.21066246856935	181	19	1	0	0	1	13
15	3	4.95231822435744	242	18	0	0	0	2	13
15	4	4.07638371642679	262	16	0	0	0	3	13
15	5	3.07960658730008	38	21	0	0	0	4	13
15	3	2.78193975239992	321	19	0	0	0	5	13
15	5	4.54034276097082	251	18	0	0	0	6	13
15	7	3.90495137753896	301	30	0	0	0	7	13
15	8	4.51599086471833	409	19	0	0	0	8	13
15	9	5.49168739328161	319	46	2	0	0	9	13
16	2	2.92240884085186	361	23	1	0	0	1	13
16	3	2.27197196357884	279	17	0	0	0	2	13
16	4	3.59956563310698	211	20	0	0	0	3	13
16	5	3.20615543005988	182	13	0	0	0	4	13
16	5	0.634924444137141	279	24	0	0	0	5	13
16	6	6.72202115645632	254	64	0	0	0	6	13
16	6	17.641790961381	204	13	2	0	0	7	13
17	1	3.40382939204574	173	19	1	0	0	1	13
17	2	6.49186653830111	185	17	0	0	0	2	13
17	3	5.17753753694706	173	13	0	0	0	3	13
17	3	2.99208890576847	216	20	0	0	0	4	13
17	4	3.63335069594905	268	18	0	0	0	5	13
17	6	1.91729299398139	225	19	0	0	0	6	13
17	7	1.41896228352562	178	12	0	0	0	7	13
17	8	1.9519648225978	173	17	0	0	0	8	13
17	9	1.44797766511329	173	51	2	0	0	9	13
18	1	1.96614031447098	155	17	1	0	0	1	13
18	2	4.50523941149004	155	17	0	0	0	2	13
18	3	4.39231468201615	164	19	0	0	0	3	13
18	5	5.47484215418808	161	15	0	0	0	4	13
18	5	0.962551129749045	173	16	0	0	0	5	13
18	4	1.94463875121437	240	17	0	0	0	6	13
18	5	3.41434240341187	160	23	0	0	0	7	13
18	3	4.59775067795999	242	22	0	0	0	8	13
18	5	4.9095201054588	218	18	0	0	0	9	13
18	7	4.24934634193778	180	19	0	0	0	10	13
18	9	2.98371408088133	152	13	2	0	0	11	13
19	1	1.44583160267211	157	18	1	0	0	1	13
19	2	2.2223824034445	151	20	0	0	0	2	13
19	3	3.17356476956047	225	18	0	0	0	3	13
19	4	2.13386383466423	193	15	0	0	0	4	13
19	5	1.49021256691776	229	22	0	0	0	5	13
19	7	0.414348801830783	420	21	0	0	0	6	13
19	8	5.08633881667629	98	20	0	0	0	7	13
19	6	2.20254658441991	208	22	0	0	0	8	13
19	8	5.3565391311422	178	22	0	0	0	9	13
19	11	3.99213689495809	290	44	2	0	0	10	13
20	1	2.15648532519117	149	17	1	0	0	1	13
20	2	4.3324507586658	157	17	0	0	0	2	13
20	3	1.72091951174662	243	16	0	0	0	3	13
20	4	1.89581249468029	171	19	0	0	0	4	13
20	6	1.62519427714869	289	20	0	0	0	5	13
20	7	3.57008451176807	186	14	0	0	0	6	13
20	7	0.399848873494193	97	19	0	0	0	7	13
20	5	0.960614253766835	261	15	0	0	0	8	13
20	6	0.262513558380306	207	21	0	0	0	9	13
20	7	2.1450113824103	186	16	0	0	0	10	13
20	8	0.50747067690827	310	21	0	0	0	11	13
20	9	1.41954567609355	152	20	2	0	0	12	13
21	1	2.70172589202411	167	18	1	0	0	1	13
21	2	4.20815316867083	207	20	0	0	0	2	13
21	3	3.56584099284373	208	18	0	0	0	3	13
21	5	0.853382549714297	254	16	0	0	0	4	13
21	6	2.00380181567743	233	21	0	0	0	5	13
21	7	4.92211315245368	227	20	0	0	0	6	13
21	9	2.60698288027197	613	67	2	0	0	7	13
22	1	4.4403973587323	162	20	1	0	0	1	13
22	3	3.9457374275662	189	19	0	0	0	2	13
22	5	0.902833802159876	146	12	0	0	0	3	13
22	4	3.83938515698537	186	16	0	0	0	4	13
22	5	3.13997205090709	209	18	0	0	0	5	13
22	6	3.61930120876059	249	14	0	0	0	6	13
22	7	1.53677617106587	138	59	2	0	0	7	13
23	1	2.66517179668881	189	18	1	0	0	1	13
23	3	1.93647509487346	186	12	0	0	0	2	13
23	2	4.97703518834896	194	13	0	0	0	3	13
23	1	3.8700134055689	130	20	0	0	0	4	13
23	4	2.56127327843569	230	17	0	0	0	5	13
23	5	4.14672297146171	179	20	0	0	0	6	13
23	6	3.23900373303331	244	21	0	0	0	7	13
23	7	3.78413152112626	303	55	2	0	0	8	13
24	1	1.08533642417751	166	16	1	0	0	1	13
24	2	4.44630535668693	137	16	0	0	0	2	13
24	3	3.88425460970029	190	18	0	0	0	3	13
24	4	3.08038354315795	233	19	0	0	0	4	13
24	6	2.59915319131687	242	17	0	0	0	5	13
24	7	3.98845811421052	167	22	0	0	0	6	13
24	10	2.47127168974839	304	55	2	0	0	7	13
25	1	2.0463330403436	168	16	1	0	0	1	13
25	2	5.59822349622846	185	17	0	0	0	2	13
25	3	4.73818509001285	230	16	0	0	0	3	13
25	4	4.59892665944062	317	18	0	0	0	4	13
25	5	3.22472108714283	175	13	0	0	0	5	13
25	5	1.9457295325119	126	22	0	0	0	6	13
25	7	3.04867740627378	226	16	0	0	0	7	13
25	8	4.31359408283606	308	12	0	0	0	8	13
25	8	2.0603209361434	184	18	0	0	0	9	13
25	8	9.09779457282275	279	55	2	0	0	10	13
26	1	2.11714612925425	174	16	1	0	0	1	13
26	2	5.84029773855582	208	14	0	0	0	2	13
26	3	2.07729051331989	209	18	0	0	0	3	13
26	4	3.15896952315234	174	15	0	0	0	4	13
26	5	2.60541708115488	222	15	0	0	0	5	13
26	6	3.01340618962422	243	15	0	0	0	6	13
26	7	1.58464428666048	332	71	2	0	0	7	13
27	1	2.86280340026133	236	22	1	0	0	1	13
27	2	7.15676949685439	239	19	0	0	0	2	13
27	4	2.1219868354965	244	20	0	0	0	3	13
27	5	2.39382164133713	309	15	0	0	0	4	13
27	6	2.89657735801302	160	23	0	0	0	5	13
27	7	2.61971083073877	257	59	2	0	0	6	13
28	1	3.30159287340939	193	18	1	0	0	1	13
28	3	1.48639243049547	259	15	0	0	0	2	13
28	4	0.561467691324651	199	15	0	0	0	3	13
28	4	6.13382916850969	217	14	0	0	0	4	13
28	4	3.46584413340315	73	19	0	0	0	5	13
28	5	3.51362642669119	206	20	0	0	0	6	13
28	7	1.28351553622633	216	31	0	0	0	7	13
28	9	0.512666749302298	177	13	2	0	0	8	13
29	1	1.51726480107754	239	15	1	0	0	1	13
29	2	3.03997728042305	167	17	0	0	0	2	13
29	3	3.76060661394149	228	17	0	0	0	3	13
29	5	0.00897871982306242	283	34	0	0	0	4	13
29	6	0.452729408862069	314	16	0	0	0	5	13
29	5	3.56463375827298	181	23	0	0	0	6	13
29	7	4.66176313627511	271	19	0	0	0	7	13
29	8	0.531726951012388	196	57	2	0	0	8	13
30	2	0.0776003443170339	155	17	1	0	0	1	13
30	2	6.18878394761123	168	16	0	0	0	2	13
30	4	1.17594559327699	282	17	0	0	0	3	13
30	5	1.38518630783074	243	15	0	0	0	4	13
30	4	3.94574101874605	157	18	0	0	0	5	13
30	7	2.11496503418311	263	80	2	0	0	6	13
31	1	2.50669049029239	51	33	1	0	0	1	13
31	6	0.0434031868353486	94	23	0	0	0	2	13
31	3	1.41155713121407	210	12	0	0	0	3	13
31	2	1.11947111482732	172	12	0	0	0	4	13
31	1	1.68360545672476	172	16	0	0	0	5	13
31	3	1.77401483361609	243	18	0	0	0	6	13
31	4	3.16738824127242	226	18	0	0	0	7	13
31	5	3.72885839920491	185	17	0	0	0	8	13
31	7	1.50996536551975	271	18	0	0	0	9	13
31	8	2.16319017158821	409	22	0	0	0	10	13
31	9	3.2897148905322	246	67	2	0	0	11	13
32	1	1.02662502182648	180	15	1	0	0	1	13
32	2	4.02141620148905	196	19	0	0	0	2	13
32	3	2.51738670072518	176	17	0	0	0	3	13
32	4	3.7168559206184	263	18	0	0	0	4	13
32	6	1.04709420073777	225	19	0	0	0	5	13
32	7	3.79066448984668	248	20	0	0	0	6	13
32	8	7.13220808492042	269	59	2	0	0	7	13
33	1	3.00654841121286	233	18	1	0	0	1	13
33	3	0.0498625210020691	196	12	0	0	0	2	13
33	2	2.96753360074945	105	21	0	0	0	3	13
33	4	2.22185243247077	222	19	0	0	0	4	13
33	6	1.05981985130347	213	15	0	0	0	5	13
33	6	5.69794892380014	214	19	0	0	0	6	13
33	7	4.10663345758803	446	56	2	0	0	7	13
34	2	0.884390019113198	188	14	1	0	0	1	13
34	2	4.14369574561715	167	16	0	0	0	2	13
34	3	4.56065578013659	180	16	0	0	0	3	13
34	2	3.38166272011586	223	17	0	0	0	4	13
34	3	2.00337767065503	187	18	0	0	0	5	13
34	4	3.02809548191726	316	20	0	0	0	6	13
34	6	2.9820695926901	372	22	0	0	0	7	13
34	8	5.55342778377235	344	51	2	0	0	8	13
35	1	2.36016024509445	180	15	1	0	0	1	13
35	2	4.73311146651395	223	23	0	0	0	2	13
35	3	1.18837572541088	258	21	0	0	0	3	13
35	4	1.1539826861117	177	17	0	0	0	4	13
35	4	4.01146446191706	641	17	0	0	0	5	13
35	3	0.623774183215573	213	21	0	0	0	6	13
35	5	2.81631445558742	253	68	0	0	0	7	13
35	6	9.25759182171896	125	21	2	0	0	8	13
36	1	3.02062874240801	198	18	1	0	0	1	13
36	3	0.69113536993973	137	14	0	0	0	2	13
36	3	3.18017793097533	168	17	0	0	0	3	13
36	4	3.03677647351287	379	16	0	0	0	4	13
36	5	3.94464599806815	212	19	0	0	0	5	13
36	6	1.9187787019182	251	18	0	0	0	6	13
36	7	1.55555970803834	461	16	2	0	0	7	13
37	1	2.06316908937879	207	18	1	0	0	1	13
37	3	0.2650647230912	211	14	0	0	0	2	13
37	2	1.26551145105623	157	20	0	0	0	3	13
37	4	2.33739340188913	366	16	0	0	0	4	13
37	3	1.01868644356728	221	22	0	0	0	5	13
37	5	3.4382004099898	180	17	0	0	0	6	13
37	6	2.74424270074815	142	17	0	0	0	7	13
37	7	2.0274918617215	204	16	0	0	0	8	13
37	8	1.05378958606161	178	61	2	0	0	9	13
38	1	2.73884163703769	219	15	1	0	0	1	13
38	2	3.74483806523494	138	16	0	0	0	2	13
38	3	3.52750618080609	216	18	0	0	0	3	13
38	4	1.72319018002599	219	15	0	0	0	4	13
38	5	0.0702718358952552	210	16	0	0	0	5	13
38	5	5.55909886164591	216	21	0	0	0	6	13
38	7	2.82673308509402	181	13	0	0	0	7	13
38	7	0.310015089809895	128	21	0	0	0	8	13
38	9	2.70403936575167	288	19	0	0	0	9	13
38	9	9.39242629311047	248	52	2	0	0	10	13
39	1	3.50827837618999	192	17	1	0	0	1	13
39	2	4.62154807127081	189	19	0	0	0	2	13
39	3	1.83771973382682	222	17	0	0	0	3	13
39	3	5.11979676340707	249	16	0	0	0	4	13
39	4	4.594599254895	179	13	0	0	0	5	13
39	5	6.32889476255514	170	20	0	0	0	6	13
39	7	2.7092599729076	223	20	0	0	0	7	13
39	9	0.790306423325092	259	53	2	0	0	8	13
40	1	2.84006034699269	223	19	1	0	0	1	13
40	3	1.35301767499186	315	18	0	0	0	2	13
40	4	2.46427526068874	304	20	0	0	0	3	13
40	6	4.99134801886976	204	16	0	0	0	4	13
40	5	2.7722712715622	377	17	0	0	0	5	13
40	6	2.15461383620277	172	22	0	0	0	6	13
40	8	2.39784988225438	283	17	0	0	0	7	13
40	9	4.21635341038927	296	12	0	0	0	8	13
40	9	0.346240638522431	181	16	0	0	0	9	13
40	8	0.711353831458837	228	16	0	0	0	10	13
40	7	0.420115665066987	149	22	0	0	0	11	13
40	10	4.55665533454157	262	16	0	0	0	12	13
40	11	3.54772359854542	182	52	2	0	0	13	13
41	1	3.23516559484415	174	16	1	0	0	1	13
41	2	4.22027683071792	201	18	0	0	0	2	13
41	2	11.5687238620594	195	15	0	0	0	3	13
41	3	1.82529720198363	230	22	0	0	0	4	13
41	4	1.59279166883789	216	19	0	0	0	5	13
41	5	2.46851567388512	189	16	0	0	0	6	13
41	6	3.88199922139756	304	21	0	0	0	7	13
41	7	1.86682467674837	213	12	2	0	0	8	13
42	1	1.19568847888149	177	19	1	0	0	1	13
42	2	3.68128365115263	238	31	0	0	0	2	13
42	4	1.11147388746031	155	17	0	0	0	3	13
42	5	0.627071561524644	163	20	0	0	0	4	13
42	7	0.841219327645376	182	20	0	0	0	5	13
42	8	3.61534280655906	322	21	0	0	0	6	13
42	9	3.82096432172693	310	52	2	0	0	7	13
43	1	3.60657676588744	166	18	1	0	0	1	13
43	2	5.03646210883744	141	19	0	0	0	2	13
43	3	6.41920477082022	316	16	0	0	0	3	13
43	4	4.34542024042457	199	17	0	0	0	4	13
43	6	1.66161603387445	177	12	0	0	0	5	13
43	5	3.27224150369875	74	19	0	0	0	6	13
43	7	3.56809093104675	284	17	0	0	0	7	13
43	8	5.57318525365554	287	56	2	0	0	8	13
44	1	1.90160578163341	135	14	1	0	0	1	13
44	2	3.32447586208582	163	18	0	0	0	2	13
44	3	4.66143996757455	331	18	0	0	0	3	13
44	4	3.07884034048766	196	19	0	0	0	4	13
44	6	3.6440082360059	188	20	0	0	0	5	13
44	7	7.01743960659951	283	18	0	0	0	6	13
44	9	1.96233624662273	207	18	0	0	0	7	13
44	10	0.994417459238321	299	54	2	0	0	8	13
45	1	7.79252048535272	355	18	1	0	0	1	13
45	2	4.32822717051022	224	15	0	0	0	2	13
45	4	0.235822620335966	177	17	0	0	0	3	13
45	5	1.83394809765741	256	23	0	0	0	4	13
45	6	1.35765346814878	270	19	0	0	0	5	13
45	7	1.70219587278552	325	57	2	0	0	6	13
46	1	2.24277448793873	224	17	1	0	0	1	13
46	3	1.91391155612655	178	12	0	0	0	2	13
46	3	0.662256935844198	133	20	0	0	0	3	13
46	4	1.56350668589585	252	17	0	0	0	4	13
46	5	2.84215662907809	203	21	0	0	0	5	13
46	6	3.16639015870169	248	14	0	0	0	6	13
46	7	2.80238071712665	212	17	0	0	0	7	13
46	8	2.8537746083457	288	65	2	0	0	8	13
47	1	1.31519239535555	177	18	1	0	0	1	13
47	2	5.75047554937191	249	15	0	0	0	2	13
47	3	1.74240570655093	353	19	0	0	0	3	13
47	4	2.7637519352138	166	12	0	0	0	4	13
47	4	0.824750072555616	164	21	0	0	0	5	13
47	6	1.95944156404585	235	19	0	0	0	6	13
47	7	4.64938962459564	229	16	0	0	0	7	13
47	9	0.54850230156444	278	14	2	0	0	8	13
48	1	2.99123849952593	188	17	1	0	0	1	13
48	3	1.37975076073781	179	15	0	0	0	2	13
48	4	0.272266097133979	154	21	0	0	0	3	13
48	5	0.715537277515978	200	17	0	0	0	4	13
48	4	1.58372510923073	228	15	0	0	0	5	13
48	4	4.43548947153613	166	18	0	0	0	6	13
48	5	5.07738551450893	206	17	0	0	0	7	13
48	8	0.775172056397423	179	12	2	0	0	8	13
49	1	2.80741706141271	181	21	1	0	0	1	13
49	2	5.31270325696096	152	14	0	0	0	2	13
49	3	0.0834628604352474	193	16	0	0	0	3	13
49	2	0.407944530947134	303	16	0	0	0	4	13
49	2	5.83377484092489	215	18	0	0	0	5	13
49	4	0.787737981649116	569	22	0	0	0	6	13
49	5	3.54769754270092	250	18	0	0	0	7	13
49	7	0.113706326344982	259	22	0	0	0	8	13
49	8	3.75549463368952	347	53	2	0	0	9	13
50	1	2.91084064054303	170	18	1	0	0	1	13
50	2	5.07505134912208	379	14	0	0	0	2	13
50	3	2.5035596692469	280	17	0	0	0	3	13
50	4	1.08312106248923	200	18	0	0	0	4	13
50	6	1.67173199472018	169	14	0	0	0	5	13
50	5	2.94046689965762	142	21	0	0	0	6	13
50	7	3.9847441832535	245	20	0	0	0	7	13
50	8	2.22176256845705	210	16	0	0	0	8	13
50	9	5.11852468806319	142	49	2	0	0	9	13
51	1	3.2434176732786	181	18	1	0	0	1	13
51	2	6.01001092977822	145	15	0	0	0	2	13
51	3	5.27681898395531	252	16	0	0	0	3	13
51	4	2.68277627392672	272	15	0	0	0	4	13
51	5	2.4023086882662	253	19	0	0	0	5	13
51	7	1.55129328789189	335	21	0	0	0	6	13
51	9	1.16710217366926	242	20	0	0	0	7	13
51	11	0.831741009838879	387	40	2	0	0	8	13
52	1	2.23291173507459	237	17	1	0	0	1	13
52	2	2.61216016020626	226	17	0	0	0	2	13
52	3	0.844491353258491	292	18	0	0	0	3	13
52	4	0.0527269593439996	481	16	0	0	0	4	13
52	5	2.49985641636886	286	16	0	0	0	5	13
52	6	0.285058145876974	406	66	2	0	0	6	13
53	2	0.802650995319709	213	19	1	0	0	1	13
53	3	2.69696363806725	200	15	0	0	0	2	13
53	2	5.54649009602144	116	35	0	0	0	3	13
53	5	1.07768930727616	183	16	0	0	0	4	13
53	5	7.49132382473908	221	17	0	0	0	5	13
53	7	0.790205992758274	160	19	0	0	0	6	13
53	5	4.72485853778198	164	19	0	0	0	7	13
53	7	0.781908053439111	236	17	0	0	0	8	13
53	8	4.48573582223617	182	17	0	0	0	9	13
53	9	4.73118817526847	272	50	2	0	0	10	13
54	1	2.21345707192086	232	18	1	0	0	1	13
54	2	5.47184604569338	166	19	0	0	0	2	13
54	4	2.38946602656506	217	16	0	0	0	3	13
54	6	0.5175994890742	363	26	0	0	0	4	13
54	3	2.52154521783814	259	22	0	0	0	5	13
54	5	2.93097929353826	201	18	0	0	0	6	13
54	6	3.73359030601569	176	16	0	0	0	7	13
54	7	5.5553581751883	153	14	0	0	0	8	13
54	7	2.12933501973748	168	19	0	0	0	9	13
54	8	3.61210380960256	235	59	2	0	0	10	13
56	1	3.11896118475124	158	17	1	0	0	1	13
56	2	3.28603202966042	169	17	0	0	0	2	13
56	4	0.983201251830906	224	17	0	0	0	3	13
56	5	2.06444195844233	276	18	0	0	0	4	13
56	6	2.88137481873855	220	17	0	0	0	5	13
56	7	0.521538807079196	202	57	2	0	0	6	13
57	2	5.2697644950822	163	16	1	0	0	1	13
57	2	0.914191457210109	306	18	0	0	0	2	13
57	3	1.40433318750001	213	16	0	0	0	3	13
57	4	0.556686008581892	158	16	0	0	0	4	13
57	5	3.63352940417826	284	21	0	0	0	5	13
57	7	0.823325794190168	405	18	0	0	0	6	13
57	7	5.18468412500806	235	58	0	0	0	7	13
57	7	12.0357044185512	412	14	2	0	0	8	13
58	1	2.14977390994318	190	18	1	0	0	1	13
58	3	0.656813459005207	154	38	0	0	0	2	13
58	5	1.63984237168916	146	14	0	0	0	3	13
58	4	3.91247599711642	132	20	0	0	0	4	13
58	6	1.20393102010712	198	15	0	0	0	5	13
58	5	0.501644484233111	171	17	0	0	0	6	13
58	6	3.49901389260776	250	18	0	0	0	7	13
58	7	4.28458895464428	387	21	0	0	0	8	13
58	9	0.372861315729097	295	20	0	0	0	9	13
58	10	3.99929843726568	305	56	2	0	0	10	13
59	2	6.45233983802609	165	14	1	0	0	1	13
59	2	2.99379749293439	192	20	0	0	0	2	13
59	3	3.57528743799776	207	17	0	0	0	3	13
59	5	1.16645534918644	249	19	0	0	0	4	13
59	6	4.02227107877843	276	20	0	0	0	5	13
59	8	1.33417893573642	209	17	0	0	0	6	13
59	9	4.21968205808662	251	61	2	0	0	7	13
60	1	1.67761660600081	187	17	1	0	0	1	13
60	2	6.34521065186709	192	18	0	0	0	2	13
60	4	5.97698671021499	260	16	0	0	0	3	13
60	6	1.75517142587341	199	13	0	0	0	4	13
60	7	1.33252431661822	99	19	0	0	0	5	13
60	5	0.900123013416305	173	17	0	0	0	6	13
60	4	3.21285877237096	234	17	0	0	0	7	13
60	5	2.77803292521276	222	17	0	0	0	8	13
60	6	1.79199972935021	182	19	0	0	0	9	13
60	7	8.98713291622698	170	14	0	0	0	10	13
60	7	3.38551118224859	227	22	0	0	0	11	13
60	8	3.66505780955777	183	18	0	0	0	12	13
60	9	4.93450512038544	266	20	0	0	0	13	13
60	9	12.6032880351413	125	56	2	0	0	14	13
61	1	2.07049872982316	183	16	1	0	0	1	13
61	2	3.49824538547546	184	17	0	0	0	2	13
61	3	2.91911415313371	189	19	0	0	0	3	13
61	4	2.4128100911621	510	21	0	0	0	4	13
61	6	1.81810305244289	266	19	0	0	0	5	13
61	7	2.44761772081256	229	62	2	0	0	6	13
62	1	2.06093738670461	175	16	1	0	0	1	13
62	2	4.92062684916891	144	15	0	0	0	2	13
62	3	3.80965879675932	248	15	0	0	0	3	13
62	4	2.60045242588967	193	19	0	0	0	4	13
62	6	0.411008750088513	262	20	0	0	0	5	13
62	6	8.61880758311599	166	17	0	0	0	6	13
62	6	1.54144128481857	217	19	0	0	0	7	13
62	8	4.77407420589589	324	57	2	0	0	8	13
63	1	3.8508893516846	170	20	1	0	0	1	13
63	2	6.14226821740158	196	17	0	0	0	2	13
63	3	5.44265935570002	182	14	0	0	0	3	13
63	4	2.51603760034777	216	22	0	0	0	4	13
63	5	3.25547195971012	256	22	0	0	0	5	13
63	8	2.49924221239053	185	15	2	0	0	6	13
64	1	1.31438532471657	166	19	1	0	0	1	13
64	2	5.78920687129721	172	12	0	0	0	2	13
64	2	3.92700123297982	139	17	0	0	0	3	13
64	3	2.71728938864544	222	20	0	0	0	4	13
64	4	3.48981018178165	192	17	0	0	0	5	13
64	6	0.0709081718232483	215	17	0	0	0	6	13
64	7	2.45581005327404	302	17	0	0	0	7	13
64	7	7.19771139789373	255	18	0	0	0	8	13
64	8	5.99034564127214	277	20	0	0	0	9	13
64	9	5.17226535920054	310	17	2	0	0	10	13
65	1	4.72924507269636	209	19	1	0	0	1	13
65	3	3.36070975591429	198	17	0	0	0	2	13
65	4	1.49541373574175	244	19	0	0	0	3	13
65	5	2.05826895078644	419	17	0	0	0	4	13
65	3	11.398674685508	133	20	0	0	0	5	13
65	5	5.93184950272553	211	15	0	0	0	6	13
65	7	2.54043076955713	201	20	0	0	0	7	13
65	10	1.96051022433676	159	15	2	0	0	8	13
66	1	2.79834793764167	211	18	1	0	0	1	13
66	3	2.33878127951175	223	16	0	0	0	2	13
66	4	2.66666190442629	306	18	0	0	0	3	13
66	5	3.63992685312405	285	13	0	0	0	4	13
66	6	4.04444583831355	246	17	0	0	0	5	13
66	7	3.200323875295	235	17	0	0	0	6	13
66	9	2.36393332271837	230	18	0	0	0	7	13
66	10	3.43128714850172	298	21	0	0	0	8	13
66	11	3.46832002955489	132	44	2	0	0	9	13
67	1	1.14770657196641	229	23	1	0	0	1	13
67	3	2.10476165404543	174	18	0	0	0	2	13
67	4	3.68903124635108	161	19	0	0	0	3	13
67	3	1.94433330255561	318	32	0	0	0	4	13
67	4	6.77817908977158	169	21	0	0	0	5	13
67	6	0.160857279784977	285	20	0	0	0	6	13
67	7	1.06306132907048	327	63	2	0	0	7	13
68	1	2.25203178101219	179	17	1	0	0	1	13
68	2	4.49506700225174	171	20	0	0	0	2	13
68	3	3.49919890146703	202	17	0	0	0	3	13
68	5	0.367651964072138	221	18	0	0	0	4	13
68	6	5.50843707891181	319	17	0	0	0	5	13
68	7	6.70226052333601	233	20	0	0	0	6	13
68	8	2.55569338123314	153	43	2	0	0	7	13
69	1	1.95953943487257	171	17	1	0	0	1	13
69	2	8.21639810292982	193	12	0	0	0	2	13
69	2	5.25268735433929	163	14	0	0	0	3	13
69	2	2.13463526405394	140	19	0	0	0	4	13
69	3	2.38886335608549	220	17	0	0	0	5	13
69	4	0.041667596437037	239	18	0	0	0	6	13
69	5	1.3684202756267	221	19	0	0	0	7	13
69	6	3.21949760895222	152	15	0	0	0	8	13
69	7	2.30752951372415	190	52	2	0	0	9	13
70	1	3.06394594535232	187	14	1	0	0	1	13
70	1	6.50131273153238	137	16	0	0	0	2	13
70	3	2.89762953622267	254	17	0	0	0	3	13
70	4	2.02720850845799	232	20	0	0	0	4	13
70	6	1.11491905176081	201	15	0	0	0	5	13
70	5	1.00083127291873	235	18	0	0	0	6	13
70	6	0.572031698189676	181	18	0	0	0	7	13
70	7	4.74831198179163	221	18	0	0	0	8	13
70	9	0.821938666049391	235	20	0	0	0	9	13
70	10	2.22519393428229	203	18	2	0	0	10	13
71	2	1.61205318197608	326	18	1	0	0	1	13
71	3	2.10042440984398	251	16	0	0	0	2	13
71	4	1.99260303447954	187	18	0	0	0	3	13
71	5	3.79124770336784	160	13	0	0	0	4	13
71	5	1.92821974540129	173	32	0	0	0	5	13
71	8	1.91626700013876	292	19	0	0	0	6	13
71	9	2.51640155026689	196	19	0	0	0	7	13
71	11	0.795063548721373	216	25	2	0	0	8	13
72	1	2.26473315176554	182	18	1	0	0	1	13
72	2	4.15840046736412	160	15	0	0	0	2	13
72	3	4.93446364952251	316	15	0	0	0	3	13
72	4	1.89780678483658	194	22	0	0	0	4	13
72	6	1.77369207818992	148	14	2	0	0	5	13
73	1	2.41051200265065	177	17	1	0	0	1	13
73	2	2.4925811891444	192	17	0	0	0	2	13
73	3	1.61555089266039	185	19	0	0	0	3	13
73	5	0.236703381873667	226	20	0	0	0	4	13
73	6	0.875677212607116	223	16	0	0	0	5	13
73	7	0.727848994778469	227	15	0	0	0	6	13
73	5	9.01913352427073	205	16	0	0	0	7	13
73	7	2.26633228710853	193	20	0	0	0	8	13
73	9	1.05539036914706	222	19	0	0	0	9	13
73	10	2.73417304013856	604	45	2	0	0	10	13
74	1	1.88875770824961	174	18	1	0	0	1	13
74	2	4.07948250113986	244	14	0	0	0	2	13
74	3	2.02803719649091	157	17	0	0	0	3	13
74	4	3.9021207834594	155	12	0	0	0	4	13
74	4	0.544626515358686	120	21	0	0	0	5	13
74	5	1.12958104303107	230	18	0	0	0	6	13
74	7	0.0910184832755476	217	21	0	0	0	7	13
74	8	2.40863828873262	329	20	0	0	0	8	13
74	9	3.87054883665405	293	16	0	0	0	9	13
74	10	2.73503005458042	115	46	2	0	0	10	13
75	2	0.0599550327751786	196	17	1	0	0	1	13
75	3	2.91654188861139	293	13	0	0	0	2	13
75	3	5.63302761223167	130	16	0	0	0	3	13
75	4	6.23682300886139	196	17	0	0	0	4	13
75	5	6.10986109427176	301	17	0	0	0	5	13
75	4	3.4962651792448	185	22	0	0	0	6	13
75	6	4.50144835747778	213	20	0	0	0	7	13
75	9	1.02981335367076	209	15	2	0	0	8	13
76	1	1.51250807428733	213	19	1	0	0	1	13
76	2	6.77923468477093	143	16	0	0	0	2	13
76	4	2.93356540217064	252	16	0	0	0	3	13
76	5	2.63720929506235	224	17	0	0	0	4	13
76	6	4.26766233635135	238	21	0	0	0	5	13
76	7	1.07888064882718	259	18	0	0	0	6	13
76	8	1.52520295837894	209	14	0	0	0	7	13
76	9	3.82461584126577	162	53	2	0	0	8	13
77	1	1.19758589332923	164	13	1	0	0	1	13
77	2	0.515839788597077	178	16	0	0	0	2	13
77	3	2.31696238787845	227	17	0	0	0	3	13
77	4	4.67070134798996	175	13	0	0	0	4	13
77	4	1.76407252880745	183	18	0	0	0	5	13
77	5	3.75897038239054	212	17	0	0	0	6	13
77	7	3.25608025607653	317	65	2	0	0	7	13
78	1	2.78258638735861	229	17	1	0	0	1	13
78	2	6.57220774283633	139	17	0	0	0	2	13
78	3	5.83642655587755	164	13	0	0	0	3	13
78	3	2.57565507269464	170	18	0	0	0	4	13
78	4	4.53307066462003	179	17	0	0	0	5	13
78	6	0.516097771236673	238	19	0	0	0	6	13
78	7	3.94033060991205	255	22	0	0	0	7	13
78	9	3.06469149608165	228	18	0	0	0	8	13
78	10	3.55579208862036	447	51	2	0	0	9	13
79	2	0.356308670947328	245	17	1	0	0	1	13
79	3	2.54822206287645	196	17	0	0	0	2	13
79	5	1.71312921610661	158	18	0	0	0	3	13
79	7	0.39324392308481	225	18	0	0	0	4	13
79	8	3.4320654750336	215	21	0	0	0	5	13
79	9	5.63775724545121	363	18	0	0	0	6	13
79	10	4.55158335552551	197	29	2	0	0	7	13
80	1	3.67594496277161	162	19	1	0	0	1	13
80	2	8.05305696721189	172	17	0	0	0	2	13
80	3	4.48707860149443	384	19	0	0	0	3	13
80	4	3.500537391752	174	17	0	0	0	4	13
80	6	2.962853922043	215	20	0	0	0	5	13
80	8	0.300369140459225	192	12	2	0	0	6	13
81	1	2.98569828877226	205	19	1	0	0	1	13
81	2	3.36077575548552	190	17	0	0	0	2	13
81	3	4.04009218979627	235	20	0	0	0	3	13
81	4	2.62189064198174	446	24	0	0	0	4	13
81	6	3.29310214123689	172	21	0	0	0	5	13
81	7	4.23564635869116	206	19	0	0	0	6	13
81	8	5.20549644436687	175	50	2	0	0	7	13
82	1	3.24293014849536	153	17	1	0	0	1	13
82	2	7.79643044038676	162	18	0	0	0	2	13
82	3	6.70222539710812	245	20	0	0	0	3	13
82	5	0.323546177707613	266	19	0	0	0	4	13
82	7	3.75383811118081	262	15	0	0	0	5	13
82	6	2.48251835699193	153	30	0	0	0	6	13
82	8	6.16618109727278	316	13	0	0	0	7	13
82	8	3.58676756476052	171	19	0	0	0	8	13
82	10	0.836665868759155	217	16	0	0	0	9	13
82	10	5.48767181881703	332	46	2	0	0	10	13
83	1	2.37692740047351	215	16	1	0	0	1	13
83	2	2.84414951200597	138	18	0	0	0	2	13
83	3	3.58956679492258	156	14	0	0	0	3	13
83	3	0.779556975467131	131	23	0	0	0	4	13
83	5	0.0194908936973661	243	21	0	0	0	5	13
83	6	1.82209456153214	180	19	0	0	0	6	13
83	8	0.266723481705412	591	16	2	0	0	7	13
84	1	2.7905865625944	171	23	1	0	0	1	13
84	3	3.87958630989306	260	17	0	0	0	2	13
84	4	2.52922980533913	323	19	0	0	0	3	13
84	5	3.2052626486402	217	17	0	0	0	4	13
84	6	3.65456156968139	218	16	0	0	0	5	13
84	7	3.86703148018569	249	21	0	0	0	6	13
84	8	6.28774093347602	560	17	0	0	0	7	13
84	10	1.69901105086319	268	56	2	0	0	8	13
85	1	1.98468893580139	182	17	1	0	0	1	13
85	2	4.31018765596673	187	17	0	0	0	2	13
85	3	2.0296042135451	129	16	0	0	0	3	13
85	2	2.29121409077197	241	22	0	0	0	4	13
85	3	4.96444314951077	207	15	0	0	0	5	13
85	4	2.42280509183183	228	16	0	0	0	6	13
85	6	3.87488996936008	259	13	0	0	0	7	13
85	7	1.03258588258177	143	13	0	0	0	8	13
85	6	1.75260451738723	276	21	0	0	0	9	13
85	8	4.55232379143126	224	13	0	0	0	10	13
85	9	2.60468338895589	235	49	2	0	0	11	13
86	1	2.58843333437108	178	18	1	0	0	1	13
86	2	4.87768617714755	148	16	0	0	0	2	13
86	3	4.07337244646624	135	12	0	0	0	3	13
86	3	1.84093148377724	224	24	0	0	0	4	13
86	4	2.14223235240206	257	18	0	0	0	5	13
86	4	9.34802571404725	204	19	0	0	0	6	13
86	6	2.06587817682885	239	26	0	0	0	7	13
86	8	2.15224812412634	188	12	2	0	0	8	13
87	1	2.76610193424858	200	19	1	0	0	1	13
87	2	5.1821678976994	383	18	0	0	0	2	13
87	3	1.1653927594889	190	18	0	0	0	3	13
87	4	1.6707989491988	222	20	0	0	0	4	13
87	5	2.56712822150439	322	22	0	0	0	5	13
87	7	1.5572779267095	578	67	2	0	0	6	13
88	1	3.50926104048267	281	19	1	0	0	1	13
88	3	3.80438028252684	261	18	0	0	0	2	13
88	4	0.825336474226788	165	16	0	0	0	3	13
88	5	2.45793935819529	247	24	0	0	0	4	13
88	6	3.51201435970142	163	19	0	0	0	5	13
88	7	2.93475822312757	545	22	0	0	0	6	13
88	9	2.79413765762001	227	55	2	0	0	7	13
89	1	2.93515340075828	179	19	1	0	0	1	13
89	2	4.85380344325677	144	17	0	0	0	2	13
89	3	5.44849167321809	228	17	0	0	0	3	13
89	4	3.69974104501307	257	19	0	0	0	4	13
89	3	3.68877674685791	214	30	0	0	0	5	13
89	5	3.06388563732617	257	14	0	0	0	6	13
89	6	5.41143961227499	128	21	0	0	0	7	13
89	4	2.8783375560306	231	38	0	0	0	8	13
89	7	5.83594612404704	257	17	0	0	0	9	13
89	8	5.0782144991681	332	61	2	0	0	10	13
90	1	2.03846197691746	183	14	1	0	0	1	13
90	2	3.58743833377957	171	17	0	0	0	2	13
90	3	4.10584429884329	178	15	0	0	0	3	13
90	2	3.6545172391925	164	16	0	0	0	4	13
90	1	1.3431562948972	256	15	0	0	0	5	13
90	2	1.34759635734372	189	19	0	0	0	6	13
90	3	5.27680793730542	204	20	0	0	0	7	13
90	4	3.94592387299053	201	19	0	0	0	8	13
90	6	0.853459052741528	206	16	0	0	0	9	13
90	7	2.88930730056018	228	18	0	0	0	10	13
90	9	0.345010197488591	279	47	2	0	0	11	13
91	1	2.59294510865584	165	13	1	0	0	1	13
91	2	3.54989227000624	170	20	0	0	0	2	13
91	3	3.39503987226635	292	19	0	0	0	3	13
91	5	4.14135086210445	220	17	0	0	0	4	13
91	7	3.31340832123533	246	22	0	0	0	5	13
91	8	2.06962986290455	273	20	0	0	0	6	13
91	10	2.56588215660304	347	39	2	0	0	7	13
92	1	2.00700317346491	160	18	1	0	0	1	13
92	2	3.93227685429156	224	16	0	0	0	2	13
92	3	2.37653048266657	209	17	0	0	0	3	13
92	4	0.012334406375885	220	18	0	0	0	4	13
92	5	5.38759473362006	264	19	0	0	0	5	13
92	6	4.39298088802025	286	24	0	0	0	6	13
92	9	3.00273420801386	234	19	0	0	0	7	13
92	10	6.02189208031632	439	44	2	0	0	8	13
93	1	1.3988792905584	167	17	1	0	0	1	13
93	2	3.70745103084482	189	18	0	0	0	2	13
93	3	3.21615932346322	188	16	0	0	0	3	13
93	4	1.89155172929168	162	19	0	0	0	4	13
93	5	4.4247942189686	227	21	0	0	0	5	13
93	6	1.00456188595854	252	16	0	0	0	6	13
93	6	5.46448550000787	254	16	0	0	0	7	13
93	5	14.9019718735944	115	41	0	0	0	8	13
93	8	2.06699056923389	256	41	2	0	0	9	13
94	1	3.99812222691253	200	13	1	0	0	1	13
94	2	2.75610653706826	131	19	0	0	0	2	13
94	4	2.36372308572754	205	13	0	0	0	3	13
94	4	0.637239194475114	128	17	0	0	0	4	13
94	5	3.02663704100996	262	22	0	0	0	5	13
94	6	4.79441968724132	298	23	0	0	0	6	13
94	8	1.89838532032445	226	14	0	0	0	7	13
94	8	5.93206235487014	201	20	0	0	0	8	13
94	9	6.4543055575341	288	52	2	0	0	9	13
95	1	2.2121512084268	172	16	1	0	0	1	13
95	2	4.5918918333482	122	16	0	0	0	2	13
95	4	3.73751872917637	158	12	0	0	0	3	13
95	4	0.569329050369561	193	17	0	0	0	4	13
95	5	3.57091579749249	225	17	0	0	0	5	13
95	6	3.92598129133694	226	19	0	0	0	6	13
95	7	5.80909926630557	253	66	2	0	0	7	13
96	1	1.68715932872146	41	36	1	0	0	1	13
96	6	2.01312864851207	109	35	0	0	0	2	13
96	2	0.774879842996597	231	21	0	0	0	3	13
96	3	3.42015775362961	169	15	0	0	0	4	13
96	4	2.42640715604648	198	21	0	0	0	5	13
96	7	0.0466834777034819	366	28	0	0	0	6	13
96	8	5.44600647618063	221	18	0	0	0	7	13
96	10	0.204879561439157	242	14	0	0	0	8	13
96	10	4.8716278495267	419	23	0	0	0	9	13
96	12	4.49772880482487	303	35	2	0	0	10	13
97	1	3.03438434167765	193	19	1	0	0	1	13
97	3	0.209761325735599	192	18	0	0	0	2	13
97	4	2.15006037824787	225	19	0	0	0	3	13
97	5	3.20927424519323	333	20	0	0	0	4	13
97	8	1.06351341702975	235	18	0	0	0	5	13
97	9	4.40500655025244	351	55	2	0	0	6	13
98	1	2.63678741059266	172	16	1	0	0	1	13
98	2	3.42744197300635	211	16	0	0	0	2	13
98	3	3.35319954063743	242	21	0	0	0	3	13
98	5	2.35036147618666	286	19	0	0	0	4	13
98	6	3.6599752146285	242	19	0	0	0	5	13
98	7	2.95509058586322	206	16	0	0	0	6	13
98	9	2.65888229128905	151	22	0	0	0	7	13
98	10	3.37993038631976	689	51	2	0	0	8	13
99	1	1.26707595447078	153	17	1	0	0	1	13
99	2	1.17235867329873	223	20	0	0	0	2	13
99	3	1.69746465305798	238	18	0	0	0	3	13
99	4	2.13884165068157	162	18	0	0	0	4	13
99	5	5.80953121138737	163	15	0	0	0	5	13
99	6	4.1267116595991	207	18	0	0	0	6	13
99	8	2.02101313020103	175	14	2	0	0	7	13
100	1	2.90422782232054	149	18	1	0	0	1	13
100	2	4.5630960711278	200	20	0	0	0	2	13
100	3	3.06359240994789	237	17	0	0	0	3	13
100	4	1.09292986639775	209	17	0	0	0	4	13
100	5	2.5253148463089	164	18	0	0	0	5	13
100	6	4.45355960400775	231	20	0	0	0	6	13
100	8	0.621304112719372	339	21	0	0	0	7	13
100	9	7.48975723958574	279	18	0	0	0	8	13
100	10	3.84486371534877	178	42	2	0	0	9	13
101	1	3.78074989421293	220	17	1	0	0	1	13
101	2	6.53915093187243	174	13	0	0	0	2	13
101	2	3.34597104764543	134	18	0	0	0	3	13
101	3	2.11913326638751	209	20	0	0	0	4	13
101	4	2.60814048419707	150	14	0	0	0	5	13
101	5	2.68162794108503	242	22	0	0	0	6	13
101	6	2.69167188298889	249	21	0	0	0	7	13
101	8	1.31103141373023	259	19	0	0	0	8	13
101	9	2.11953296605498	353	45	2	0	0	9	13
103	1	2.39438078273088	171	18	1	0	0	1	13
103	3	0.677615815075114	174	19	0	0	0	2	13
103	4	1.7392583261244	220	19	0	0	0	3	13
103	5	3.58881477080286	156	13	0	0	0	4	13
103	5	0.786699470831081	214	19	0	0	0	5	13
103	4	2.08859401405789	244	28	0	0	0	6	13
103	6	3.60962816351093	175	17	0	0	0	7	13
103	7	4.51328656426631	225	18	0	0	0	8	13
103	8	5.40819263248704	142	29	2	0	0	9	13
104	1	1.43692215182818	192	18	1	0	0	1	13
104	2	4.46545185660943	263	16	0	0	0	2	13
104	3	1.79777040262707	153	17	0	0	0	3	13
104	4	2.79499186831526	199	19	0	0	0	4	13
104	5	3.42404784518294	223	17	0	0	0	5	13
104	7	2.27355900709517	261	17	0	0	0	6	13
104	6	0.987387967528775	297	19	0	0	0	7	13
104	7	1.3795579848811	263	14	0	0	0	8	13
104	7	6.45443099294789	249	17	0	0	0	9	13
104	8	3.18354135239497	242	17	0	0	0	10	13
104	10	1.41705467109568	358	46	2	0	0	11	13
105	1	2.98408905346878	222	26	1	0	0	1	13
105	2	5.05507921078242	185	20	0	0	0	2	13
105	4	1.28047982882708	249	15	0	0	0	3	13
105	5	3.6514235867653	185	16	0	0	0	4	13
105	6	2.97724984376691	197	19	0	0	0	5	13
105	7	2.74104654206894	127	62	2	0	0	6	13
106	1	3.0509306860622	177	15	1	0	0	1	13
106	2	4.53239406086504	208	16	0	0	0	2	13
106	3	1.866189974593	172	17	0	0	0	3	13
106	3	7.54011053638533	160	13	0	0	0	4	13
106	4	4.64490386890247	167	17	0	0	0	5	13
106	6	2.78521491750143	167	14	2	0	0	6	13
107	1	2.15688794339076	174	22	1	0	0	1	13
107	2	7.99437756836414	147	17	0	0	0	2	13
107	3	5.72146428795531	183	23	0	0	0	3	13
107	5	4.36254660086706	234	17	0	0	0	4	13
107	6	3.56404798082076	204	23	0	0	0	5	13
107	8	3.20264084963128	162	13	0	0	0	6	13
107	8	0.642065625404939	142	23	0	0	0	7	13
107	10	6.61958809779026	235	12	0	0	0	8	13
107	10	3.38268604082987	222	21	0	0	0	9	13
107	11	5.39448452647775	218	17	2	0	0	10	13
108	1	1.9368570111692	175	20	1	0	0	1	13
108	2	5.3298377643805	179	17	0	0	0	2	13
108	3	2.36001035454683	268	17	0	0	0	3	13
108	4	2.76883712387644	223	17	0	0	0	4	13
108	5	1.94112937711179	219	19	0	0	0	5	13
108	8	0.688998255180195	254	22	0	0	0	6	13
108	9	4.72588632279076	241	19	0	0	0	7	13
108	9	12.98246457614	177	46	2	0	0	8	13
109	1	2.37153446837328	164	16	1	0	0	1	13
109	2	5.7156306875404	268	19	0	0	0	2	13
109	3	5.75127568468451	225	17	0	0	0	3	13
109	5	1.90077683399431	230	19	0	0	0	4	13
109	6	5.76384019339457	155	19	0	0	0	5	13
109	5	1.20065419166349	276	21	0	0	0	6	13
109	8	0.890987244201824	277	18	0	0	0	7	13
109	9	5.26204878697172	232	18	2	0	0	8	13
110	1	3.15511334594339	167	17	1	0	0	1	13
110	2	4.25781981600448	165	17	0	0	0	2	13
110	3	3.33828540495597	209	17	0	0	0	3	13
110	4	3.2262299968861	207	15	0	0	0	4	13
110	5	4.46672034263611	166	19	0	0	0	5	13
110	7	2.08253836468793	356	19	0	0	0	6	13
110	8	1.08057091711089	248	22	0	0	0	7	13
110	10	3.13662334391847	197	15	2	0	0	8	13
111	1	2.43868172424845	157	19	1	0	0	1	13
111	2	6.45605933410116	189	14	0	0	0	2	13
111	2	11.1201226925477	207	18	0	0	0	3	13
111	3	3.36499284720048	164	14	0	0	0	4	13
111	4	3.12159954267554	154	12	0	0	0	5	13
111	4	0.97027078946121	159	20	0	0	0	6	13
111	6	2.96991745429114	246	18	0	0	0	7	13
111	8	0.16827868972905	160	12	0	0	0	8	13
111	7	0.948518595425412	177	19	0	0	0	9	13
111	9	2.37575380597264	291	44	2	0	0	10	13
112	1	2.04062993358821	194	14	1	0	0	1	13
112	2	2.73070158180781	240	19	0	0	0	2	13
112	3	2.44606265984476	190	17	0	0	0	3	13
112	4	2.62037396105006	234	15	0	0	0	4	13
112	5	2.80960605619475	151	16	0	0	0	5	13
112	6	2.63238700339571	321	25	0	0	0	6	13
112	7	3.86339236795902	307	14	0	0	0	7	13
112	7	1.61659161816351	96	22	0	0	0	8	13
112	9	4.74339923146181	465	61	2	0	0	9	13
113	1	1.56746268295683	189	20	1	0	0	1	13
113	3	2.72778886090964	150	16	0	0	0	2	13
113	4	3.22640176652931	230	18	0	0	0	3	13
113	5	1.46900936611928	325	20	0	0	0	4	13
113	7	0.273863367270678	271	18	0	0	0	5	13
113	7	4.23801437625661	418	75	2	0	0	6	13
114	1	1.2504531017039	181	17	1	0	0	1	13
114	2	4.01115594059229	132	14	0	0	0	2	13
114	3	4.34725341922604	235	17	0	0	0	3	13
114	2	2.771255585365	389	19	0	0	0	4	13
114	3	5.85768214100972	209	17	0	0	0	5	13
114	5	0.169565826188773	225	21	0	0	0	6	13
114	6	2.01950763398781	148	16	0	0	0	7	13
114	7	2.76087573426776	248	31	0	0	0	8	13
114	8	3.58646749146283	212	12	0	0	0	9	13
114	8	1.80002334481105	173	20	0	0	0	10	13
114	9	5.43863889831118	219	17	0	0	0	11	13
114	11	2.06838342710398	323	18	2	0	0	12	13
