1	2	0.306741256965324	257	16	1	0	0	1	29
1	3	1.19849926279858	157	17	0	0	0	2	29
1	3	7.19688600022346	171	17	0	0	0	3	29
1	5	0.557718651136383	166	17	0	0	0	4	29
1	6	2.84816597704776	203	16	0	0	0	5	29
1	7	1.13871132791974	208	13	0	0	0	6	29
1	6	4.6700111979153	204	17	0	0	0	7	29
1	7	5.77099200733937	181	21	0	0	0	8	29
1	10	0.614897012943402	161	17	0	0	0	9	29
1	10	5.66498081083409	184	21	0	0	0	10	29
1	11	7.66307734511793	241	36	2	0	0	11	29
2	3	0.850349745946005	258	27	1	0	0	1	29
2	4	7.18891621963121	207	27	0	0	0	2	29
2	8	4.70939267869107	150	19	0	0	0	3	29
2	10	0.722406142391264	152	37	2	0	0	4	29
3	1	3.76136962021701	191	17	1	0	0	1	29
3	3	0.653330568457022	164	16	0	0	0	2	29
3	3	4.23420875752345	71	17	0	0	0	3	29
3	5	0.672174070728943	163	17	0	0	0	4	29
3	6	2.77819032710977	200	18	0	0	0	5	29
3	8	1.19182758335955	312	14	0	0	0	6	29
3	7	2.63605068391189	203	23	0	0	0	7	29
3	10	2.66210843063891	435	13	2	0	0	8	29
4	2	0.0510877943597734	263	14	1	0	0	1	29
4	3	0.823252134025097	109	18	0	0	0	2	29
4	4	5.66690336773172	590	17	0	0	0	3	29
4	5	5.54434346826747	170	21	0	0	0	4	29
4	4	5.53304298990406	233	16	0	0	0	5	29
4	5	5.7624669552315	175	14	0	0	0	6	29
4	6	3.71302441670559	155	17	0	0	0	7	29
4	8	0.0372811374254525	179	15	2	0	0	8	29
5	1	5.45269693201408	291	18	1	0	0	1	29
5	2	6.14330212306231	400	20	0	0	0	2	29
5	4	3.6296177720651	161	16	0	0	0	3	29
5	4	8.20856005395763	158	19	0	0	0	4	29
5	4	2.46560833812691	98	16	0	0	0	5	29
5	3	0.697153246495873	225	21	0	0	0	6	29
5	5	2.9659426426515	275	18	0	0	0	7	29
5	4	8.75188106088899	105	15	0	0	0	8	29
5	6	0.380477740895003	107	14	0	0	0	9	29
5	7	1.34507650043815	95	13	0	0	0	10	29
5	7	5.09520994569175	113	53	2	0	0	11	29
6	2	2.68427704041824	279	15	1	0	0	1	29
6	2	7.08841624576598	105	17	0	0	0	2	29
6	3	5.80488541303203	200	19	0	0	0	3	29
6	5	1.58196549396962	193	18	0	0	0	4	29
6	6	3.30668952572159	165	17	0	0	0	5	29
6	5	2.73700455343351	156	19	0	0	0	6	29
6	7	2.3068400034681	177	16	0	0	0	7	29
6	8	2.36320320656523	161	13	0	0	0	8	29
6	9	3.94840407022275	167	41	2	0	0	9	29
7	2	0.589900742750615	190	14	1	0	0	1	29
7	2	4.70168210100383	124	16	0	0	0	2	29
7	3	4.36514036892913	190	17	0	0	0	3	29
7	5	2.17082442413084	167	14	0	0	0	4	29
7	5	5.12769938772544	329	17	0	0	0	5	29
7	6	5.26572073157877	208	18	0	0	0	6	29
7	7	7.97630742029287	383	23	0	0	0	7	29
7	10	1.35969930514693	207	40	2	0	0	8	29
8	1	3.30113613372669	215	19	1	0	0	1	29
8	3	4.48562419763766	292	18	0	0	0	2	29
8	4	5.65856056031771	147	14	0	0	0	3	29
8	5	4.21782588446513	358	24	0	0	0	4	29
8	4	2.47171978186816	172	20	0	0	0	5	29
8	6	1.66755616175942	136	16	0	0	0	6	29
8	7	5.46661074017175	144	18	0	0	0	7	29
8	9	3.88731760112569	229	13	0	0	0	8	29
8	9	0.983631892828271	159	22	0	0	0	9	29
8	11	1.57167967990972	189	43	2	0	0	10	29
9	2	2.10698443953879	251	15	1	0	0	1	29
9	3	2.88165441644378	185	14	0	0	0	2	29
9	4	0.733782288385555	123	16	0	0	0	3	29
9	4	5.33796088746749	134	15	0	0	0	4	29
9	6	1.31381754972972	226	23	0	0	0	5	29
9	7	4.13314944668673	228	51	2	0	0	6	29
10	2	1.50640513189137	197	21	1	0	0	1	29
10	3	4.11755371792242	202	17	0	0	0	2	29
10	4	5.36659756209701	178	17	0	0	0	3	29
10	6	3.17107203253545	276	25	0	0	0	4	29
10	4	2.38030711212195	230	25	0	0	0	5	29
10	7	1.37493715039454	177	15	0	0	0	6	29
10	7	5.64818974398077	110	20	0	0	0	7	29
10	9	6.6998159987852	265	43	2	0	0	8	29
11	1	3.26427127839997	139	12	1	0	0	1	29
11	2	1.09580283844844	123	16	0	0	0	2	29
11	2	5.6874921976123	206	18	0	0	0	3	29
11	2	11.9741265517659	139	16	0	0	0	4	29
11	3	4.28166414820589	152	20	0	0	0	5	29
11	5	3.61715175095014	415	16	0	0	0	6	29
11	4	2.35350110405125	114	28	0	0	0	7	29
11	7	4.07053562905639	183	17	0	0	0	8	29
11	8	4.48739314544946	190	15	2	0	0	9	29
12	2	2.89835715247318	337	17	1	0	0	1	29
12	4	2.8939556973055	367	16	0	0	0	2	29
12	5	3.44477583700791	197	19	0	0	0	3	29
12	7	0.292243347736076	347	16	0	0	0	4	29
12	8	3.59868747065775	162	49	2	0	0	5	29
13	2	3.43680729018524	148	13	1	0	0	1	29
13	3	3.8875009410549	143	17	0	0	0	2	29
13	2	1.1402885124553	166	19	0	0	0	3	29
13	3	6.66627352731302	90	16	0	0	0	4	29
13	4	4.46023510955274	383	12	0	0	0	5	29
13	4	5.28734242124483	72	17	0	0	0	6	29
13	6	0.532425835495815	166	14	0	0	0	7	29
13	7	3.16404981911182	257	16	0	0	0	8	29
13	8	3.55828256160021	144	56	2	0	0	9	29
14	1	6.03015131922439	329	17	1	0	0	1	29
14	2	5.49591371533461	186	16	0	0	0	2	29
14	3	0.132952589774504	102	16	0	0	0	3	29
14	4	0.99049639608711	170	14	0	0	0	4	29
14	5	0.779147692490369	120	14	0	0	0	5	29
14	5	4.97251638281159	177	18	0	0	0	6	29
14	5	9.80001805187203	150	18	0	0	0	7	29
14	6	4.10881564416923	400	30	0	0	0	8	29
14	5	3.88380593829788	382	20	0	0	0	9	29
14	6	1.58075009356253	108	20	0	0	0	10	29
14	8	0.541202509542927	272	44	2	0	0	11	29
15	1	2.40396681521088	106	20	1	0	0	1	29
15	2	2.84223037981428	139	17	0	0	0	2	29
15	3	5.22338452632539	169	16	0	0	0	3	29
15	4	2.86801394820213	224	22	0	0	0	4	29
15	5	3.11180775216781	251	16	0	0	0	5	29
15	6	0.795023117912933	87	19	0	0	0	6	29
15	7	3.8406138450373	109	17	0	0	0	7	29
15	7	8.7131939555984	155	20	0	0	0	8	29
15	8	5.37362727127038	207	22	0	0	0	9	29
15	9	6.22583787050098	178	39	2	0	0	10	29
16	1	2.50023302901536	36	12	1	0	0	1	29
16	2	1.885396578582	308	15	0	0	0	2	29
16	2	7.99624153808691	257	16	0	0	0	3	29
16	3	2.56965960748494	900	14	0	0	0	4	29
16	4	1.505884825252	137	15	0	0	0	5	29
16	4	8.36623568530194	251	18	0	0	0	6	29
16	6	1.22022411134094	175	17	2	0	0	7	29
17	2	0.443770070327446	130	15	1	0	0	1	29
17	2	4.48801996605471	57	17	0	0	0	2	29
17	3	0.232877812813967	157	13	0	0	0	3	29
17	3	4.64428302878514	223	18	0	0	0	4	29
17	4	4.95437926519662	136	16	0	0	0	5	29
17	6	3.23021164722741	374	21	0	0	0	6	29
17	8	4.18336723255925	227	14	0	0	0	7	29
17	8	7.07890498451889	162	46	2	0	0	8	29
18	2	2.75937035423703	316	14	1	0	0	1	29
18	3	1.4963040552102	185	15	0	0	0	2	29
18	3	5.48798484914005	152	16	0	0	0	3	29
18	4	5.55120660807006	176	14	0	0	0	4	29
18	5	5.5607757314574	169	14	0	0	0	5	29
18	6	1.17522193910554	364	14	0	0	0	6	29
18	5	4.53808284271508	153	18	0	0	0	7	29
18	7	2.76769459573552	212	23	0	0	0	8	29
18	9	3.57755131297745	482	45	2	0	0	9	29
19	2	0.3853690600954	269	21	1	0	0	1	29
19	3	6.70979547337629	151	17	0	0	0	2	29
19	5	4.52444752398878	221	16	0	0	0	3	29
19	6	3.25072429701686	274	21	0	0	0	4	29
19	8	7.02414177055471	214	27	0	0	0	5	29
19	11	5.15764600061812	184	35	2	0	0	6	29
20	1	2.22220429731533	117	15	1	0	0	1	29
20	2	6.07914855377749	203	17	0	0	0	2	29
20	3	3.19698673370294	200	16	0	0	0	3	29
20	4	5.15052520716563	226	20	0	0	0	4	29
20	5	3.77848161314614	181	17	0	0	0	5	29
20	6	4.15411203401163	60	16	0	0	0	6	29
20	7	5.31922964914702	477	23	0	0	0	7	29
20	10	1.9724307958968	163	43	2	0	0	8	29
22	2	1.31708514806814	302	18	1	0	0	1	29
22	3	4.28389910096303	237	17	0	0	0	2	29
22	4	5.39753025351092	238	16	0	0	0	3	29
22	5	5.16177673940547	278	22	0	0	0	4	29
22	6	5.16535634174943	265	14	0	0	0	5	29
22	7	3.65544161829166	132	46	2	0	0	6	29
23	1	2.13148331618868	150	14	1	0	0	1	29
23	2	2.30356236919761	52	15	0	0	0	2	29
23	3	1.35232057608664	149	12	0	0	0	3	29
23	3	4.14022726332769	138	17	0	0	0	4	29
23	4	4.59619999490678	217	15	0	0	0	5	29
23	4	6.19210969470441	176	15	0	0	0	6	29
23	5	2.02049894514494	157	13	0	0	0	7	29
23	5	6.13217238313518	163	18	0	0	0	8	29
23	6	5.56897367443889	229	16	0	0	0	9	29
23	7	3.34309598593973	220	59	2	0	0	10	29
24	2	0.62376108719036	196	16	1	0	0	1	29
24	2	5.53609757940285	121	15	0	0	0	2	29
24	3	6.52648424962536	161	16	0	0	0	3	29
24	5	1.35343768633902	165	14	0	0	0	4	29
24	5	3.84808063157834	183	14	0	0	0	5	29
24	6	3.62357611348853	375	17	0	0	0	6	29
24	6	0.410163639578968	152	18	0	0	0	7	29
24	7	1.28332757391036	82	14	0	0	0	8	29
24	8	1.04138487484306	230	15	0	0	0	9	29
24	9	1.8843433666043	125	16	0	0	0	10	29
24	10	3.38160249125212	312	45	2	0	0	11	29
25	4	1.01940117403865	184	30	1	0	0	1	29
25	2	1.73265237291344	312	14	0	0	0	2	29
25	2	3.53292785724625	145	12	0	0	0	3	29
25	3	3.04784455290064	131	14	0	0	0	4	29
25	4	4.94483148842119	257	18	0	0	0	5	29
25	5	1.07553921826184	118	18	0	0	0	6	29
25	7	4.78904430498369	151	19	0	0	0	7	29
25	8	7.00843749404885	377	62	2	0	0	8	29
26	3	2.03262284421362	329	20	1	0	0	1	29
26	5	2.6575926381629	146	16	0	0	0	2	29
26	6	4.58201703452505	183	60	2	0	0	3	29
27	1	2.62818909157068	52	15	1	0	0	1	29
27	2	3.08261191751808	225	18	0	0	0	2	29
27	3	3.60470244288445	219	19	0	0	0	3	29
27	4	6.12022524885833	262	17	0	0	0	4	29
27	5	2.46001609833911	57	20	0	0	0	5	29
27	6	8.15267165540718	152	14	0	0	0	6	29
27	7	3.2553490223363	121	45	2	0	0	7	29
28	1	2.40142678492703	69	16	1	0	0	1	29
28	2	3.26862886687741	130	15	0	0	0	2	29
28	3	0.211492687929422	142	13	0	0	0	3	29
28	3	3.27886196272448	179	17	0	0	0	4	29
28	4	4.54051835951395	178	15	0	0	0	5	29
28	4	7.15387931908481	135	15	0	0	0	6	29
28	5	3.81127664423548	137	21	0	0	0	7	29
28	4	3.67119489773177	155	20	0	0	0	8	29
28	6	0.607822610996664	141	15	0	0	0	9	29
28	7	3.03766655968502	211	16	0	0	0	10	29
28	8	3.27076122304425	221	19	0	0	0	11	29
28	10	5.10344186378643	192	16	0	0	0	12	29
28	10	11.9111598762684	226	37	2	0	0	13	29
29	2	6.98512578150257	375	19	1	0	0	1	29
29	5	1.38934573857114	151	17	0	0	0	2	29
29	6	0.0369496992789209	157	15	0	0	0	3	29
29	6	5.05370857496746	162	19	0	0	0	4	29
29	7	7.18898637453094	228	18	0	0	0	5	29
29	7	12.57616597577	423	44	2	0	0	6	29
30	1	2.39337441558018	153	12	1	0	0	1	29
30	2	0.607453113188967	46	17	0	0	0	2	29
30	2	6.37510815821588	138	17	0	0	0	3	29
30	4	1.35990448761731	159	18	0	0	0	4	29
30	3	0.924108651699498	133	12	0	0	0	5	29
30	2	4.29570685583167	242	16	0	0	0	6	29
30	3	3.86819324130192	217	18	0	0	0	7	29
30	5	2.5603661951609	353	20	0	0	0	8	29
30	7	0.339975125622004	372	65	2	0	0	9	29
31	2	1.82111857482232	200	16	1	0	0	1	29
31	3	2.31874937261455	220	16	0	0	0	2	29
31	4	3.08212886611	181	17	0	0	0	3	29
31	6	0.542079783743247	105	17	0	0	0	4	29
31	7	2.47089884569868	142	19	0	0	0	5	29
31	8	5.56741015287116	162	14	0	0	0	6	29
31	9	2.0560196202714	96	47	2	0	0	7	29
32	2	1.12642170814797	199	12	1	0	0	1	29
32	2	4.71774086845107	144	13	0	0	0	2	29
32	3	1.97758870664984	172	12	0	0	0	3	29
32	4	1.15899053495377	113	13	0	0	0	4	29
32	5	1.69435614487156	154	12	0	0	0	5	29
32	5	5.11831511231139	216	17	0	0	0	6	29
32	6	5.92107435199432	216	19	0	0	0	7	29
32	8	3.44885181821883	373	15	2	0	0	8	29
33	1	3.28388434369117	133	13	1	0	0	1	29
33	2	1.73194526461884	179	13	0	0	0	2	29
33	3	0.148366096196696	142	17	0	0	0	3	29
33	3	5.4748077520635	132	14	0	0	0	4	29
33	4	5.03694082936272	296	14	0	0	0	5	29
33	5	1.84116530464962	122	15	0	0	0	6	29
33	6	3.21842481568456	238	15	2	0	0	7	29
34	2	4.98713439516723	280	16	1	0	0	1	29
34	3	4.77496505831368	175	14	0	0	0	2	29
34	4	2.42690998525359	133	15	0	0	0	3	29
34	5	3.9654944492504	184	16	0	0	0	4	29
34	6	1.04312781919725	80	18	0	0	0	5	29
34	7	6.8458032393828	320	22	0	0	0	6	29
34	8	7.52256216527894	183	38	2	0	0	7	29
35	2	1.61025160504505	217	15	1	0	0	1	29
35	2	6.84028164995834	152	15	0	0	0	2	29
35	3	4.45500203338452	176	15	0	0	0	3	29
35	4	5.64565122849308	501	20	0	0	0	4	29
35	6	2.22671447438188	375	16	2	0	0	5	29
36	2	0.531214275630191	136	12	1	0	0	1	29
36	2	3.62477537314408	74	18	0	0	0	2	29
36	3	2.88343315944076	136	12	0	0	0	3	29
36	3	5.33986488520168	230	18	0	0	0	4	29
36	4	5.28411461296491	334	17	0	0	0	5	29
36	5	5.06190303061157	241	19	0	0	0	6	29
36	6	3.38443732913584	210	12	0	0	0	7	29
36	7	0.945226055569947	105	17	0	0	0	8	29
36	7	5.58501271833666	294	15	0	0	0	9	29
36	8	3.53421028214507	450	66	2	0	0	10	29
37	2	4.24549634149298	326	14	1	0	0	1	29
37	3	2.72133014979772	145	18	0	0	0	2	29
37	4	4.03141851071268	173	16	0	0	0	3	29
37	6	1.31569623644464	428	14	0	0	0	4	29
37	6	5.5200129467994	107	19	0	0	0	5	29
37	8	0.220625075045973	395	67	2	0	0	6	29
38	2	0.83318031183444	189	15	1	0	0	1	29
38	2	4.38151991763152	176	16	0	0	0	2	29
38	3	4.45194631395862	216	16	0	0	0	3	29
38	3	8.99319791281596	124	17	0	0	0	4	29
38	5	0.533671930897981	176	14	0	0	0	5	29
38	5	5.90904055023566	150	16	0	0	0	6	29
38	6	5.2934905688744	199	18	0	0	0	7	29
38	8	3.09476119466126	160	19	0	0	0	8	29
38	9	6.02056812425144	350	18	2	0	0	9	29
39	2	3.83717076759785	308	27	1	0	0	1	29
39	3	2.06783298682421	150	19	0	0	0	2	29
39	5	0.188555763103068	160	19	0	0	0	3	29
39	6	1.55747731239535	63	26	0	0	0	4	29
39	8	3.66328734415583	224	14	0	0	0	5	29
39	9	3.22164348699152	124	39	2	0	0	6	29
40	1	4.25458845798858	266	19	1	0	0	1	29
40	3	3.40361464908347	167	16	0	0	0	2	29
40	4	4.47239560936578	167	15	0	0	0	3	29
40	5	2.50741096725687	192	22	0	0	0	4	29
40	6	6.70161641179584	163	20	0	0	0	5	29
40	9	0.450120953144506	166	22	0	0	0	6	29
40	10	3.99036925681867	166	13	0	0	0	7	29
40	11	2.53589723166078	72	39	2	0	0	8	29
41	2	0.21081907604821	292	15	1	0	0	1	29
41	2	6.41848075250164	149	17	0	0	0	2	29
41	3	0.246330183697864	152	16	0	0	0	3	29
41	3	6.49131359555759	126	18	0	0	0	4	29
41	5	1.33435622090474	154	17	0	0	0	5	29
41	6	5.01253260811791	264	18	0	0	0	6	29
41	7	6.78650541952811	164	46	2	0	0	7	29
42	2	0.509831734467298	192	16	1	0	0	1	29
42	3	2.12194584496319	207	16	0	0	0	2	29
42	3	5.59376112092286	64	16	0	0	0	3	29
42	4	5.62951178709045	301	18	0	0	0	4	29
42	6	1.18068440444767	168	16	0	0	0	5	29
42	8	0.318280266132206	157	14	0	0	0	6	29
42	8	5.01854314282537	201	13	0	0	0	7	29
42	8	9.56288656662218	130	17	0	0	0	8	29
42	9	6.82529151416384	188	48	0	0	0	9	29
42	9	10.3936113624368	301	13	2	0	0	10	29
43	2	2.77362602786161	334	16	1	0	0	1	29
43	3	3.58473665476777	253	14	0	0	0	2	29
43	2	4.36587714357302	153	20	0	0	0	3	29
43	4	4.28509599389508	259	21	0	0	0	4	29
43	6	0.53892859374173	219	20	0	0	0	5	29
43	7	2.05785523285158	252	17	2	0	0	6	29
45	1	6.88814586168155	177	14	1	0	0	1	29
45	1	4.27383891656063	143	19	0	0	0	2	29
45	2	3.34636673633941	204	20	0	0	0	3	29
45	5	2.88894326100126	188	18	0	0	0	4	29
45	5	8.98387102107517	315	27	0	0	0	5	29
45	7	2.78290494461544	170	51	2	0	0	6	29
46	1	4.27200987725519	247	17	1	0	0	1	29
46	3	1.826220307732	161	15	0	0	0	2	29
46	3	5.12909573619254	170	17	0	0	0	3	29
46	4	2.27014271379448	221	20	0	0	0	4	29
46	5	3.75054969871417	221	14	0	0	0	5	29
46	6	0.340417180676013	132	13	0	0	0	6	29
46	6	3.32217474537902	165	15	0	0	0	7	29
46	7	3.73866044403985	158	18	2	0	0	8	29
47	3	3.84890249627642	154	39	1	0	0	1	29
47	2	2.23795776348561	175	16	0	0	0	2	29
47	2	8.99257313320413	67	18	0	0	0	3	29
47	4	0.609579244395718	184	17	0	0	0	4	29
47	5	2.84325446421281	316	18	0	0	0	5	29
47	6	3.64456601208076	144	22	0	0	0	6	29
47	7	2.46202624216676	128	18	0	0	0	7	29
47	9	0.713941080262884	197	13	2	0	0	8	29
49	2	0.735871171345934	262	16	1	0	0	1	29
49	3	1.26600948697887	99	13	0	0	0	2	29
49	4	0.058445752132684	175	16	0	0	0	3	29
49	4	6.49399170908146	271	23	0	0	0	4	29
49	3	4.08050972037017	198	19	0	0	0	5	29
49	4	5.72247106023133	142	28	0	0	0	6	29
49	3	1.62106781313196	222	18	0	0	0	7	29
49	2	2.27376241493039	200	19	0	0	0	8	29
49	1	2.79671066626906	226	33	0	0	0	9	29
49	5	0.126601070631295	159	15	0	0	0	10	29
49	5	5.02516352105886	80	14	0	0	0	11	29
49	6	2.82021828740835	153	16	0	0	0	12	29
49	8	1.52955217007548	129	18	2	0	0	13	29
50	1	3.6530648698099	124	15	1	0	0	1	29
50	2	2.95030131516978	79	16	0	0	0	2	29
50	2	7.29669627826661	162	17	0	0	0	3	29
50	3	3.86636164900847	189	17	0	0	0	4	29
50	4	1.0699225240387	99	15	0	0	0	5	29
50	5	1.62858775327913	137	19	0	0	0	6	29
50	7	3.31449794140644	224	18	0	0	0	7	29
50	6	0.453437275253236	298	29	0	0	0	8	29
50	9	2.89437432587147	206	13	2	0	0	9	29
51	2	1.60634338529781	293	21	1	0	0	1	29
51	3	5.65111761819571	303	16	0	0	0	2	29
51	4	3.50859660096467	204	14	0	0	0	3	29
51	5	3.94664175296202	77	19	0	0	0	4	29
51	7	2.13052685861476	193	17	0	0	0	5	29
51	8	4.47312257206067	248	17	0	0	0	6	29
51	9	3.15915376134217	193	19	0	0	0	7	29
51	11	0.541658427799121	228	14	2	0	0	8	29
52	3	1.68688818067312	147	12	1	0	0	1	29
52	2	8.58254029857926	113	16	0	0	0	2	29
52	2	2.79680276103318	207	22	0	0	0	3	29
52	3	2.26700761797838	156	23	0	0	0	4	29
52	5	2.38481132313609	221	15	2	0	0	5	29
53	2	0.762111699674278	229	14	1	0	0	1	29
53	2	6.18770340504125	145	16	0	0	0	2	29
53	3	4.55980835598893	264	17	0	0	0	3	29
53	4	1.60360516561195	125	14	0	0	0	4	29
53	5	2.90670873015188	225	12	0	0	0	5	29
53	5	5.18120550736785	160	19	0	0	0	6	29
53	6	1.54652399197221	220	14	0	0	0	7	29
53	6	4.97758619696833	304	14	0	0	0	8	29
53	8	1.97430254146457	80	16	0	0	0	9	29
53	8	7.00834867474623	163	14	0	0	0	10	29
53	9	4.93908929429017	85	46	2	0	0	11	29
54	2	3.39063334651291	149	16	1	0	0	1	29
54	3	1.15754852094688	100	15	0	0	0	2	29
54	4	1.48382045770995	141	41	0	0	0	3	29
54	7	5.16225989419036	134	20	0	0	0	4	29
54	8	5.17122990824282	127	46	2	0	0	5	29
55	2	3.60964309470728	268	19	1	0	0	1	29
55	3	5.77405240689404	462	17	0	0	0	2	29
55	4	4.69803681806661	160	15	0	0	0	3	29
55	6	1.49254849669524	148	17	0	0	0	4	29
55	8	0.53609164012596	159	25	0	0	0	5	29
55	9	2.96686513116583	163	17	0	0	0	6	29
55	10	1.36276900395751	122	43	2	0	0	7	29
56	2	1.33741782745346	296	16	1	0	0	1	29
56	3	0.817559887655079	130	16	0	0	0	2	29
56	4	3.05347757507116	238	17	0	0	0	3	29
56	5	2.11160084581934	164	19	0	0	0	4	29
56	6	6.49852006067522	246	17	0	0	0	5	29
56	7	2.74371492723003	188	49	2	0	0	6	29
57	2	2.9590107544791	388	18	1	0	0	1	29
57	3	4.26448457245715	264	15	0	0	0	2	29
57	4	1.31414385931566	61	15	0	0	0	3	29
57	5	2.60587575938553	175	16	0	0	0	4	29
57	6	3.15312212775461	174	17	0	0	0	5	29
57	7	4.8123332625255	184	21	2	0	0	6	29
58	1	5.76863407203928	263	18	1	0	0	1	29
58	3	3.12771854898892	213	17	0	0	0	2	29
58	4	3.33849925687537	178	20	0	0	0	3	29
58	6	1.74154383479618	169	14	0	0	0	4	29
58	6	4.60057508875616	91	16	0	0	0	5	29
58	7	4.25480078696273	194	18	0	0	0	6	29
58	9	2.97569614741951	234	13	2	0	0	7	29
59	2	2.40538639971055	285	17	1	0	0	1	29
59	2	6.42398221883923	299	18	0	0	0	2	29
59	3	6.52572006871924	150	20	0	0	0	3	29
59	5	5.63335074158385	169	14	0	0	0	4	29
59	6	3.54247365496121	280	21	0	0	0	5	29
59	9	1.85421211016364	229	19	2	0	0	6	29
60	3	3.63879385078326	165	25	1	0	0	1	29
60	2	3.24962764815427	176	22	0	0	0	2	29
60	4	1.25084462040104	149	21	0	0	0	3	29
60	7	1.02472578198649	115	16	0	0	0	4	29
60	8	1.37657871982083	231	21	0	0	0	5	29
60	9	6.90241841669194	242	16	0	0	0	6	29
60	9	11.902323015267	125	36	2	0	0	7	29
61	2	1.66405662451871	334	16	1	0	0	1	29
61	2	8.16339939599857	330	21	0	0	0	2	29
61	3	6.31589791877195	148	15	0	0	0	3	29
61	4	5.03844431438483	234	20	0	0	0	4	29
61	6	3.83343476778828	167	17	0	0	0	5	29
61	7	0.899323150515556	157	13	0	0	0	6	29
61	7	4.59594518807717	166	41	2	0	0	7	29
62	2	2.00861996388994	220	17	1	0	0	1	29
62	3	2.23104267078452	194	14	0	0	0	2	29
62	3	5.06584628950804	125	17	0	0	0	3	29
62	4	4.62318737176247	201	19	0	0	0	4	29
62	6	1.09461674629711	183	12	0	0	0	5	29
62	6	4.42767258593813	248	16	0	0	0	6	29
62	6	8.42026924015954	194	15	0	0	0	7	29
62	6	3.10450372635387	142	21	0	0	0	8	29
62	8	1.76657479535788	132	16	0	0	0	9	29
62	8	6.42636293871328	252	59	2	0	0	10	29
63	2	3.65254994109273	257	26	1	0	0	1	29
63	4	1.0042144311592	184	18	0	0	0	2	29
63	5	3.89089517248794	83	22	0	0	0	3	29
63	9	2.82231600023806	259	42	2	0	0	4	29
64	2	1.19936054665595	272	15	1	0	0	1	29
64	3	0.457067559706047	192	15	0	0	0	2	29
64	3	4.38403350790031	203	18	0	0	0	3	29
64	4	5.84705564472824	159	17	0	0	0	4	29
64	6	3.15079392399639	134	17	0	0	0	5	29
64	7	7.49980079010129	243	17	0	0	0	6	29
64	8	1.32532643526793	149	16	0	0	0	7	29
64	8	6.73822119017132	165	20	0	0	0	8	29
64	9	5.24161624279805	390	22	2	0	0	9	29
65	3	6.72694648732431	140	28	1	0	0	1	29
65	1	5.29303964297287	169	39	0	0	0	2	29
65	6	2.72358197718859	135	17	0	0	0	3	29
65	8	0.595748225226998	173	21	0	0	0	4	29
65	10	4.54815528448671	240	25	0	0	0	5	29
65	11	6.78587986784987	189	32	2	0	0	6	29
66	2	0.795770858880132	278	18	1	0	0	1	29
66	3	3.18376644258387	260	18	0	0	0	2	29
66	4	3.77037072880194	214	13	0	0	0	3	29
66	4	6.86452696821652	130	16	0	0	0	4	29
66	6	0.255584997357801	172	13	0	0	0	5	29
66	6	3.02143497602083	185	20	0	0	0	6	29
66	7	4.64484918978997	220	18	0	0	0	7	29
66	9	0.453856423264369	167	17	0	0	0	8	29
66	9	5.04288082104176	182	15	0	0	0	9	29
66	10	5.49983031325974	416	22	0	0	0	10	29
66	11	4.37129468726926	375	36	2	0	0	11	29
67	2	0.504970603389665	215	21	1	0	0	1	29
67	3	2.57480806205422	231	13	0	0	0	2	29
67	2	5.94641934311949	187	19	0	0	0	3	29
67	4	1.24223577021621	114	16	0	0	0	4	29
67	4	6.34088346385397	226	12	0	0	0	5	29
67	4	10.4323441935703	128	17	0	0	0	6	29
67	6	2.85447238781489	194	15	0	0	0	7	29
67	6	7.77429137192667	150	19	0	0	0	8	29
67	7	5.82596947299317	642	46	2	0	0	9	29
68	1	3.19241521181539	32	21	1	0	0	1	29
68	3	4.35400935844518	124	12	0	0	0	2	29
68	3	2.24459649994969	158	16	0	0	0	3	29
68	4	1.42452377220616	87	20	0	0	0	4	29
68	6	3.44689312600531	163	25	0	0	0	5	29
68	7	10.4598338415381	198	44	2	0	0	6	29
69	2	0.700450886273757	238	15	1	0	0	1	29
69	2	5.43336131074466	193	22	0	0	0	2	29
69	3	5.90522904135287	232	18	0	0	0	3	29
69	4	6.0378472104203	253	16	0	0	0	4	29
69	5	6.48614953504875	404	12	0	0	0	5	29
69	5	4.90718208067119	220	15	0	0	0	6	29
69	6	2.08340598223731	173	16	0	0	0	7	29
69	7	3.00829938543029	207	23	2	0	0	8	29
70	1	4.6995905037038	301	17	1	0	0	1	29
70	2	4.76159188314341	73	17	0	0	0	2	29
70	3	6.1194122841116	309	17	0	0	0	3	29
70	5	2.3167678816244	172	14	0	0	0	4	29
70	5	6.52553583914414	160	20	0	0	0	5	29
70	6	5.96434148214757	167	18	0	0	0	6	29
70	5	8.86528853932396	164	17	0	0	0	7	29
70	5	4.79270157543942	93	28	0	0	0	8	29
70	7	6.66187927406281	328	24	0	0	0	9	29
70	9	4.73510030843318	256	17	0	0	0	10	29
70	10	3.78295169747435	273	16	2	0	0	11	29
71	2	0.705921327229589	232	18	1	0	0	1	29
71	3	2.49121129815467	201	12	0	0	0	2	29
71	3	5.33165941480547	120	18	0	0	0	3	29
71	4	5.42671987856738	215	17	0	0	0	4	29
71	7	0.205063909292221	221	15	0	0	0	5	29
71	7	4.84391247131862	193	18	0	0	0	6	29
71	8	5.8073125674855	172	23	0	0	0	7	29
71	11	3.8974336811807	190	13	2	0	0	8	29
72	2	3.07085800846107	351	16	1	0	0	1	29
72	2	0.0777170804794878	174	16	0	0	0	2	29
72	3	0.382144613889977	166	15	0	0	0	3	29
72	3	5.61065674782731	152	17	0	0	0	4	29
72	4	4.17682332615368	181	15	0	0	0	5	29
72	5	1.03053690982051	133	17	0	0	0	6	29
72	6	2.04277773923241	206	18	0	0	0	7	29
72	7	4.39099911320955	324	12	0	0	0	8	29
72	7	7.59300705743954	61	46	2	0	0	9	29
74	2	2.15824238280766	288	14	1	0	0	1	29
74	3	3.35642465180717	139	16	0	0	0	2	29
74	4	3.84275879105553	135	15	0	0	0	3	29
74	5	2.73311911826022	117	15	0	0	0	4	29
74	7	0.0319182381499559	147	16	0	0	0	5	29
74	7	6.84550605132245	181	18	0	0	0	6	29
74	8	7.17524764756672	263	20	0	0	0	7	29
74	10	2.60515224700794	310	39	2	0	0	8	29
75	1	2.14918591408059	28	12	1	0	0	1	29
75	2	3.1451306019444	324	17	0	0	0	2	29
75	3	6.89586820546538	391	18	0	0	0	3	29
75	4	5.4961789031513	435	20	0	0	0	4	29
75	5	6.77607482927851	444	16	0	0	0	5	29
75	6	3.51162456790917	94	19	0	0	0	6	29
75	8	3.86710043740459	151	16	0	0	0	7	29
75	9	5.93152801855467	158	40	2	0	0	8	29
76	1	1.31944463029504	129	16	1	0	0	1	29
76	2	3.85620765085332	152	30	0	0	0	2	29
76	5	3.36842346098274	225	20	0	0	0	3	29
76	6	5.96439762949012	217	19	0	0	0	4	29
76	7	2.58544516866095	200	22	0	0	0	5	29
76	9	2.66907429299317	161	39	2	0	0	6	29
77	2	3.28537651081569	308	15	1	0	0	1	29
77	3	1.06405717693269	180	15	0	0	0	2	29
77	3	4.49356278567575	334	16	0	0	0	3	29
77	4	3.86839858745225	339	19	0	0	0	4	29
77	3	3.51390611566603	206	22	0	0	0	5	29
77	5	2.48903813445941	690	34	0	0	0	6	29
77	3	2.13536275294609	449	14	0	0	0	7	29
77	4	4.58808924583718	163	15	0	0	0	8	29
77	5	3.52484852448106	157	18	0	0	0	9	29
77	7	1.84536324068904	232	18	2	0	0	10	29
78	2	0.185144999995828	187	16	1	0	0	1	29
78	2	7.1866780531127	222	17	0	0	0	2	29
78	3	4.84879558114335	255	19	0	0	0	3	29
78	4	4.79987482749857	190	17	0	0	0	4	29
78	6	1.23172480799258	158	16	0	0	0	5	29
78	6	4.64798214915209	162	21	0	0	0	6	29
78	8	4.17228764458559	185	13	0	0	0	7	29
78	9	0.804632833693177	170	22	0	0	0	8	29
78	10	6.52345368359238	276	40	2	0	0	9	29
79	2	0.382854035822675	224	20	1	0	0	1	29
79	3	3.06679214071482	186	16	0	0	0	2	29
79	5	0.128925892990083	163	20	0	0	0	3	29
79	7	3.91948744282126	142	16	0	0	0	4	29
79	8	6.38795568561181	346	19	0	0	0	5	29
79	9	5.46349785709754	336	18	0	0	0	6	29
79	10	3.73063216521405	175	39	2	0	0	7	29
80	2	3.3361923804041	278	17	1	0	0	1	29
80	3	3.5774156965781	202	21	0	0	0	2	29
80	5	4.56377214798704	234	18	0	0	0	3	29
80	6	3.23875095928088	159	22	0	0	0	4	29
80	8	1.64932799641974	145	15	0	0	0	5	29
80	8	5.98830767790787	141	17	0	0	0	6	29
80	9	2.64459783001803	221	41	2	0	0	7	29
81	2	1.63604738167487	134	14	1	0	0	1	29
81	2	3.91574895312078	181	14	0	0	0	2	29
81	2	7.40463381144218	114	17	0	0	0	3	29
81	3	6.76041679992341	405	16	0	0	0	4	29
81	4	3.43564010527916	327	15	0	0	0	5	29
81	5	4.46750409179367	235	31	0	0	0	6	29
81	3	4.2668274990283	276	16	0	0	0	7	29
81	3	8.38809656607918	148	19	0	0	0	8	29
81	5	1.71397074428387	155	17	0	0	0	9	29
81	6	5.9775438006036	211	21	0	0	0	10	29
81	8	3.1847665370442	190	18	2	0	0	11	29
82	2	2.0028731606435	266	16	1	0	0	1	29
82	3	1.81385977985337	169	19	0	0	0	2	29
82	3	7.91834695450962	375	20	0	0	0	3	29
82	5	1.62106272252277	208	24	0	0	0	4	29
82	7	6.13717024074867	416	19	0	0	0	5	29
82	8	3.09924715035595	193	15	0	0	0	6	29
82	8	6.03728103009053	123	18	0	0	0	7	29
82	9	4.73011385137215	254	13	0	0	0	8	29
82	10	1.39617585251108	119	42	2	0	0	9	29
83	2	1.44872341002338	190	13	1	0	0	1	29
83	2	5.19425552408211	139	16	0	0	0	2	29
83	3	3.03910708450712	37	23	0	0	0	3	29
83	4	1.7015895571094	138	15	0	0	0	4	29
83	4	4.09500378975645	215	20	0	0	0	5	29
83	5	5.59725848492235	204	20	0	0	0	6	29
83	8	0.342724002897739	181	14	0	0	0	7	29
83	8	5.7354049468413	209	13	0	0	0	8	29
83	8	7.64642360317521	207	22	0	0	0	9	29
83	9	7.91240120306611	210	15	0	0	0	10	29
83	9	11.2975106684025	144	14	0	0	0	11	29
83	9	6.3278406211175	270	18	0	0	0	12	29
83	9	14.6061673602089	142	36	2	0	0	13	29
84	1	2.77464444260113	124	16	1	0	0	1	29
84	2	3.31981052039191	162	13	0	0	0	2	29
84	3	2.08450540225022	109	18	0	0	0	3	29
84	5	0.193483766634017	173	15	0	0	0	4	29
84	5	5.82114779762924	222	30	0	0	0	5	29
84	8	7.22510397480801	215	14	0	0	0	6	29
84	8	3.73701663920656	201	21	0	0	0	7	29
84	9	3.7245620735921	124	49	2	0	0	8	29
86	2	4.64677840517834	147	13	1	0	0	1	29
86	2	1.72914864425547	154	18	0	0	0	2	29
86	2	6.343440531753	184	17	0	0	0	3	29
86	3	5.40616466337815	131	15	0	0	0	4	29
86	4	5.02297328761779	402	18	0	0	0	5	29
86	6	0.973784268135205	369	23	0	0	0	6	29
86	7	2.55309174908325	187	15	0	0	0	7	29
86	8	3.72399369999766	123	18	0	0	0	8	29
86	9	2.97692541708238	228	15	2	0	0	9	29
87	2	0.561697486555204	140	14	1	0	0	1	29
87	2	3.58094633673318	123	13	0	0	0	2	29
87	3	0.610395634314045	168	16	0	0	0	3	29
87	4	0.271395538235083	216	16	0	0	0	4	29
87	4	6.71463280636817	171	17	0	0	0	5	29
87	6	1.18797858199105	159	12	0	0	0	6	29
87	6	3.25669017573819	219	21	0	0	0	7	29
87	7	4.21468456671573	186	21	2	0	0	8	29
88	1	2.85682353703305	221	12	1	0	0	1	29
88	2	0.680820618988946	322	19	0	0	0	2	29
88	3	3.53018383216113	141	16	0	0	0	3	29
88	3	8.17452957760543	146	18	0	0	0	4	29
88	5	2.78347257175483	169	16	0	0	0	5	29
88	6	0.777965598506853	67	19	0	0	0	6	29
88	7	0.97176265437156	150	12	0	0	0	7	29
88	6	5.74551612487994	202	18	0	0	0	8	29
88	7	5.75183837139048	218	21	0	0	0	9	29
88	9	4.86447767657228	213	16	0	0	0	10	29
88	9	0.457077241269872	237	43	2	0	0	11	29
89	1	2.87101933453232	138	15	1	0	0	1	29
89	2	2.16630447725765	138	14	0	0	0	2	29
89	2	6.87201512348838	80	16	0	0	0	3	29
89	3	6.32804908230901	174	13	0	0	0	4	29
89	4	0.0383920341264457	104	15	0	0	0	5	29
89	5	0.704183488618582	146	17	0	0	0	6	29
89	6	4.88348974264227	227	15	0	0	0	7	29
89	6	9.5843061809428	184	20	0	0	0	8	29
89	7	4.51860006968491	196	19	0	0	0	9	29
89	8	5.14275566348806	250	41	2	0	0	10	29
90	1	4.99317653570324	144	13	1	0	0	1	29
90	2	2.48961179377511	127	14	0	0	0	2	29
90	2	5.43523323512636	151	16	0	0	0	3	29
90	3	5.11022602883168	189	14	0	0	0	4	29
90	3	10.0151226434391	152	17	0	0	0	5	29
90	5	0.980762155493721	202	20	0	0	0	6	29
90	6	2.10685228742659	197	15	0	0	0	7	29
90	6	5.0316516328603	76	20	0	0	0	8	29
90	7	6.19268037192523	282	15	0	0	0	9	29
90	9	0.192264571320266	165	54	2	0	0	10	29
91	1	3.59833145537414	146	14	1	0	0	1	29
91	2	3.95403461367823	42	19	0	0	0	2	29
91	2	9.70664532249793	181	17	0	0	0	3	29
91	2	13.9088672213256	134	16	0	0	0	4	29
91	4	4.37886227341369	189	20	0	0	0	5	29
91	6	0.556953757535666	158	18	0	0	0	6	29
91	7	6.12665989086963	389	25	0	0	0	7	29
91	8	3.12766931811348	217	22	0	0	0	8	29
91	10	1.97247364046052	240	14	2	0	0	9	29
92	1	4.62367050442845	265	17	1	0	0	1	29
92	3	1.13228698982857	148	15	0	0	0	2	29
92	3	5.45792118203826	151	17	0	0	0	3	29
92	4	5.91005338192917	205	17	0	0	0	4	29
92	5	6.57279599551111	190	23	0	0	0	5	29
92	7	3.41741223633289	167	15	0	0	0	6	29
92	8	6.31940363743342	226	17	0	0	0	7	29
92	9	5.96710125938989	191	21	0	0	0	8	29
92	10	7.2663105125539	303	38	2	0	0	9	29
93	2	0.573767309542745	206	15	1	0	0	1	29
93	2	5.83389521646313	160	17	0	0	0	2	29
93	3	5.90619336324744	264	18	0	0	0	3	29
93	5	0.422399692703038	162	17	0	0	0	4	29
93	5	7.21735806786455	184	21	0	0	0	5	29
93	6	4.56075321882963	185	17	0	0	0	6	29
93	7	6.54355872818269	384	25	0	0	0	7	29
93	8	6.17390638310462	197	33	2	0	0	8	29
94	2	1.2786532996688	262	15	1	0	0	1	29
94	3	0.878477568505332	94	18	0	0	0	2	29
94	5	3.18863125448115	159	29	0	0	0	3	29
94	6	5.06414480693638	243	22	0	0	0	4	29
94	8	7.0685930182226	164	13	0	0	0	5	29
94	8	4.05732038943097	121	21	0	0	0	6	29
94	9	5.22546804300509	151	38	2	0	0	7	29
95	2	2.71132010244764	288	17	1	0	0	1	29
95	3	3.80430384865031	99	15	0	0	0	2	29
95	4	3.73729958571494	395	12	0	0	0	3	29
95	5	1.85364406905137	200	15	0	0	0	4	29
95	5	6.51913993898779	173	16	0	0	0	5	29
95	6	3.8799367104657	242	12	0	0	0	6	29
95	7	2.7539205995854	122	16	0	0	0	7	29
95	7	7.79795465245843	157	51	2	0	0	8	29
96	3	0.45341316005215	295	14	1	0	0	1	29
96	2	0.993289316305891	175	33	0	0	0	2	29
96	6	2.13774900208227	143	16	0	0	0	3	29
96	7	5.24805262079462	174	18	0	0	0	4	29
96	8	5.37273347913288	185	22	0	0	0	5	29
96	10	2.42403599596582	194	16	0	0	0	6	29
96	11	2.25484370393679	160	17	0	0	0	7	29
96	12	2.02783509832807	123	42	2	0	0	8	29
97	2	2.18042117194273	280	17	1	0	0	1	29
97	3	1.54509395058267	152	17	0	0	0	2	29
97	3	6.40654514310881	146	16	0	0	0	3	29
97	4	4.28067949134856	181	18	0	0	0	4	29
97	6	1.77604019618593	365	21	0	0	0	5	29
97	9	0.575998455518857	189	13	2	0	0	6	29
98	2	2.90219201031141	130	13	1	0	0	1	29
98	2	4.2764511492569	225	17	0	0	0	2	29
98	4	0.890822199871764	170	18	0	0	0	3	29
98	4	5.8133943923749	227	19	0	0	0	4	29
98	5	5.48211250174791	264	18	0	0	0	5	29
98	6	5.06327546061948	201	18	0	0	0	6	29
98	7	2.54994913609698	164	15	0	0	0	7	29
98	9	0.306931268190965	154	21	0	0	0	8	29
98	10	3.2866102186963	245	37	2	0	0	9	29
99	2	0.258341216249391	213	18	1	0	0	1	29
99	2	7.00753229577094	215	15	0	0	0	2	29
99	3	3.56733613274992	168	17	0	0	0	3	29
99	5	0.347811612300575	158	14	0	0	0	4	29
99	5	5.48852537269704	190	14	0	0	0	5	29
99	6	3.56990574556403	258	14	0	0	0	6	29
99	5	5.60707113705575	148	15	0	0	0	7	29
99	6	5.86584704788402	169	18	0	0	0	8	29
99	8	3.69774198834784	199	13	0	0	0	9	29
99	8	6.54170650010929	126	63	2	0	0	10	29
100	2	1.49942394229583	214	18	1	0	0	1	29
100	3	2.53881788835861	200	15	0	0	0	2	29
100	4	0.000373871065676212	131	18	0	0	0	3	29
100	5	5.14879983640276	221	24	0	0	0	4	29
100	6	3.76653300318867	194	16	0	0	0	5	29
100	6	8.5374140846543	77	19	0	0	0	6	29
100	8	3.12580312276259	244	24	0	0	0	7	29
100	9	5.36422323063016	199	20	0	0	0	8	29
100	10	3.16753205331042	89	33	2	0	0	9	29
101	2	3.96734845009632	310	20	1	0	0	1	29
101	3	1.64030948258005	168	18	0	0	0	2	29
101	4	0.0860060227569193	148	20	0	0	0	3	29
101	5	3.17295580846258	267	18	0	0	0	4	29
101	6	3.68560208636336	66	17	0	0	0	5	29
101	7	0.941841306863353	372	15	0	0	0	6	29
101	8	2.12845733878203	159	16	0	0	0	7	29
101	9	0.534444323042408	159	13	0	0	0	8	29
101	10	1.68891967111267	190	37	2	0	0	9	29
102	1	2.40580013534054	115	15	1	0	0	1	29
102	2	3.49320067325607	151	18	0	0	0	2	29
102	3	3.99162579071708	135	16	0	0	0	3	29
102	5	2.78498542681336	225	20	0	0	0	4	29
102	6	1.37379508512095	226	14	0	0	0	5	29
102	6	6.1455351614859	115	16	0	0	0	6	29
102	7	5.28220507013611	165	17	0	0	0	7	29
102	8	5.6581157753244	326	16	0	0	0	8	29
102	9	2.11668821051717	138	46	2	0	0	9	29
103	2	2.05356838041916	272	19	1	0	0	1	29
103	3	3.30843225796707	179	15	0	0	0	2	29
103	3	6.32166628772393	127	15	0	0	0	3	29
103	4	6.61523696151562	232	18	0	0	0	4	29
103	6	0.242998777190223	301	20	0	0	0	5	29
103	8	0.213197158183903	263	16	0	0	0	6	29
103	8	5.43728923401795	126	47	2	0	0	7	29
104	1	3.64447858720087	137	19	1	0	0	1	29
104	2	2.13656653743237	55	18	0	0	0	2	29
104	2	7.93616688926704	159	20	0	0	0	3	29
104	3	3.9746939574834	168	19	0	0	0	4	29
104	2	5.82515405328013	482	18	0	0	0	5	29
104	4	1.27887520752847	147	17	0	0	0	6	29
104	4	8.57315962482244	183	21	0	0	0	7	29
104	7	1.58538368204609	175	15	0	0	0	8	29
104	7	4.03376184590161	159	20	0	0	0	9	29
104	8	3.6012813418638	198	24	0	0	0	10	29
104	10	3.95097178220749	211	39	2	0	0	11	29
105	2	0.0358594951685518	110	14	1	0	0	1	29
105	2	4.55475027300417	124	15	0	0	0	2	29
105	3	1.26279703853652	88	14	0	0	0	3	29
105	3	6.98184705735184	235	17	0	0	0	4	29
105	5	1.56619726633653	181	15	0	0	0	5	29
105	6	3.77781818108633	328	16	2	0	0	6	29
106	1	3.21941712172702	134	12	1	0	0	1	29
106	2	1.14534755051136	77	16	0	0	0	2	29
106	2	5.72231411165558	181	17	0	0	0	3	29
106	3	1.07748475275002	177	15	0	0	0	4	29
106	3	5.188175549265	152	21	0	0	0	5	29
106	2	6.72179617104121	377	17	0	0	0	6	29
106	3	4.51119145075791	235	16	0	0	0	7	29
106	4	2.82097389898263	160	17	0	0	0	8	29
106	5	2.76014342624694	162	15	0	0	0	9	29
106	6	3.79520371509716	140	19	0	0	0	10	29
106	7	6.26623137388378	261	43	2	0	0	11	29
107	2	2.81900185835548	236	16	1	0	0	1	29
107	2	8.32331139966846	134	16	0	0	0	2	29
107	3	6.76965420949273	164	17	0	0	0	3	29
107	5	1.54762397916056	270	20	0	0	0	4	29
107	6	5.96523021045141	237	19	0	0	0	5	29
107	8	2.23492967104539	423	23	0	0	0	6	29
107	10	4.55120470817201	361	20	0	0	0	7	29
107	11	5.2588737430051	188	37	2	0	0	8	29
108	1	1.21704895608127	122	15	1	0	0	1	29
108	2	1.36578976013698	139	16	0	0	0	2	29
108	2	6.59173018462025	155	16	0	0	0	3	29
108	3	3.82767488551326	143	18	0	0	0	4	29
108	4	4.06805237289518	357	28	0	0	0	5	29
108	3	0.669640094507486	229	19	0	0	0	6	29
108	4	3.34065197664313	188	19	0	0	0	7	29
108	6	0.816757382825017	197	14	0	0	0	8	29
108	5	1.31190047389828	150	27	0	0	0	9	29
108	9	3.92031284142286	175	17	2	0	0	10	29
109	2	10.9710754635744	134	27	1	0	0	1	29
109	2	2.7842518449761	213	37	0	0	0	2	29
109	5	2.95620929356664	177	20	0	0	0	3	29
109	6	5.59877705364488	182	25	0	0	0	4	29
109	9	5.83721895399503	157	36	2	0	0	5	29
110	2	0.502911572577432	146	12	1	0	0	1	29
110	2	3.95456011849456	143	20	0	0	0	2	29
110	3	0.926780693698674	166	16	0	0	0	3	29
110	3	4.02578528015874	173	13	0	0	0	4	29
110	4	3.28749422123656	164	15	0	0	0	5	29
110	5	5.0749970888719	182	19	0	0	0	6	29
110	7	3.11100516119041	171	14	0	0	0	7	29
110	7	5.04777493234724	204	21	0	0	0	8	29
110	8	5.14386924984865	218	21	0	0	0	9	29
110	10	1.81582435918972	364	19	0	0	0	10	29
110	10	7.31099182995968	163	15	0	0	0	11	29
110	10	11.2384839805309	160	17	0	0	0	12	29
110	10	6.78485812409781	366	13	0	0	0	13	29
110	10	11.1504338425584	197	51	2	0	0	14	29
111	2	1.12241327762604	195	12	1	0	0	1	29
111	2	6.97322573163547	133	17	0	0	0	2	29
111	2	12.9320876516867	159	15	0	0	0	3	29
111	3	0.663352875504643	105	15	0	0	0	4	29
111	3	6.19735919777304	148	17	0	0	0	5	29
111	5	4.47696980903856	421	19	0	0	0	6	29
111	7	0.0961878034286201	204	19	0	0	0	7	29
111	8	3.0430317807477	415	23	0	0	0	8	29
111	9	5.63247385923751	236	14	0	0	0	9	29
111	10	4.70956224296242	127	32	2	0	0	10	29
112	2	3.35865516401827	281	17	1	0	0	1	29
112	4	0.474579317495227	175	16	0	0	0	2	29
112	4	4.17193875042722	175	13	0	0	0	3	29
112	5	1.67061306186952	160	17	0	0	0	4	29
112	6	3.62048491626047	325	14	0	0	0	5	29
112	5	3.47549525462091	129	21	0	0	0	6	29
112	8	1.31735729402862	222	15	2	0	0	7	29
113	2	2.67590204207227	308	12	1	0	0	1	29
113	3	2.83356530219316	124	16	0	0	0	2	29
113	4	3.0414229882881	259	14	0	0	0	3	29
113	4	7.12460026424378	180	15	0	0	0	4	29
113	5	3.34206841420382	122	19	0	0	0	5	29
113	7	0.350590524729341	354	55	2	0	0	6	29
114	1	2.63467323244549	54	16	1	0	0	1	29
114	2	4.70905849989504	274	17	0	0	0	2	29
114	3	5.3524045816157	168	16	0	0	0	3	29
114	5	0.173563876654953	163	13	0	0	0	4	29
114	6	0.535859404364601	74	17	0	0	0	5	29
114	7	2.11029694392346	170	15	0	0	0	6	29
114	7	8.66812972654589	163	16	0	0	0	7	29
114	8	4.68943078769371	188	17	0	0	0	8	29
114	9	2.61593676218763	173	15	0	0	0	9	29
114	10	1.80216601770371	137	19	0	0	0	10	29
114	11	6.46716347243637	238	18	2	0	0	11	29
