1	1	3.71266295737587	296	16	1	0	0	1	14
1	2	2.68632029998116	182	17	0	0	0	2	14
1	3	3.38731532311067	243	19	0	0	0	3	14
1	1	2.52416491182521	304	17	0	0	0	4	14
1	2	2.26244646497071	125	17	0	0	0	5	14
1	3	5.80502848210745	185	16	0	0	0	6	14
1	3	9.53910624561831	182	17	0	0	0	7	14
1	3	2.86799641465768	218	21	0	0	0	8	14
1	4	2.359878978692	204	17	0	0	0	9	14
1	5	3.53082618955523	179	17	0	0	0	10	14
1	6	3.21288582356647	193	18	0	0	0	11	14
1	7	3.13480854127556	268	23	0	0	0	12	14
1	9	0.0261388025246561	177	12	0	0	0	13	14
1	8	2.14466362632811	205	17	0	0	0	14	14
1	9	3.34379425877705	159	19	0	0	0	15	14
1	10	4.71048855013214	224	18	0	0	0	16	14
1	11	5.70666830451228	192	16	0	0	0	17	14
1	11	9.98160992376506	186	52	2	0	0	18	14
2	1	1.46579198585823	252	15	1	0	0	1	14
2	2	1.82171963807195	161	16	0	0	0	2	14
2	3	2.9529402689077	230	21	0	0	0	3	14
2	4	1.26759774028324	210	15	0	0	0	4	14
2	4	5.19880562322214	135	19	0	0	0	5	14
2	5	1.06477613188326	221	18	0	0	0	6	14
2	6	2.55499159055762	184	15	0	0	0	7	14
2	6	1.05213579093106	74	15	0	0	0	8	14
2	5	2.52242826740257	178	19	0	0	0	9	14
2	7	3.86313128704205	157	17	0	0	0	10	14
2	8	2.50066775479354	477	23	0	0	0	11	14
2	9	2.20832129521295	247	22	0	0	0	12	14
2	10	3.06830860418268	190	64	2	0	0	13	14
3	1	2.50820580148138	211	16	1	0	0	1	14
3	2	2.37214651261456	159	18	0	0	0	2	14
3	3	2.4406383135356	189	19	0	0	0	3	14
3	4	3.44669089466333	203	22	0	0	0	4	14
3	5	2.02182673499919	284	18	0	0	0	5	14
3	6	5.84365862305276	163	17	0	0	0	6	14
3	8	0.249487490626052	262	19	0	0	0	7	14
3	8	4.59286833624355	67	18	0	0	0	8	14
3	9	4.13919937959872	226	23	0	0	0	9	14
3	10	5.55110463616438	362	14	0	0	0	10	14
3	10	7.54795443499461	439	73	2	0	0	11	14
4	1	2.90864679613151	243	18	1	0	0	1	14
4	2	3.20049018436112	141	19	0	0	0	2	14
4	3	3.22834542603232	340	23	0	0	0	3	14
4	4	6.67313759564422	360	21	0	0	0	4	14
4	5	5.33256201609038	211	19	0	0	0	5	14
4	6	3.17674037930556	433	18	0	0	0	6	14
4	7	5.04438286810182	186	20	0	0	0	7	14
4	8	5.50961185107008	199	22	2	0	0	8	14
5	1	3.72471675626002	404	20	1	0	0	1	14
5	2	2.72823018208146	387	24	0	0	0	2	14
5	3	3.04276203922927	263	15	0	0	0	3	14
5	4	2.05858796532266	396	17	0	0	0	4	14
5	4	8.07602088316344	314	22	0	0	0	5	14
5	5	3.34436308732256	187	20	0	0	0	6	14
5	6	3.5137283760123	299	16	0	0	0	7	14
5	7	4.92479804973118	106	74	2	0	0	8	14
6	1	1.3836148774717	334	17	1	0	0	1	14
6	2	2.81581510719843	237	19	0	0	0	2	14
6	2	7.43820613669232	85	17	0	0	0	3	14
6	3	3.1252706872765	255	13	0	0	0	4	14
6	3	6.12614031811245	140	18	0	0	0	5	14
6	4	1.01086175139062	231	16	0	0	0	6	14
6	5	1.78095685946755	277	17	0	0	0	7	14
6	6	3.51179707259871	204	21	0	0	0	8	14
6	7	2.59294455172494	174	21	0	0	0	9	14
6	8	2.92771336995065	375	17	2	0	0	10	14
7	1	2.39006439154036	370	20	1	0	0	1	14
7	2	4.06429632520303	134	16	0	0	0	2	14
7	3	2.35597839276306	200	22	0	0	0	3	14
7	4	1.57483483897522	217	17	0	0	0	4	14
7	5	3.25412725354545	194	25	0	0	0	5	14
7	6	1.40199710079469	236	18	0	0	0	6	14
7	7	2.34893142199144	228	14	0	0	0	7	14
7	7	6.42781410715543	209	16	0	0	0	8	14
7	7	10.4740332984366	258	21	0	0	0	9	14
7	9	1.10451368032955	320	19	0	0	0	10	14
7	10	3.83767873584293	241	13	0	0	0	11	14
7	10	4.48696887749247	568	15	0	0	0	12	14
7	10	6.36847678455524	172	56	2	0	0	13	14
8	1	1.08208591281436	298	15	1	0	0	1	14
8	2	2.93145656655543	183	16	0	0	0	2	14
8	3	3.52671369467862	243	15	0	0	0	3	14
8	3	6.83526454959065	182	15	0	0	0	4	14
8	4	3.68521527503617	167	18	0	0	0	5	14
8	5	2.88740052701905	206	18	0	0	0	6	14
8	7	0.506303430069238	315	21	0	0	0	7	14
8	8	3.23704315675423	231	18	0	0	0	8	14
8	9	5.50617898115888	120	18	0	0	0	9	14
8	10	3.21515550347976	261	70	2	0	0	10	14
9	1	1.43916074512526	285	16	1	0	0	1	14
9	2	3.88315887772478	137	19	0	0	0	2	14
9	3	2.42127907392569	123	18	0	0	0	3	14
9	4	2.16179010062478	612	16	0	0	0	4	14
9	4	4.97540361597203	105	18	0	0	0	5	14
9	5	2.84471023804508	322	24	0	0	0	6	14
9	7	2.57088328106329	216	15	0	0	0	7	14
9	7	4.33832549839281	250	15	0	0	0	8	14
9	7	7.00567301618867	82	76	2	0	0	9	14
10	1	2.01054991269484	296	16	1	0	0	1	14
10	2	2.31074793543667	156	17	0	0	0	2	14
10	3	2.83252152963541	198	17	0	0	0	3	14
10	4	1.44427336426452	284	15	0	0	0	4	14
10	4	2.87646806030534	72	18	0	0	0	5	14
10	5	1.61844533658586	234	17	0	0	0	6	14
10	6	3.33334589120932	341	21	0	0	0	7	14
10	7	2.56818083161488	222	20	0	0	0	8	14
10	8	2.48820645920932	240	17	0	0	0	9	14
10	9	3.06222122302279	179	19	0	0	0	10	14
10	10	4.66588712623343	505	18	0	0	0	11	14
10	10	8.81352335703559	441	52	2	0	0	12	14
11	1	3.27189447404817	342	18	1	0	0	1	14
11	2	4.68297140276991	313	21	0	0	0	2	14
11	3	1.74778307951055	224	19	0	0	0	3	14
11	4	1.46994684287347	196	15	0	0	0	4	14
11	5	1.1971371260006	303	16	0	0	0	5	14
11	6	2.42680273531005	183	19	0	0	0	6	14
11	5	2.03810073505156	176	23	0	0	0	7	14
11	6	5.82806589314714	128	16	0	0	0	8	14
11	7	3.5453802854754	225	18	0	0	0	9	14
11	8	3.75974825699814	255	25	0	0	0	10	14
11	9	3.29198341327719	267	15	0	0	0	11	14
11	9	6.0068986127153	150	70	2	0	0	12	14
12	1	1.60773591906764	440	21	1	0	0	1	14
12	3	1.75949491420761	224	16	0	0	0	2	14
12	4	2.55330100422725	221	20	0	0	0	3	14
12	5	2.06899461615831	226	20	0	0	0	4	14
12	6	2.40949103166349	269	14	0	0	0	5	14
12	7	2.85958016617224	211	19	0	0	0	6	14
12	8	3.99872295092791	260	90	2	0	0	7	14
13	1	1.30703928670846	349	15	1	0	0	1	14
13	2	1.47284357366152	207	19	0	0	0	2	14
13	3	1.14168715849519	205	15	0	0	0	3	14
13	3	4.11126710032113	158	19	0	0	0	4	14
13	4	1.64136469387449	242	18	0	0	0	5	14
13	5	1.3878075350076	340	16	0	0	0	6	14
13	5	4.55256178462878	136	18	0	0	0	7	14
13	6	2.32593660918064	293	18	0	0	0	8	14
13	7	5.26917523005977	62	14	0	0	0	9	14
13	8	1.02961296215653	390	81	2	0	0	10	14
14	1	6.18443369795568	147	14	1	0	0	1	14
14	1	3.9134986072313	283	21	0	0	0	2	14
14	2	2.589986235369	205	15	0	0	0	3	14
14	2	6.78432952938601	481	19	0	0	0	4	14
14	3	2.95521755027585	230	15	0	0	0	5	14
14	4	2.68348695570603	246	17	0	0	0	6	14
14	5	3.09828192414716	87	19	0	0	0	7	14
14	5	7.2217742765788	305	21	0	0	0	8	14
14	6	4.72566216951236	239	19	0	0	0	9	14
14	7	3.84688632679172	686	19	0	0	0	10	14
14	8	3.59882096946239	238	16	0	0	0	11	14
14	8	6.00480299745686	384	15	0	0	0	12	14
14	8	8.33663598657586	413	63	2	0	0	13	14
15	1	2.8081706345547	327	18	1	0	0	1	14
15	2	2.30141175421886	236	16	0	0	0	2	14
15	3	2.04145660297945	243	14	0	0	0	3	14
15	3	3.69476439198479	147	17	0	0	0	4	14
15	4	2.46936080697924	245	18	0	0	0	5	14
15	5	3.29355881037191	217	17	0	0	0	6	14
15	6	3.43683731532656	210	17	0	0	0	7	14
15	7	3.9337368204724	343	28	0	0	0	8	14
15	8	3.8929347502999	362	23	0	0	0	9	14
15	9	3.84728792496026	606	15	0	0	0	10	14
15	9	6.14886645716615	397	64	2	0	0	11	14
16	1	1.87338312342763	232	13	1	0	0	1	14
16	1	3.12069009197876	123	16	0	0	0	2	14
16	2	2.23572454624809	261	20	0	0	0	3	14
16	3	1.68654787051491	230	30	0	0	0	4	14
16	4	3.98403525329195	338	24	0	0	0	5	14
16	5	3.07428906741552	378	19	0	0	0	6	14
16	6	6.37616223352961	286	91	2	0	0	7	14
17	1	2.76684403605759	298	15	1	0	0	1	14
17	2	3.83556852117181	199	17	0	0	0	2	14
17	3	2.91733077797107	161	17	0	0	0	3	14
17	4	2.55451268306933	240	16	0	0	0	4	14
17	5	2.14656890300103	340	20	0	0	0	5	14
17	6	3.2209532095585	158	16	0	0	0	6	14
17	7	3.61913335043937	158	15	0	0	0	7	14
17	8	5.01855606841855	140	17	0	0	0	8	14
17	9	3.45275961607695	179	64	2	0	0	9	14
18	2	0.77991671836935	321	13	1	0	0	1	14
18	2	3.78362290002406	143	18	0	0	0	2	14
18	3	4.01570803462528	260	16	0	0	0	3	14
18	4	3.57398811401799	235	17	0	0	0	4	14
18	5	4.13892092276365	461	19	0	0	0	5	14
18	7	0.165566449519247	226	17	0	0	0	6	14
18	7	3.54906959459186	137	20	0	0	0	7	14
18	9	0.247861287323758	242	27	0	0	0	8	14
18	10	2.90017993422225	247	16	2	0	0	9	14
19	1	1.53720779693685	282	18	1	0	0	1	14
19	2	3.53166417265311	93	20	0	0	0	2	14
19	3	3.81542317732237	213	18	0	0	0	3	14
19	4	3.62224999954924	394	24	0	0	0	4	14
19	5	6.45295214094222	150	17	0	0	0	5	14
19	6	3.27784124878235	207	31	0	0	0	6	14
19	5	3.46059200400487	427	17	0	0	0	7	14
19	6	3.4755003915634	246	19	0	0	0	8	14
19	8	0.379142758902162	464	16	0	0	0	9	14
19	8	3.91914270888083	158	31	0	0	0	10	14
19	10	1.05762673402205	186	13	0	0	0	11	14
19	10	0.84284506784752	233	14	0	0	0	12	14
19	10	2.55202186200768	107	24	0	0	0	13	14
19	11	4.65464997431263	210	24	2	0	0	14	14
20	1	2.83835946209729	277	19	1	0	0	1	14
20	2	3.68354444671422	462	17	0	0	0	2	14
20	2	8.01930145919323	214	19	0	0	0	3	14
20	3	4.20232945424505	236	16	0	0	0	4	14
20	4	3.33488720026799	279	20	0	0	0	5	14
20	5	1.95245851413347	402	14	0	0	0	6	14
20	5	3.95988743146881	92	16	0	0	0	7	14
20	6	3.26559991482645	225	19	0	0	0	8	14
20	7	3.41157948737964	220	20	0	0	0	9	14
20	8	4.97255956218578	187	21	0	0	0	10	14
20	10	0.774484428344294	240	67	2	0	0	11	14
21	1	2.93474636063911	486	21	1	0	0	1	14
21	2	6.33244110899977	152	19	0	0	0	2	14
21	3	2.5922465538606	424	18	0	0	0	3	14
21	4	1.43470323411748	358	14	0	0	0	4	14
21	5	2.39433661196381	309	20	0	0	0	5	14
21	6	4.58598149707541	166	19	0	0	0	6	14
21	5	1.96927156788297	349	19	0	0	0	7	14
21	6	4.640174778644	97	17	0	0	0	8	14
21	7	3.08281362312846	411	19	0	0	0	9	14
21	8	3.57651439704932	234	18	0	0	0	10	14
21	9	4.57729176268913	307	19	0	0	0	11	14
21	10	5.63982733199373	782	59	2	0	0	12	14
22	1	2.31231306144036	254	13	1	0	0	1	14
22	1	2.61488142097369	102	16	0	0	0	2	14
22	2	2.3523532205727	177	16	0	0	0	3	14
22	3	4.63505742326379	202	16	0	0	0	4	14
22	4	2.07562846015207	250	19	0	0	0	5	14
22	5	3.88857358926907	227	20	0	0	0	6	14
22	4	3.26094554364681	186	21	0	0	0	7	14
22	5	6.07202945742756	195	16	0	0	0	8	14
22	6	0.94526776461862	121	14	0	0	0	9	14
22	6	5.1995728998445	213	17	0	0	0	10	14
22	7	4.79191595711745	300	84	2	0	0	11	14
23	1	1.41753448848613	361	16	1	0	0	1	14
23	2	1.72939921333455	130	15	0	0	0	2	14
23	3	1.04126227786765	248	17	0	0	0	3	14
23	4	2.07462501083501	260	22	0	0	0	4	14
23	5	3.17804547422566	272	19	0	0	0	5	14
23	6	3.90941232256591	389	22	0	0	0	6	14
23	7	2.8036222634837	270	13	0	0	0	7	14
23	7	5.602357219439	510	73	2	0	0	8	14
24	2	0.143686329014599	333	19	1	0	0	1	14
24	3	3.9944530329667	210	18	0	0	0	2	14
24	4	2.80633550928906	197	17	0	0	0	3	14
24	5	3.2072064881213	185	19	0	0	0	4	14
24	6	3.78410956356674	224	22	0	0	0	5	14
24	7	4.28976765018888	476	14	0	0	0	6	14
24	8	3.92565230792388	157	30	0	0	0	7	14
24	10	3.08380841696635	409	67	2	0	0	8	14
25	1	1.57324549835175	227	16	1	0	0	1	14
25	2	1.07384541141801	247	16	0	0	0	2	14
25	2	5.58134032133967	88	15	0	0	0	3	14
25	3	3.53487068694085	253	24	0	0	0	4	14
25	4	6.80730063049123	349	24	0	0	0	5	14
25	6	2.65134004526772	181	12	0	0	0	6	14
25	6	1.9198916554451	250	16	0	0	0	7	14
25	7	2.09988370444626	195	14	0	0	0	8	14
25	8	0.229292486794293	122	18	0	0	0	9	14
25	8	7.41471221810207	310	15	0	0	0	10	14
25	8	11.4186638505198	161	87	2	0	0	11	14
26	1	2.30927711189725	390	20	1	0	0	1	14
26	3	0.145387899130583	215	17	0	0	0	2	14
26	4	1.84649370005354	199	17	0	0	0	3	14
26	5	1.88652603258379	313	18	0	0	0	4	14
26	6	2.44467445765622	151	16	0	0	0	5	14
26	7	1.16786007257178	274	15	0	0	0	6	14
26	7	3.75249203131534	216	84	2	0	0	7	14
27	1	1.32226965762675	383	15	1	0	0	1	14
27	2	2.6646093854215	274	20	0	0	0	2	14
27	3	2.44055948895402	255	18	0	0	0	3	14
27	4	2.07042268291116	241	15	0	0	0	4	14
27	4	6.17904751212336	232	19	0	0	0	5	14
27	5	2.67973625706509	201	16	0	0	0	6	14
27	6	4.86621998343617	366	20	0	0	0	7	14
27	7	3.84658055170439	218	15	0	0	0	8	14
27	7	6.41908744163811	172	64	2	0	0	9	14
28	1	2.62803413113579	405	14	1	0	0	1	14
28	2	2.75369956274517	103	18	0	0	0	2	14
28	3	1.10034721018746	356	20	0	0	0	3	14
28	4	1.72141583752818	235	14	0	0	0	4	14
28	4	4.00378331681713	121	22	0	0	0	5	14
28	5	2.58411996997893	344	18	0	0	0	6	14
28	4	4.4994905681815	161	15	0	0	0	7	14
28	4	7.83279606187716	186	16	0	0	0	8	14
28	5	2.89348397636786	162	18	0	0	0	9	14
28	6	3.7712280433625	200	16	0	0	0	10	14
28	7	4.94456930132583	231	23	0	0	0	11	14
28	8	3.5973283899948	204	24	0	0	0	12	14
28	10	2.7522984649986	207	13	0	0	0	13	14
28	10	0.75684634456411	85	27	0	0	0	14	14
28	10	10.0571214556694	305	72	2	0	0	15	14
29	1	3.03625022014603	338	18	1	0	0	1	14
29	2	3.27974018664099	198	19	0	0	0	2	14
29	3	3.5969196727965	178	18	0	0	0	3	14
29	5	0.0563724592793733	179	16	0	0	0	4	14
29	5	6.85021775634959	203	19	0	0	0	5	14
29	6	1.19436000776477	114	28	0	0	0	6	14
29	4	2.17861046688631	205	30	0	0	0	7	14
29	7	4.96281780861318	190	15	0	0	0	8	14
29	7	8.71607916709036	60	19	0	0	0	9	14
29	8	2.1501767791342	134	71	2	0	0	10	14
30	1	1.0513603547588	377	18	1	0	0	1	14
30	2	4.37353334808722	163	17	0	0	0	2	14
30	3	2.63290098402649	319	16	0	0	0	3	14
30	4	3.73866893933155	155	17	0	0	0	4	14
30	5	3.37563410052098	221	20	0	0	0	5	14
30	7	0.238431796897203	365	16	0	0	0	6	14
30	7	3.23379309428856	222	16	0	0	0	7	14
30	7	6.61913791182451	86	74	2	0	0	8	14
31	1	2.05386751121841	307	18	1	0	0	1	14
31	2	2.47843420668505	137	16	0	0	0	2	14
31	3	3.99932910269126	177	20	0	0	0	3	14
31	2	1.70373532664962	244	20	0	0	0	4	14
31	3	3.70594807108864	284	19	0	0	0	5	14
31	4	2.0638062490616	353	17	0	0	0	6	14
31	5	2.05422225408256	227	18	0	0	0	7	14
31	6	2.25865687103942	171	18	0	0	0	8	14
31	7	3.57747223367915	172	17	0	0	0	9	14
31	8	4.28693044674583	219	19	0	0	0	10	14
31	9	4.46292955125682	307	15	0	0	0	11	14
31	9	6.14816031744704	273	62	2	0	0	12	14
32	1	1.65107544325292	229	16	1	0	0	1	14
32	1	2.56180824991316	115	18	0	0	0	2	14
32	3	0.303981555392966	241	14	0	0	0	3	14
32	4	0.425012851832435	173	15	0	0	0	4	14
32	5	1.2708432241343	191	15	0	0	0	5	14
32	5	5.37261202256195	224	25	0	0	0	6	14
32	7	1.90276942611672	357	20	0	0	0	7	14
32	8	4.06153084035031	339	18	0	0	0	8	14
32	8	10.402991148876	403	70	2	0	0	9	14
33	1	2.27428633719683	286	16	1	0	0	1	14
33	2	1.74410469201393	239	18	0	0	0	2	14
33	3	2.728632891085	178	16	0	0	0	3	14
33	4	2.95136082847603	500	22	0	0	0	4	14
33	5	3.8253834953066	230	18	0	0	0	5	14
33	6	5.22247173427604	205	26	0	0	0	6	14
33	7	4.03423706698231	632	93	2	0	0	7	14
34	1	2.12781000323594	243	16	1	0	0	1	14
34	2	2.27097004000098	266	18	0	0	0	2	14
34	3	1.71622511162423	222	20	0	0	0	3	14
34	4	2.85705775767565	313	17	0	0	0	4	14
34	5	4.47014201921411	517	30	0	0	0	5	14
34	7	0.508356165839359	285	19	0	0	0	6	14
34	7	6.62265759077854	162	25	0	0	0	7	14
34	8	5.49000792461447	256	15	0	0	0	8	14
34	8	7.90141396853141	419	117	2	0	0	9	14
35	1	2.21030891267583	225	15	1	0	0	1	14
35	2	2.706579931546	321	21	0	0	0	2	14
35	3	2.64690372394398	231	16	0	0	0	3	14
35	4	3.41754310927354	223	15	0	0	0	4	14
35	4	8.78651992836967	129	26	0	0	0	5	14
35	6	1.915786633268	221	15	2	0	0	6	14
36	1	3.089043216547	262	15	1	0	0	1	14
36	2	2.60646116733551	199	16	0	0	0	2	14
36	3	2.15088000684045	257	21	0	0	0	3	14
36	4	3.87400098633952	158	20	0	0	0	4	14
36	5	4.28195475926623	385	28	0	0	0	5	14
36	6	4.65588555624709	254	20	0	0	0	6	14
36	7	2.84998897393234	141	16	0	0	0	7	14
36	7	5.47243010648526	153	17	0	0	0	8	14
36	8	3.21207248023711	526	77	2	0	0	9	14
37	1	2.2752151878085	401	17	1	0	0	1	14
37	2	1.061722031096	143	16	0	0	0	2	14
37	3	1.09647906804457	387	17	0	0	0	3	14
37	4	1.59198535745963	434	19	0	0	0	4	14
37	5	1.11118514672853	210	17	0	0	0	5	14
37	6	2.35043852240779	152	18	0	0	0	6	14
37	5	0.646280858898535	310	17	0	0	0	7	14
37	6	0.108315665507689	65	18	0	0	0	8	14
37	6	6.7745459433645	220	17	0	0	0	9	14
37	6	3.56276205205359	313	19	0	0	0	10	14
37	7	1.66583385621198	196	18	0	0	0	11	14
37	8	1.77291508507915	204	13	2	0	0	12	14
38	1	3.45151830115356	176	13	1	0	0	1	14
38	2	3.96333764819428	162	17	0	0	0	2	14
38	3	4.78386362013407	217	23	0	0	0	3	14
38	4	3.70847916067578	331	22	0	0	0	4	14
38	6	3.10713574523106	208	26	0	0	0	5	14
38	8	3.72470398852602	234	18	0	0	0	6	14
38	8	1.32030970952474	130	25	0	0	0	7	14
38	9	8.11771038873121	175	16	0	0	0	8	14
38	9	12.573751457734	129	63	2	0	0	9	14
39	1	2.0009903262835	306	17	1	0	0	1	14
39	2	2.17660113424063	235	14	0	0	0	2	14
39	1	2.82624135818332	321	21	0	0	0	3	14
39	2	3.78888266859576	123	17	0	0	0	4	14
39	2	8.81286077131517	179	17	0	0	0	5	14
39	3	2.08156701270491	305	18	0	0	0	6	14
39	3	4.86900503979996	192	15	0	0	0	7	14
39	3	2.9356302449014	109	17	0	0	0	8	14
39	4	2.05180401285179	504	21	0	0	0	9	14
39	5	3.46770124044269	369	19	0	0	0	10	14
39	6	1.54802567046136	222	18	0	0	0	11	14
39	7	2.70434868172742	191	20	0	0	0	12	14
39	6	1.01294711558148	194	24	0	0	0	13	14
39	8	3.6234298478812	374	16	0	0	0	14	14
39	9	2.45983382151462	242	90	2	0	0	15	14
40	1	1.31913438183255	181	13	1	0	0	1	14
40	1	1.79511055233888	100	17	0	0	0	2	14
40	2	0.374036084162071	147	16	0	0	0	3	14
40	3	1.78123431629501	263	15	0	0	0	4	14
40	4	2.46597825968638	165	17	0	0	0	5	14
40	5	3.45163279911503	241	19	0	0	0	6	14
40	6	3.72450810414739	236	23	0	0	0	7	14
40	8	0.638322163373232	264	16	0	0	0	8	14
40	8	4.17593037500046	247	21	0	0	0	9	14
40	10	0.900830981554464	183	14	0	0	0	10	14
40	10	4.41057251137681	169	19	0	0	0	11	14
40	11	4.22908441745676	439	80	2	0	0	12	14
41	1	1.27840690268204	262	17	1	0	0	1	14
41	2	1.91677096416242	309	20	0	0	0	2	14
41	2	12.0377792927902	151	14	0	0	0	3	14
41	3	2.93386718444526	159	17	0	0	0	4	14
41	4	1.76187040074728	328	17	0	0	0	5	14
41	5	3.47793162264861	128	19	0	0	0	6	14
41	6	5.76507693715394	260	18	0	0	0	7	14
41	5	2.48759627249092	232	21	0	0	0	8	14
41	7	4.22032081359066	246	13	0	0	0	9	14
41	8	0.279436844168231	86	16	0	0	0	10	14
41	8	3.27560534211807	219	63	2	0	0	11	14
42	1	2.12736113043502	242	16	1	0	0	1	14
42	2	3.96462415694259	129	14	0	0	0	2	14
42	3	2.3077597275842	116	16	0	0	0	3	14
42	4	2.22976350365207	219	18	0	0	0	4	14
42	5	0.334633461199701	284	15	0	0	0	5	14
42	6	0.015906825195998	232	17	0	0	0	6	14
42	7	2.84950155252591	175	18	0	0	0	7	14
42	8	3.53574347752146	404	25	0	0	0	8	14
42	9	2.97840376687236	519	16	0	0	0	9	14
42	9	6.87238575238734	400	78	2	0	0	10	14
43	1	2.61877817730419	240	16	1	0	0	1	14
43	2	2.15285090939142	147	18	0	0	0	2	14
43	3	4.71304862294346	243	19	0	0	0	3	14
43	4	3.80139854550362	262	22	0	0	0	4	14
43	5	0.745053033577278	249	18	0	0	0	5	14
43	6	0.944584242766723	302	15	0	0	0	6	14
43	6	5.08971695229411	422	19	0	0	0	7	14
43	8	1.90146942064166	150	16	0	0	0	8	14
43	8	5.39805589290336	411	72	2	0	0	9	14
44	2	0.767608949914575	351	13	1	0	0	1	14
44	1	2.3392144003883	126	18	0	0	0	2	14
44	3	2.1684940373525	199	17	0	0	0	3	14
44	4	1.92660791566595	180	18	0	0	0	4	14
44	5	1.88858883595094	224	20	0	0	0	5	14
44	6	4.26167517551221	221	17	0	0	0	6	14
44	6	8.12954080873169	147	19	0	0	0	7	14
44	7	1.56768873217516	172	23	0	0	0	8	14
44	8	2.09185145562515	229	15	0	0	0	9	14
44	9	0.130344080273062	224	14	0	0	0	10	14
44	9	2.54089070786722	68	16	0	0	0	11	14
44	10	1.21451911283657	303	14	0	0	0	12	14
44	10	3.77841815375723	173	51	2	0	0	13	14
45	1	6.37741043162532	157	13	1	0	0	1	14
45	1	4.43495097197592	242	21	0	0	0	2	14
45	2	1.20603033248335	195	17	0	0	0	3	14
45	3	2.69263214874081	271	14	0	0	0	4	14
45	4	1.14141631033272	126	16	0	0	0	5	14
45	5	1.47521879593842	236	16	0	0	0	6	14
45	5	4.88748245104216	110	19	0	0	0	7	14
45	4	2.03471954446286	152	22	0	0	0	8	14
45	6	2.58471647300757	266	26	0	0	0	9	14
45	7	3.37009117309935	656	88	2	0	0	10	14
46	1	2.84579608705826	333	15	1	0	0	1	14
46	2	1.57348403008655	96	17	0	0	0	2	14
46	3	1.58282660041004	390	23	0	0	0	3	14
46	4	1.39965963596478	225	15	0	0	0	4	14
46	4	3.4241622784175	90	17	0	0	0	5	14
46	5	3.09046912379563	211	24	0	0	0	6	14
46	6	4.79447488393635	225	16	0	0	0	7	14
46	7	3.77053825184703	231	21	0	0	0	8	14
46	8	4.04843870736659	272	70	2	0	0	9	14
47	1	1.85799698741175	221	16	1	0	0	1	14
47	1	3.47856460209005	155	16	0	0	0	2	14
47	2	2.09608458192088	230	17	0	0	0	3	14
47	3	2.76597722154111	244	20	0	0	0	4	14
47	4	2.69491450395435	303	23	0	0	0	5	14
47	6	4.85317372810096	259	28	0	0	0	6	14
47	7	1.91353998612612	182	16	0	0	0	7	14
47	8	0.133672003634274	130	18	0	0	0	8	14
47	8	5.61617383663543	232	17	0	0	0	9	14
47	9	2.29762682225555	245	17	2	0	0	10	14
48	1	1.32997354352847	494	15	1	0	0	1	14
48	2	2.85187768749893	122	18	0	0	0	2	14
48	3	3.87369275325909	363	20	0	0	0	3	14
48	2	3.6406467303168	293	22	0	0	0	4	14
48	4	2.39103473653086	234	18	0	0	0	5	14
48	5	2.78193961712532	335	17	0	0	0	6	14
48	5	6.64809667645022	58	19	0	0	0	7	14
48	7	0.582375674974173	311	20	0	0	0	8	14
48	8	1.66559540992603	302	14	0	0	0	9	14
48	8	4.25723837967962	265	18	0	0	0	10	14
48	8	8.44030408724211	170	62	2	0	0	11	14
49	1	4.03469261107966	359	25	1	0	0	1	14
49	2	4.09588067210279	313	19	0	0	0	2	14
49	3	3.88267045328394	223	16	0	0	0	3	14
49	4	3.58150650141761	547	21	0	0	0	4	14
49	3	2.59629468829371	279	21	0	0	0	5	14
49	4	4.84316380671225	209	16	0	0	0	6	14
49	4	9.60307941283099	202	19	0	0	0	7	14
49	5	3.69683911534958	208	22	0	0	0	8	14
49	6	3.59447994711809	362	17	0	0	0	9	14
49	7	3.87827089382336	220	29	0	0	0	10	14
49	8	6.00212159799412	261	61	2	0	0	11	14
50	1	2.42068182211369	329	13	1	0	0	1	14
50	2	1.54948400612921	352	26	0	0	0	2	14
50	3	2.66984970029444	234	18	0	0	0	3	14
50	4	1.03115777717903	324	17	0	0	0	4	14
50	5	2.89851782890037	272	17	0	0	0	5	14
50	6	3.43851433880627	147	18	0	0	0	6	14
50	7	4.54982678825036	272	21	0	0	0	7	14
50	8	3.67379386583343	294	26	0	0	0	8	14
50	9	6.25710502825677	259	14	0	0	0	9	14
50	9	3.54288220987655	59	67	2	0	0	10	14
51	1	3.0684292234946	383	20	1	0	0	1	14
51	3	2.5677567301318	205	27	0	0	0	2	14
51	4	1.74728705431335	205	13	0	0	0	3	14
51	5	0.987762101693079	279	25	0	0	0	4	14
51	7	1.34987807925791	212	14	0	0	0	5	14
51	7	3.09332685801201	163	17	0	0	0	6	14
51	8	7.7779075698927	185	22	0	0	0	7	14
51	9	6.13556756614707	215	18	0	0	0	8	14
51	10	5.54340941389091	484	24	0	0	0	9	14
51	11	6.59923596680164	249	13	0	0	0	10	14
51	11	7.48246033443138	587	63	2	0	0	11	14
52	1	1.12766558304429	347	18	1	0	0	1	14
52	2	3.43183883745223	151	21	0	0	0	2	14
52	1	1.92653574980795	363	21	0	0	0	3	14
52	3	0.996284815482795	327	20	0	0	0	4	14
52	4	0.107248285785317	460	19	0	0	0	5	14
52	5	1.56801545596682	195	22	2	0	0	6	14
53	1	3.64117989060469	165	12	1	0	0	1	14
53	1	1.51262679579668	160	18	0	0	0	2	14
53	2	3.77430779370479	245	18	0	0	0	3	14
53	3	2.64890896854922	161	19	0	0	0	4	14
53	5	0.924926144536585	180	14	0	0	0	5	14
53	4	1.29102581646293	175	17	0	0	0	6	14
53	5	4.71635771519504	202	14	0	0	0	7	14
53	5	8.15531523316167	154	22	0	0	0	8	14
53	4	2.28480517701246	230	28	0	0	0	9	14
53	6	1.16377925709821	144	15	0	0	0	10	14
53	7	0.539382754126564	101	17	0	0	0	11	14
53	8	2.16256976802833	273	16	0	0	0	12	14
53	8	6.60845338762738	248	23	0	0	0	13	14
53	9	5.35804665507749	262	66	2	0	0	14	14
54	1	2.67634642845951	373	19	1	0	0	1	14
54	3	1.45622294023633	239	21	0	0	0	2	14
54	4	1.24826877098531	212	20	0	0	0	3	14
54	5	3.95940103847533	398	19	0	0	0	4	14
54	6	4.06228890898637	213	17	0	0	0	5	14
54	7	3.33251316705719	252	26	0	0	0	6	14
54	8	3.70212896028534	297	12	0	0	0	7	14
54	8	4.25575245800428	93	65	2	0	0	8	14
55	1	2.9266912995372	316	17	1	0	0	1	14
55	2	3.84488392854109	149	17	0	0	0	2	14
55	3	3.84968621912412	299	18	0	0	0	3	14
55	4	2.79765372653492	283	16	0	0	0	4	14
55	5	2.00917248567566	201	16	0	0	0	5	14
55	6	3.1131890793331	197	21	0	0	0	6	14
55	8	2.07027633534744	184	21	0	0	0	7	14
55	9	3.00609523640014	211	20	0	0	0	8	14
55	10	4.55651176883839	328	74	2	0	0	9	14
56	1	2.04933670931496	356	16	1	0	0	1	14
56	2	2.93707372341305	305	21	0	0	0	2	14
56	3	1.88097199285403	184	15	0	0	0	3	14
56	4	1.34031575475819	171	17	0	0	0	4	14
56	5	2.69250769075006	296	22	0	0	0	5	14
56	6	4.68445964460261	305	12	0	0	0	6	14
56	6	5.72357701370493	90	16	0	0	0	7	14
56	7	1.70016030641273	356	14	0	0	0	8	14
56	7	3.57619873760268	390	79	2	0	0	9	14
57	2	0.889502110425383	150	12	1	0	0	1	14
57	1	2.79984840750694	162	20	0	0	0	2	14
57	2	5.62078228034079	169	16	0	0	0	3	14
57	3	3.20745809888467	171	17	0	0	0	4	14
57	4	1.61616402654909	193	17	0	0	0	5	14
57	5	1.92836960009299	205	15	0	0	0	6	14
57	6	1.36000261898153	320	17	0	0	0	7	14
57	7	2.23644624976441	210	15	0	0	0	8	14
57	7	6.20090251672082	252	19	0	0	0	9	14
57	7	10.1338144517504	256	86	2	0	0	10	14
58	1	4.7771999030374	161	12	1	0	0	1	14
58	1	3.45123485173099	140	17	0	0	0	2	14
58	2	2.95502623636276	219	17	0	0	0	3	14
58	3	3.42066140379757	185	18	0	0	0	4	14
58	4	3.88556715915911	183	19	0	0	0	5	14
58	5	2.55908290110528	216	16	0	0	0	6	14
58	6	3.14636468677782	155	18	0	0	0	7	14
58	5	2.07289691641927	146	19	0	0	0	8	14
58	7	3.51239596027881	346	22	0	0	0	9	14
58	9	1.67174657178111	181	13	2	0	0	10	14
59	1	3.07995787961408	355	21	1	0	0	1	14
59	3	1.27249238546938	227	19	0	0	0	2	14
59	4	2.38030756521039	241	17	0	0	0	3	14
59	5	3.18347539333627	157	18	0	0	0	4	14
59	6	4.29857357800938	180	17	0	0	0	5	14
59	8	0.596605379134417	243	20	0	0	0	6	14
59	9	2.32692280458286	325	67	2	0	0	7	14
60	1	2.35820181597956	262	16	1	0	0	1	14
60	2	3.65361306071281	189	19	0	0	0	2	14
60	4	1.38885214971378	266	21	0	0	0	3	14
60	5	1.69849693751894	254	19	0	0	0	4	14
60	6	3.7799390940927	230	18	0	0	0	5	14
60	7	4.74581065704115	175	22	0	0	0	6	14
60	8	3.32164169102907	324	21	0	0	0	7	14
60	9	4.6353498310782	266	17	0	0	0	8	14
60	9	9.75818802416325	304	15	0	0	0	9	14
60	9	12.0871868557297	140	75	2	0	0	10	14
61	1	3.27578333718702	327	18	1	0	0	1	14
61	2	4.21691355155781	238	18	0	0	0	2	14
61	3	2.18802543147467	215	19	0	0	0	3	14
61	4	3.59173916652799	258	14	0	0	0	4	14
61	4	5.45659200963564	142	20	0	0	0	5	14
61	5	2.82117432588711	242	16	0	0	0	6	14
61	6	2.97779222996905	176	23	0	0	0	7	14
61	7	3.30431573512033	307	40	2	0	0	8	14
62	1	2.93155799806118	332	16	1	0	0	1	14
62	2	3.19770815293305	189	19	0	0	0	2	14
62	3	3.72440532664768	189	17	0	0	0	3	14
62	4	3.14985664654523	259	19	0	0	0	4	14
62	5	3.85494299419224	223	19	0	0	0	5	14
62	6	4.26078025507741	302	14	0	0	0	6	14
62	6	7.96297168685123	174	18	0	0	0	7	14
62	7	4.19486757391132	137	18	0	0	0	8	14
62	8	5.14863131381571	214	15	0	0	0	9	14
62	8	8.86780339828692	172	81	2	0	0	10	14
63	1	2.35414507216774	290	16	1	0	0	1	14
63	2	3.34944599936716	325	18	0	0	0	2	14
63	1	1.20466089760885	240	24	0	0	0	3	14
63	3	2.02471752976999	221	18	0	0	0	4	14
63	4	2.02591091580689	302	18	0	0	0	5	14
63	5	2.6061132743489	240	19	0	0	0	6	14
63	6	2.72853821120225	277	16	0	0	0	7	14
63	7	3.11690897191875	111	18	0	0	0	8	14
63	8	5.27997889393009	184	16	0	0	0	9	14
63	9	4.47351817460731	251	69	2	0	0	10	14
64	1	2.43733561015688	340	16	1	0	0	1	14
64	2	3.07247127103619	296	14	0	0	0	2	14
64	2	6.63295338489115	53	19	0	0	0	3	14
64	3	5.78860760154203	221	13	0	0	0	4	14
64	3	3.04151195916347	160	20	0	0	0	5	14
64	4	3.63634756929241	209	17	0	0	0	6	14
64	5	1.74536232906394	187	19	0	0	0	7	14
64	6	2.12628952460364	241	19	0	0	0	8	14
64	7	2.75747186737135	251	17	0	0	0	9	14
64	7	7.01467909873463	137	16	0	0	0	10	14
64	8	2.34617304895073	226	17	0	0	0	11	14
64	8	5.86385662620887	83	23	0	0	0	12	14
64	9	3.61097982339561	529	16	0	0	0	13	14
64	9	6.58120914478786	521	17	0	0	0	14	14
64	9	8.04141649324447	168	79	2	0	0	15	14
65	1	4.44125085044652	172	12	1	0	0	1	14
65	1	2.6141158961691	99	17	0	0	0	2	14
65	2	2.22275823308155	215	17	0	0	0	3	14
65	3	4.88192383269779	393	23	0	0	0	4	14
65	4	3.89974549855106	194	26	0	0	0	5	14
65	5	4.75758611480705	216	15	0	0	0	6	14
65	6	2.09638652671129	379	23	0	0	0	7	14
65	7	4.59580902149901	104	19	0	0	0	8	14
65	9	0.837056495016441	219	16	0	0	0	9	14
65	9	3.27371921297163	187	20	0	0	0	10	14
65	10	5.26654242398217	163	36	0	0	0	11	14
65	11	4.01913616107777	401	84	2	0	0	12	14
66	1	1.42650035000406	240	15	1	0	0	1	14
66	2	0.526230910560116	338	15	0	0	0	2	14
66	3	0.818788171513006	101	17	0	0	0	3	14
66	4	0.0486242643091828	290	13	0	0	0	4	14
66	4	3.56420022435486	149	32	0	0	0	5	14
66	5	2.4416799696628	279	14	0	0	0	6	14
66	6	2.67739278380759	241	20	0	0	0	7	14
66	7	3.99434843985364	358	21	0	0	0	8	14
66	9	0.817902025301009	318	16	0	0	0	9	14
66	9	4.0434635928832	138	18	0	0	0	10	14
66	10	4.18936904543079	374	21	2	0	0	11	14
67	1	3.36729027354158	331	19	1	0	0	1	14
67	3	0.906265169614926	191	14	0	0	0	2	14
67	3	4.76742796157487	154	19	0	0	0	3	14
67	4	4.2762237500865	542	13	0	0	0	4	14
67	4	6.85539237293415	220	28	0	0	0	5	14
67	5	3.75275754346512	507	29	0	0	0	6	14
67	7	2.42853711172938	253	15	0	0	0	7	14
67	7	6.71969411871396	201	75	2	0	0	8	14
68	1	1.85408872924745	423	16	1	0	0	1	14
68	2	2.99283636198379	346	18	0	0	0	2	14
68	3	1.70385515876114	230	18	0	0	0	3	14
68	4	1.9557908331044	333	15	0	0	0	4	14
68	5	1.97008872195147	133	16	0	0	0	5	14
68	6	2.52163599617779	289	23	0	0	0	6	14
68	7	3.61100389948115	233	15	0	0	0	7	14
68	7	6.32999670202844	312	22	0	0	0	8	14
68	7	14.1443390497006	199	20	0	0	0	9	14
68	7	8.98087925370783	408	20	0	0	0	10	14
68	7	15.4520526078995	239	13	0	0	0	11	14
68	8	1.75746128568426	880	66	2	0	0	12	14
69	1	2.57931120716967	331	18	1	0	0	1	14
69	2	4.41788709466346	446	21	0	0	0	2	14
69	3	2.65335885342211	283	21	0	0	0	3	14
69	4	2.41125270258635	257	19	0	0	0	4	14
69	3	5.22033896134235	334	20	0	0	0	5	14
69	4	3.56380841974169	133	20	0	0	0	6	14
69	5	4.1401009215042	230	12	0	0	0	7	14
69	5	2.20273304288276	209	12	0	0	0	8	14
69	5	3.96826627245173	64	18	0	0	0	9	14
69	6	3.43595810304396	275	17	0	0	0	10	14
69	7	4.67212810693309	210	13	0	0	0	11	14
69	7	8.01443708105944	263	14	0	0	0	12	14
69	7	11.731228383258	572	62	0	0	0	13	14
69	7	12.2516146020498	232	12	2	0	0	14	14
70	1	4.17640409246087	369	19	1	0	0	1	14
70	2	3.17992935702205	248	18	0	0	0	2	14
70	3	3.20069458917715	211	18	0	0	0	3	14
70	4	3.41824280424044	222	16	0	0	0	4	14
70	5	3.24859239161015	309	29	0	0	0	5	14
70	6	3.69745342317037	229	27	0	0	0	6	14
70	7	2.3450961925555	221	15	0	0	0	7	14
70	7	4.10648108669557	156	19	0	0	0	8	14
70	8	3.77734084171243	165	17	0	0	0	9	14
70	9	4.88588845613413	154	19	0	0	0	10	14
70	10	4.22078985976987	184	52	2	0	0	11	14
71	1	2.14800907531753	280	17	1	0	0	1	14
71	2	2.19614160968922	195	15	0	0	0	2	14
71	3	2.17613180633634	212	14	0	0	0	3	14
71	3	5.78298896341585	62	17	0	0	0	4	14
71	4	3.45731691922992	205	18	0	0	0	5	14
71	6	0.155412241350859	309	18	0	0	0	6	14
71	6	4.67419134313241	263	22	0	0	0	7	14
71	8	4.15727278986014	236	19	0	0	0	8	14
71	10	1.14191274018958	222	17	0	0	0	9	14
71	11	0.800143805099651	126	18	0	0	0	10	14
71	11	5.10065859346651	191	54	2	0	0	11	14
72	1	3.09574290039018	253	17	1	0	0	1	14
72	2	3.67805475415662	201	18	0	0	0	2	14
72	3	2.07107282872312	146	17	0	0	0	3	14
72	4	2.09715398657136	334	13	0	0	0	4	14
72	4	5.19415316241793	138	16	0	0	0	5	14
72	5	3.8079726411961	212	16	0	0	0	6	14
72	6	3.04035375034437	139	19	0	0	0	7	14
72	7	4.32356480206363	270	72	2	0	0	8	14
73	1	2.29819215741009	407	18	1	0	0	1	14
73	2	4.73419812554494	87	17	0	0	0	2	14
73	3	2.29177899239585	221	18	0	0	0	3	14
73	4	2.57327409647405	212	16	0	0	0	4	14
73	5	5.4661216463428	253	22	0	0	0	5	14
73	6	5.04622641392052	287	18	0	0	0	6	14
73	8	0.63262939825654	370	28	0	0	0	7	14
73	9	4.43316169898026	301	22	0	0	0	8	14
73	10	5.52932248706929	487	20	0	0	0	9	14
73	10	11.5953837712295	226	14	0	0	0	10	14
73	10	13.6975130150095	344	15	0	0	0	11	14
73	10	14.0023536023218	84	48	2	0	0	12	14
74	1	2.97573697590269	309	15	1	0	0	1	14
74	2	0.786492963321507	97	16	0	0	0	2	14
74	3	0.978696208447218	156	16	0	0	0	3	14
74	3	3.33740103291348	196	17	0	0	0	4	14
74	4	3.78023925540037	190	21	0	0	0	5	14
74	5	3.39240161608905	303	17	0	0	0	6	14
74	7	0.82362154382281	168	18	0	0	0	7	14
74	7	4.29603528836742	216	25	0	0	0	8	14
74	8	3.41411239374429	255	27	0	0	0	9	14
74	10	0.501194469863549	395	21	0	0	0	10	14
74	10	5.10308995097876	182	86	2	0	0	11	14
75	1	1.87883483013138	34	14	1	0	0	1	14
75	2	0.679523890372366	118	15	0	0	0	2	14
75	1	1.85014607640915	428	18	0	0	0	3	14
75	3	0.62663682224229	453	18	0	0	0	4	14
75	4	2.84739671577699	213	20	0	0	0	5	14
75	5	1.02028458239511	320	20	0	0	0	6	14
75	6	2.88342741411179	266	16	0	0	0	7	14
75	7	2.92043257551268	263	18	0	0	0	8	14
75	9	2.80163832940161	295	16	0	0	0	9	14
75	9	6.88283228501678	198	13	0	0	0	10	14
75	9	9.61676290933974	515	72	2	0	0	11	14
76	1	2.59456685115583	365	21	1	0	0	1	14
76	3	0.0109527094755322	218	17	0	0	0	2	14
76	4	1.38965313439257	224	17	0	0	0	3	14
76	5	2.77523308526725	293	20	0	0	0	4	14
76	6	4.32955637318082	269	22	0	0	0	5	14
76	7	0.166038514580578	409	20	0	0	0	6	14
76	8	0.326619788538665	305	15	0	0	0	7	14
76	9	0.486780683510005	222	14	0	0	0	8	14
76	10	0.231680664932355	200	19	0	0	0	9	14
76	10	5.66846989840269	60	62	2	0	0	10	14
77	1	2.76391118043102	342	16	1	0	0	1	14
77	2	3.58019129629247	193	21	0	0	0	2	14
77	1	1.95066517940722	161	19	0	0	0	3	14
77	3	2.03926543914713	234	20	0	0	0	4	14
77	4	3.30461102491245	485	21	0	0	0	5	14
77	3	3.86484074499458	334	13	0	0	0	6	14
77	3	2.68168452428654	186	22	0	0	0	7	14
77	4	6.38726022862829	120	16	0	0	0	8	14
77	5	4.3858938915655	174	21	0	0	0	9	14
77	7	2.88761123060249	233	13	2	0	0	10	14
78	1	2.78350713406689	240	13	1	0	0	1	14
78	2	2.30956126912497	634	17	0	0	0	2	14
78	3	3.62726746313274	255	17	0	0	0	3	14
78	4	3.0702611557208	289	16	0	0	0	4	14
78	6	0.777274695690721	223	16	0	0	0	5	14
78	6	3.42804369237274	179	19	0	0	0	6	14
78	8	0.593472029315308	198	15	0	0	0	7	14
78	8	4.7104216273874	162	18	0	0	0	8	14
78	9	4.09995045396499	155	15	0	0	0	9	14
78	10	5.60104297543876	482	17	0	0	0	10	14
78	10	10.1403990199324	228	66	2	0	0	11	14
79	1	1.73385579884052	310	20	1	0	0	1	14
79	3	2.19296756898984	221	18	0	0	0	2	14
79	4	3.80776258790866	213	17	0	0	0	3	14
79	5	3.08046818803996	188	20	0	0	0	4	14
79	7	0.336011091945693	217	17	0	0	0	5	14
79	8	0.818977029761299	595	31	0	0	0	6	14
79	8	9.29876227513887	145	18	0	0	0	7	14
79	9	5.62515686708502	219	22	0	0	0	8	14
79	10	4.8818256193772	447	59	2	0	0	9	14
80	2	1.6845814245753	143	12	1	0	0	1	14
80	1	3.32390287448652	344	16	0	0	0	2	14
80	2	2.83001052192412	199	16	0	0	0	3	14
80	2	7.91890689753927	223	16	0	0	0	4	14
80	3	2.16819240665063	225	20	0	0	0	5	14
80	4	2.25869872397743	484	15	0	0	0	6	14
80	5	3.27323686261661	215	13	0	0	0	7	14
80	5	5.64058194519021	136	20	0	0	0	8	14
80	6	2.48210820555687	210	22	0	0	0	9	14
80	7	3.60035377461463	229	13	0	0	0	10	14
80	8	1.82292386936024	70	13	2	0	0	11	14
81	1	1.22781477333046	421	18	1	0	0	1	14
81	2	2.13663764460944	249	20	0	0	0	2	14
81	3	1.51650362904184	259	16	0	0	0	3	14
81	3	4.5821974389255	263	21	0	0	0	4	14
81	4	1.22909020795487	208	14	0	0	0	5	14
81	5	0.847492997534573	235	20	0	0	0	6	14
81	6	3.53639732347801	220	20	0	0	0	7	14
81	7	3.90937427175231	536	21	0	0	0	8	14
81	8	5.41123132267967	221	74	2	0	0	9	14
82	1	3.59385748696513	170	12	1	0	0	1	14
82	1	1.61944627924822	192	18	0	0	0	2	14
82	2	4.79257602919824	261	22	0	0	0	3	14
82	3	1.001386892749	208	16	0	0	0	4	14
82	3	9.61467283405364	165	17	0	0	0	5	14
82	4	2.07738782954402	378	19	0	0	0	6	14
82	5	1.63777020270936	237	16	0	0	0	7	14
82	6	2.32667467440479	181	18	0	0	0	8	14
82	7	5.12716117454693	315	18	0	0	0	9	14
82	8	4.82291870913468	229	12	0	0	0	10	14
82	8	6.9769945316948	176	19	0	0	0	11	14
82	9	4.42570175882429	479	20	0	0	0	12	14
82	10	5.96299759298563	223	18	0	0	0	13	14
82	10	8.14514270727523	91	57	2	0	0	14	14
83	1	2.28908584592864	371	16	1	0	0	1	14
83	2	3.67200430482626	221	24	0	0	0	2	14
83	3	1.02928151050583	238	19	0	0	0	3	14
83	4	2.68172961310484	207	13	0	0	0	4	14
83	4	5.39356686617248	84	18	0	0	0	5	14
83	5	4.07520893518813	195	18	0	0	0	6	14
83	6	3.68328901170753	316	15	0	0	0	7	14
83	7	2.11404131259769	439	20	0	0	0	8	14
83	8	5.98844140721485	268	29	0	0	0	9	14
83	9	5.39923063549213	274	16	0	0	0	10	14
83	9	9.36558243818581	367	13	0	0	0	11	14
83	9	7.20373299112543	150	21	0	0	0	12	14
83	9	13.5479035540484	353	21	0	0	0	13	14
83	9	8.05414217407815	100	21	0	0	0	14	14
83	9	15.32125922665	218	61	2	0	0	15	14
84	1	3.03696822491474	151	12	1	0	0	1	14
84	1	2.5786527232267	149	14	0	0	0	2	14
84	2	1.05737477145158	163	14	0	0	0	3	14
84	3	0.583722763461992	165	16	0	0	0	4	14
84	3	5.32039035996422	164	17	0	0	0	5	14
84	4	2.43898478103802	271	17	0	0	0	6	14
84	5	2.07008357252926	273	19	0	0	0	7	14
84	5	6.42244941485114	412	22	0	0	0	8	14
84	6	3.12662686361	280	13	0	0	0	9	14
84	6	1.83375794556923	151	17	0	0	0	10	14
84	7	4.19163890858181	192	20	0	0	0	11	14
84	8	4.77119670133106	289	24	0	0	0	12	14
84	7	2.77318598912098	385	13	0	0	0	13	14
84	7	4.97143515758216	128	20	0	0	0	14	14
84	8	4.64980907808058	200	25	0	0	0	15	14
84	9	3.19202170264907	239	15	0	0	0	16	14
84	10	2.29761830950156	238	12	0	0	0	17	14
84	10	3.60163496830501	171	53	2	0	0	18	14
85	1	2.79718463611789	285	18	1	0	0	1	14
85	2	3.20335859572515	362	20	0	0	0	2	14
85	3	2.30631518247537	316	18	0	0	0	3	14
85	4	1.17951409658417	175	15	0	0	0	4	14
85	5	2.68942840024829	240	17	0	0	0	5	14
85	6	4.63644529087469	273	16	0	0	0	6	14
85	7	4.96051824768074	192	19	0	0	0	7	14
85	8	3.52607042086311	454	17	0	0	0	8	14
85	9	4.85293362801895	94	71	2	0	0	9	14
86	1	2.41617801180109	257	17	1	0	0	1	14
86	2	3.09468980738893	273	27	0	0	0	2	14
86	3	4.78804558701813	261	20	0	0	0	3	14
86	4	6.26999602769502	327	20	0	0	0	4	14
86	5	3.79305267101154	355	27	0	0	0	5	14
86	6	6.89779965719208	107	16	0	0	0	6	14
86	6	10.6340511918534	169	19	0	0	0	7	14
86	8	1.62697433796711	389	25	0	0	0	8	14
86	9	0.751326223136857	178	16	2	0	0	9	14
87	1	2.22676778049208	345	15	1	0	0	1	14
87	2	2.09128762525506	234	17	0	0	0	2	14
87	3	2.11496395780705	355	18	0	0	0	3	14
87	4	3.24339317763224	227	19	0	0	0	4	14
87	5	4.41052640485577	253	18	0	0	0	5	14
87	6	3.93571160105057	205	17	0	0	0	6	14
87	7	3.38150653941557	187	15	0	0	0	7	14
87	7	7.11431784625165	179	17	0	0	0	8	14
87	7	11.7597328240518	215	14	0	0	0	9	14
87	7	13.2439883179031	558	72	2	0	0	10	14
88	1	2.72950332728215	218	13	1	0	0	1	14
88	2	0.139389964751899	171	18	0	0	0	2	14
88	3	1.32812484330498	258	19	0	0	0	3	14
88	4	0.969759497791529	247	19	0	0	0	4	14
88	5	2.49570559570566	205	23	0	0	0	5	14
88	4	0.506004446418956	471	25	0	0	0	6	14
88	5	3.78119139466435	103	21	0	0	0	7	14
88	6	3.213622931391	240	24	0	0	0	8	14
88	7	4.78464611480013	252	22	0	0	0	9	14
88	8	3.13895187992603	564	21	0	0	0	10	14
88	9	4.7219068731647	190	76	2	0	0	11	14
89	1	2.78753681387752	265	17	1	0	0	1	14
89	2	3.66153705236502	190	18	0	0	0	2	14
89	3	2.88661319250241	222	20	0	0	0	3	14
89	4	0.738104097079486	220	15	0	0	0	4	14
89	4	2.54572069784626	169	18	0	0	0	5	14
89	5	3.63853705837391	185	21	0	0	0	6	14
89	6	5.71576790162362	288	18	0	0	0	7	14
89	6	9.54745207633823	174	27	0	0	0	8	14
89	7	3.69933297112584	225	24	0	0	0	9	14
89	8	4.19631441682577	188	67	2	0	0	10	14
90	1	4.44947898248211	455	16	1	0	0	1	14
90	2	3.87720111198723	237	33	0	0	0	2	14
90	3	4.92605422786437	201	14	0	0	0	3	14
90	3	7.13108442234807	195	19	0	0	0	4	14
90	4	2.89294531545602	196	20	0	0	0	5	14
90	5	5.9770345131401	272	20	0	0	0	6	14
90	6	5.38514874852262	218	19	0	0	0	7	14
90	7	5.56958987074904	230	22	0	0	0	8	14
90	9	1.04959878255613	320	16	0	0	0	9	14
90	9	3.72204413288273	173	61	2	0	0	10	14
91	1	3.8165916656144	434	23	1	0	0	1	14
91	2	7.4659962868318	206	13	0	0	0	2	14
91	2	9.34609459107742	168	17	0	0	0	3	14
91	3	0.975160562433302	222	22	0	0	0	4	14
91	4	5.80137966922484	181	14	0	0	0	5	14
91	4	2.81322434614412	146	20	0	0	0	6	14
91	5	2.90865390375257	207	18	0	0	0	7	14
91	6	1.73007387085818	307	20	0	0	0	8	14
91	7	4.29330317000858	283	21	0	0	0	9	14
91	8	1.56370047712699	248	33	0	0	0	10	14
91	9	0.644261624896899	205	22	0	0	0	11	14
91	10	3.08430666523054	378	16	0	0	0	12	14
91	10	6.13857926568016	351	59	2	0	0	13	14
92	1	2.31861415202729	251	19	1	0	0	1	14
92	2	2.73554086545482	216	17	0	0	0	2	14
92	3	2.27625620947219	149	18	0	0	0	3	14
92	4	3.01875954284333	191	20	0	0	0	4	14
92	5	2.88019092287868	205	20	0	0	0	5	14
92	6	2.1452451532241	244	18	0	0	0	6	14
92	7	3.71328881918453	330	20	0	0	0	7	14
92	9	4.11919134971686	205	24	0	0	0	8	14
92	10	6.14463680610061	236	16	0	0	0	9	14
92	10	9.04184244712815	230	15	0	0	0	10	14
92	10	11.7443727913778	240	60	2	0	0	11	14
93	1	2.82597832032479	320	17	1	0	0	1	14
93	2	3.70771621889435	269	21	0	0	0	2	14
93	3	3.84629817330278	282	19	0	0	0	3	14
93	4	2.09234533878043	225	23	0	0	0	4	14
93	5	3.76724989898503	257	32	0	0	0	5	14
93	5	10.7054751259275	67	19	0	0	0	6	14
93	6	2.49047341221012	206	14	0	0	0	7	14
93	5	14.3755058469251	85	20	0	0	0	8	14
93	6	5.79526278539561	302	18	0	0	0	9	14
93	7	5.1921193706803	368	24	0	0	0	10	14
93	8	3.20680806715973	267	18	0	0	0	11	14
93	8	7.68248610966839	231	15	0	0	0	12	14
93	8	10.7720329770818	194	61	2	0	0	13	14
94	1	2.97164840227924	241	17	1	0	0	1	14
94	2	3.52183392713778	141	18	0	0	0	2	14
94	3	3.13588409707882	229	14	0	0	0	3	14
94	4	3.9531145459041	126	16	0	0	0	4	14
94	5	4.1725745908916	292	20	0	0	0	5	14
94	6	3.31902952399105	255	21	0	0	0	6	14
94	8	0.0317055888008326	171	14	2	0	0	7	14
95	1	2.52359068696387	235	16	1	0	0	1	14
95	2	1.52134527801536	166	16	0	0	0	2	14
95	3	1.43378861784004	194	19	0	0	0	3	14
95	4	2.46723141823895	193	19	0	0	0	4	14
95	5	3.35285167931579	212	19	0	0	0	5	14
95	6	2.9608293522615	206	19	0	0	0	6	14
95	7	4.89399594161659	272	16	0	0	0	7	14
95	7	8.13509200396948	506	79	2	0	0	8	14
96	1	2.22567503340542	256	17	1	0	0	1	14
96	2	1.66473343106918	216	21	0	0	0	2	14
96	4	0.438722322694957	215	17	0	0	0	3	14
96	5	1.69357439666055	198	15	0	0	0	4	14
96	6	2.11761511396617	311	22	0	0	0	5	14
96	7	5.2516553082969	197	20	0	0	0	6	14
96	6	1.53161179972813	162	14	0	0	0	7	14
96	5	1.71946300962009	106	30	0	0	0	8	14
96	8	4.81727207568474	301	17	0	0	0	9	14
96	9	3.11219640914351	227	14	0	0	0	10	14
96	10	3.30598600301892	300	14	0	0	0	11	14
96	9	3.20669209165499	202	25	0	0	0	12	14
96	11	4.21584566356614	69	20	0	0	0	13	14
96	12	4.56402099132538	443	69	2	0	0	14	14
97	1	1.24297275301069	190	17	1	0	0	1	14
97	2	1.35548590496182	231	15	0	0	0	2	14
97	2	4.16127536864951	64	16	0	0	0	3	14
97	3	3.84655232867226	268	15	0	0	0	4	14
97	3	5.52501985058188	94	17	0	0	0	5	14
97	4	2.44258798402734	212	19	0	0	0	6	14
97	5	2.17349151219241	422	22	0	0	0	7	14
97	7	2.21940950443968	232	15	0	0	0	8	14
97	9	0.844235462602228	245	18	0	0	0	9	14
97	9	4.7304022363387	170	16	0	0	0	10	14
97	9	8.55728700617328	744	75	2	0	0	11	14
98	1	1.9224122101441	281	16	1	0	0	1	14
98	2	2.24608894670382	261	14	0	0	0	2	14
98	2	4.74897766928189	214	20	0	0	0	3	14
98	3	3.80086923972704	537	30	0	0	0	4	14
98	5	3.34314092434943	423	22	0	0	0	5	14
98	4	5.54589104210027	136	13	0	0	0	6	14
98	4	8.59152071899734	146	24	0	0	0	7	14
98	6	5.68673874973319	234	18	0	0	0	8	14
98	8	0.60972291091457	377	28	0	0	0	9	14
98	10	2.31545177684166	184	64	2	0	0	10	14
99	1	2.6380150062032	149	14	1	0	0	1	14
99	1	3.06267734779976	226	14	0	0	0	2	14
99	1	1.61298343492672	124	21	0	0	0	3	14
99	2	7.68724459502846	163	16	0	0	0	4	14
99	3	2.58080594451167	78	16	0	0	0	5	14
99	4	1.14154554833658	240	18	0	0	0	6	14
99	5	3.53893897193484	292	30	0	0	0	7	14
99	6	1.3907149892766	250	13	0	0	0	8	14
99	6	3.64772648690268	200	19	0	0	0	9	14
99	7	2.05972595675848	371	18	0	0	0	10	14
99	8	5.09452319890261	188	15	0	0	0	11	14
99	8	9.09137552045286	338	65	2	0	0	12	14
100	1	1.06358404224738	288	16	1	0	0	1	14
100	2	1.6767181137111	267	12	0	0	0	2	14
100	2	2.6503569453489	109	17	0	0	0	3	14
100	3	2.45045916130766	278	21	0	0	0	4	14
100	4	0.430595398647711	260	18	0	0	0	5	14
100	5	2.64995008916594	170	26	0	0	0	6	14
100	6	2.91688673826866	239	19	0	0	0	7	14
100	7	0.744870682014152	243	18	0	0	0	8	14
100	8	3.95054413587786	320	24	0	0	0	9	14
100	9	4.47493823361583	458	23	0	0	0	10	14
100	10	2.00913707073778	249	60	2	0	0	11	14
101	1	2.9227851186879	370	15	1	0	0	1	14
101	2	3.82471939083189	223	17	0	0	0	2	14
101	3	0.478885170305148	161	15	0	0	0	3	14
101	3	3.84014355088584	133	18	0	0	0	4	14
101	4	2.55751957162283	213	20	0	0	0	5	14
101	5	4.51044041384012	278	24	0	0	0	6	14
101	6	4.23489867174067	176	35	0	0	0	7	14
101	8	2.30157061549835	180	15	0	0	0	8	14
101	7	3.68747427640483	162	30	0	0	0	9	14
101	10	0.272038106573746	333	15	0	0	0	10	14
101	10	2.4849639525637	146	73	2	0	0	11	14
102	1	1.34283671504818	307	18	1	0	0	1	14
102	2	5.35064844717272	168	13	0	0	0	2	14
102	3	1.19291120418347	83	14	0	0	0	3	14
102	4	1.72927841614	251	16	0	0	0	4	14
102	5	3.90957890683785	259	23	0	0	0	5	14
102	6	2.32359157712199	234	23	0	0	0	6	14
102	5	6.73881623381749	177	12	0	0	0	7	14
102	5	8.03384494991042	159	23	0	0	0	8	14
102	6	5.77661958616227	134	19	0	0	0	9	14
102	7	4.52803657809272	214	20	0	0	0	10	14
102	8	5.39017742057331	412	24	0	0	0	11	14
102	9	5.79565556603484	256	16	0	0	0	12	14
102	9	7.9017769494094	387	15	0	0	0	13	14
102	9	8.23953268281184	221	73	2	0	0	14	14
103	1	1.1788368569687	322	19	1	0	0	1	14
103	2	4.09278630209155	146	15	0	0	0	2	14
103	3	3.59548998787068	340	20	0	0	0	3	14
103	4	5.84667929215357	309	18	0	0	0	4	14
103	5	2.55677360156551	230	12	0	0	0	5	14
103	6	0.782929239794612	268	19	0	0	0	6	14
103	7	4.36743599153124	595	20	0	0	0	7	14
103	8	6.7270698142238	169	78	2	0	0	8	14
104	1	3.42182484944351	370	17	1	0	0	1	14
104	2	4.67514620255679	250	14	0	0	0	2	14
104	2	6.50379193644039	120	18	0	0	0	3	14
104	3	2.9483622063417	262	17	0	0	0	4	14
104	4	4.2553251341451	265	26	0	0	0	5	14
104	5	3.4666369156912	265	18	0	0	0	6	14
104	6	3.41671766433865	201	18	0	0	0	7	14
104	7	4.29127091285773	357	23	0	0	0	8	14
104	8	5.62361517106183	252	20	0	0	0	9	14
104	10	0.760198621544987	213	13	2	0	0	10	14
105	1	2.02088465890847	240	17	1	0	0	1	14
105	2	3.91781761636958	150	18	0	0	0	2	14
105	3	3.26856703823432	219	20	0	0	0	3	14
105	4	2.80503015336581	253	17	0	0	0	4	14
105	5	2.76707442826591	279	15	0	0	0	5	14
105	6	2.01173567143269	242	24	0	0	0	6	14
105	7	1.34011817979626	197	104	0	0	0	7	14
105	7	5.32494059694	277	17	2	0	0	8	14
106	1	1.20948584727012	243	15	1	0	0	1	14
106	1	3.87105469196104	138	14	0	0	0	2	14
106	2	1.31897905189544	187	15	0	0	0	3	14
106	2	5.91026618890464	179	17	0	0	0	4	14
106	3	0.234152437653393	269	19	0	0	0	5	14
106	4	0.452728317352012	210	20	0	0	0	6	14
106	5	1.7425802773796	248	16	0	0	0	7	14
106	6	0.451533851446584	140	16	0	0	0	8	14
106	7	0.777478484902531	127	16	0	0	0	9	14
106	7	3.47853332106024	225	20	0	0	0	10	14
106	7	9.77938034827821	34	68	2	0	0	11	14
107	1	1.48814870393835	417	16	1	0	0	1	14
107	2	3.06660925131291	215	13	0	0	0	2	14
107	2	5.73435109923594	112	18	0	0	0	3	14
107	3	1.80967624764889	358	13	0	0	0	4	14
107	3	3.34659936232492	143	16	0	0	0	5	14
107	4	1.44093921268359	204	18	0	0	0	6	14
107	5	2.69362852000631	211	20	0	0	0	7	14
107	6	2.34548996668309	274	19	0	0	0	8	14
107	7	2.17483541066758	336	18	0	0	0	9	14
107	8	4.93991042068228	133	17	0	0	0	10	14
107	9	2.21605530218221	233	15	0	0	0	11	14
107	10	3.55694180866703	471	25	0	0	0	12	14
107	11	2.88892728113569	374	12	0	0	0	13	14
107	11	3.460057125194	362	12	0	0	0	14	14
107	11	4.57314996165223	324	49	2	0	0	15	14
108	1	1.18233528337441	357	19	1	0	0	1	14
108	2	5.53895173128694	407	16	0	0	0	2	14
108	3	1.46755889151245	107	25	0	0	0	3	14
108	2	0.516200633021072	144	13	0	0	0	4	14
108	2	1.56871417327784	192	22	0	0	0	5	14
108	3	3.55947832483798	220	29	0	0	0	6	14
108	4	3.53649050183594	206	19	0	0	0	7	14
108	5	1.06205595424399	522	26	0	0	0	8	14
108	7	3.57265168242157	265	17	0	0	0	9	14
108	9	0.28497774573043	76	20	2	0	0	10	14
109	1	2.6261103246361	309	18	1	0	0	1	14
109	2	3.98197508230805	212	22	0	0	0	2	14
109	3	2.07636664877646	256	21	0	0	0	3	14
109	4	1.80632848455571	220	16	0	0	0	4	14
109	5	0.672370659885928	128	20	0	0	0	5	14
109	6	1.55742661678232	270	24	0	0	0	6	14
109	7	3.4312102261465	295	17	0	0	0	7	14
109	8	5.48616141290404	192	22	0	0	0	8	14
109	9	6.26373695023358	399	17	0	0	0	9	14
109	9	10.0108671966009	176	67	2	0	0	10	14
110	1	2.2656438765116	396	17	1	0	0	1	14
110	2	6.60887860693038	179	28	0	0	0	2	14
110	3	2.1805888870731	222	18	0	0	0	3	14
110	4	2.52291480242275	324	18	0	0	0	4	14
110	5	3.18469830555841	160	18	0	0	0	5	14
110	6	3.46489052008837	179	16	0	0	0	6	14
110	7	3.36825140053406	203	13	0	0	0	7	14
110	7	6.27971553057432	174	22	0	0	0	8	14
110	8	3.48262037779205	205	22	0	0	0	9	14
110	9	2.30858995881863	363	21	0	0	0	10	14
110	10	6.83992978790775	251	12	0	0	0	11	14
110	10	8.73305023205467	115	17	0	0	0	12	14
110	10	4.38048337586224	413	29	0	0	0	13	14
110	10	11.3220195327885	251	15	0	0	0	14	14
110	10	14.4189625009894	499	52	2	0	0	15	14
111	1	3.5684714615345	163	12	1	0	0	1	14
111	1	2.55606124782935	225	21	0	0	0	2	14
111	2	7.55754687217996	204	13	0	0	0	3	14
111	2	11.2004830660298	105	15	0	0	0	4	14
111	2	15.0213015370537	112	17	0	0	0	5	14
111	3	3.66642743744887	192	20	0	0	0	6	14
111	4	3.85147203085944	306	16	0	0	0	7	14
111	5	3.61558047332801	203	22	0	0	0	8	14
111	6	3.57242302992381	318	29	0	0	0	9	14
111	7	2.212901099585	192	14	0	0	0	10	14
111	8	0.392910885624588	137	17	0	0	0	11	14
111	8	4.93712507537566	474	25	0	0	0	12	14
111	9	4.00771223101765	433	27	0	0	0	13	14
111	10	6.55202102707699	372	56	2	0	0	14	14
112	2	0.3754873117432	540	16	1	0	0	1	14
112	2	4.93356134509668	214	20	0	0	0	2	14
112	3	4.55762410443276	256	17	0	0	0	3	14
112	4	2.50058308499865	292	17	0	0	0	4	14
112	5	1.35963127505966	85	18	0	0	0	5	14
112	6	1.41171220433898	167	17	0	0	0	6	14
112	6	5.8770929868333	182	19	0	0	0	7	14
112	8	0.446712210774422	302	17	0	0	0	8	14
112	8	5.7308659448754	91	30	0	0	0	9	14
112	9	5.1082532138098	450	69	2	0	0	10	14
113	1	1.98941916879267	334	16	1	0	0	1	14
113	2	0.667042771121487	98	16	0	0	0	2	14
113	3	2.99298431328498	227	16	0	0	0	3	14
113	4	2.49189590918832	260	21	0	0	0	4	14
113	5	2.83897204091772	222	19	0	0	0	5	14
113	6	3.01933633768931	343	18	0	0	0	6	14
113	7	4.95978560415097	593	87	2	0	0	7	14
114	1	2.09362010471523	205	16	1	0	0	1	14
114	2	2.13610121933743	124	17	0	0	0	2	14
114	3	3.36278205900453	226	19	0	0	0	3	14
114	5	0.98768982081674	425	18	0	0	0	4	14
114	6	1.00080622942187	154	15	0	0	0	5	14
114	6	5.93424060335383	174	18	0	0	0	6	14
114	7	5.57375248963945	190	20	0	0	0	7	14
114	8	3.49182144808583	321	18	0	0	0	8	14
114	7	6.58272690582089	371	28	0	0	0	9	14
114	8	7.1733398612123	93	17	0	0	0	10	14
114	9	4.61989625031129	354	21	0	0	0	11	14
114	11	1.85033610812388	181	17	2	0	0	12	14
