1	1	3.44745080475695	436	18	1	0	0	1	1
1	3	0.560238374397159	114	13	0	0	0	2	1
1	3	5.583010380622	190	17	0	0	0	3	1
1	4	0.104871131712571	150	12	0	0	0	4	1
1	4	2.74072022805922	154	18	0	0	0	5	1
1	5	3.20474730897695	149	15	0	0	0	6	1
1	6	3.9296823090408	155	19	0	0	0	7	1
1	7	3.04436764540151	121	18	0	0	0	8	1
1	9	0.719322618562728	410	18	0	0	0	9	1
1	10	0.420722335809842	134	15	0	0	0	10	1
1	10	4.6525478893891	165	18	0	0	0	11	1
1	11	5.11821517487988	380	47	2	0	0	12	1
2	1	2.92952288244851	397	12	1	0	0	1	1
2	2	2.52077070786618	115	16	0	0	0	2	1
2	1	1.59305001283064	211	15	0	0	0	3	1
2	2	3.71969625120983	84	15	0	0	0	4	1
2	3	4.42703351960517	173	20	0	0	0	5	1
2	4	4.61467600427568	266	15	0	0	0	6	1
2	4	9.1038096814882	106	16	0	0	0	7	1
2	5	2.38328232243657	206	19	0	0	0	8	1
2	7	0.974959672894329	136	15	0	0	0	9	1
2	7	4.08669111691415	155	17	0	0	0	10	1
2	8	5.54264647699893	529	15	0	0	0	11	1
2	9	4.86533348425291	349	18	0	0	0	12	1
2	10	4.59870560700074	411	51	2	0	0	13	1
3	1	1.33045585104264	347	14	1	0	0	1	1
3	2	1.39935413375497	176	14	0	0	0	2	1
3	2	3.87206779443659	114	21	0	0	0	3	1
3	3	3.84585875133052	191	19	0	0	0	4	1
3	4	3.55399292567745	312	15	0	0	0	5	1
3	6	0.133337177103385	206	15	0	0	0	6	1
3	6	3.17073710588738	157	14	0	0	0	7	1
3	7	2.35542581230402	196	16	0	0	0	8	1
3	8	2.19590786169283	161	21	0	0	0	9	1
3	9	2.71897171041928	234	16	0	0	0	10	1
3	10	2.24957876303233	396	12	0	0	0	11	1
3	10	6.14015827840194	427	17	0	0	0	12	1
3	10	12.4232890217099	147	49	2	0	0	13	1
4	1	2.60065131704323	324	16	1	0	0	1	1
4	2	4.12072001793422	135	15	0	0	0	2	1
4	3	0.0444749027956277	178	19	0	0	0	3	1
4	4	0.561028121737763	181	22	0	0	0	4	1
4	2	4.17543597030453	224	15	0	0	0	5	1
4	3	3.29928475897759	125	17	0	0	0	6	1
4	4	3.66898055514321	239	14	0	0	0	7	1
4	4	8.8726422751788	90	16	0	0	0	8	1
4	5	2.26368410023861	198	16	0	0	0	9	1
4	6	2.66494405292906	196	18	0	0	0	10	1
4	7	3.26301621668972	138	18	0	0	0	11	1
4	8	3.02871390618384	238	58	2	0	0	12	1
5	1	4.70095616974868	157	13	1	0	0	1	1
5	1	2.14241611259058	180	14	0	0	0	2	1
5	1	5.77224696497433	222	19	0	0	0	3	1
5	2	4.92740728450008	275	20	0	0	0	4	1
5	3	0.723321741214022	232	13	0	0	0	5	1
5	4	0.978572725784034	286	16	0	0	0	6	1
5	4	4.03007049928419	138	19	0	0	0	7	1
5	3	1.45488310791552	222	21	0	0	0	8	1
5	4	4.20823283889331	199	17	0	0	0	9	1
5	4	8.53031722595915	92	17	0	0	0	10	1
5	5	3.41198004572652	289	19	0	0	0	11	1
5	6	3.2091477860231	235	16	0	0	0	12	1
5	7	3.66118141915649	367	68	2	0	0	13	1
6	1	1.00035092001781	445	16	1	0	0	1	1
6	2	3.32444775756449	222	23	0	0	0	2	1
6	3	2.57647421350703	192	15	0	0	0	3	1
6	3	6.99898720672354	219	17	0	0	0	4	1
6	3	1.73543495847844	179	24	0	0	0	5	1
6	4	0.0559323208872229	235	15	0	0	0	6	1
6	5	1.190608875826	208	18	0	0	0	7	1
6	6	4.48543828562833	146	16	0	0	0	8	1
6	7	1.85874993191101	298	16	0	0	0	9	1
6	8	1.1363422900904	140	23	2	0	0	10	1
7	1	1.63900094758719	422	15	1	0	0	1	1
7	2	4.94197241263464	282	17	0	0	0	2	1
7	3	4.60569837316871	537	14	0	0	0	3	1
7	5	0.314179347828031	59	16	0	0	0	4	1
7	5	3.67072787205689	303	19	0	0	0	5	1
7	6	0.441503072390333	166	16	0	0	0	6	1
7	6	5.2791586779058	188	17	0	0	0	7	1
7	7	3.45219157473184	237	22	0	0	0	8	1
7	7	8.25994367990643	202	18	0	0	0	9	1
7	8	1.23838045354933	278	18	0	0	0	10	1
7	10	0.863608901621774	156	13	0	0	0	11	1
7	10	3.64371781353839	304	12	0	0	0	12	1
7	10	4.07870407379232	220	49	2	0	0	13	1
8	1	2.50840032077394	402	16	1	0	0	1	1
8	2	3.03826256142929	154	15	0	0	0	2	1
8	3	3.66160271386616	261	22	0	0	0	3	1
8	4	4.68471919093281	471	16	0	0	0	4	1
8	5	2.96321561117657	205	15	0	0	0	5	1
8	6	1.07985417498276	201	19	0	0	0	6	1
8	7	4.82766045886092	221	16	0	0	0	7	1
8	8	2.40841128234752	184	24	0	0	0	8	1
8	9	4.46072793309577	198	13	0	0	0	9	1
8	9	8.56793690123595	93	20	0	0	0	10	1
8	9	0.296336302766576	229	32	0	0	0	11	1
8	11	0.700242001796141	149	12	2	0	0	12	1
9	1	2.85823209537193	341	17	1	0	0	1	1
9	2	3.91474085533991	163	15	0	0	0	2	1
9	3	1.63106596306898	168	21	0	0	0	3	1
9	4	1.97440661117435	230	18	0	0	0	4	1
9	5	0.307103934697807	231	15	0	0	0	5	1
9	6	1.2935959615279	116	22	0	0	0	6	1
9	7	2.51990069355816	477	76	2	0	0	7	1
10	2	0.00600457610562444	447	13	1	0	0	1	1
10	3	0.564150284044445	141	17	0	0	0	2	1
10	3	4.59633515938185	330	17	0	0	0	3	1
10	4	2.87143483012915	91	30	0	0	0	4	1
10	3	0.638507421128452	320	17	0	0	0	5	1
10	3	4.24148882576264	150	17	0	0	0	6	1
10	4	4.63261690340005	266	14	0	0	0	7	1
10	5	2.43400675896555	238	15	0	0	0	8	1
10	6	2.48288423288614	157	14	0	0	0	9	1
10	7	2.81529367901385	177	15	0	0	0	10	1
10	8	2.1605971895624	207	17	0	0	0	11	1
10	9	4.26960945175961	138	17	0	0	0	12	1
10	10	3.1241638220381	233	57	2	0	0	13	1
11	1	2.19629032420926	224	13	1	0	0	1	1
11	2	0.958949847845361	131	14	0	0	0	2	1
11	2	4.54520136630163	179	17	0	0	0	3	1
11	2	10.4400088102557	186	16	0	0	0	4	1
11	3	2.74578849854879	175	17	0	0	0	5	1
11	4	0.374583053868264	183	16	0	0	0	6	1
11	5	0.213821834651753	127	13	0	0	0	7	1
11	5	3.0875994823873	152	16	0	0	0	8	1
11	6	3.91594710526988	277	17	0	0	0	9	1
11	7	2.7162585533224	240	20	0	0	0	10	1
11	6	3.6154428885784	138	18	0	0	0	11	1
11	7	2.05183565337211	243	17	0	0	0	12	1
11	8	3.58802887913771	227	23	0	0	0	13	1
11	9	2.03599494020455	236	17	0	0	0	14	1
11	9	7.0477957110852	300	58	2	0	0	15	1
12	1	1.86749877012335	226	12	1	0	0	1	1
12	1	2.02709375065751	160	15	0	0	0	2	1
12	3	0.613182121422142	607	15	0	0	0	3	1
12	4	3.05729997367598	141	17	0	0	0	4	1
12	5	1.73348160623573	176	17	0	0	0	5	1
12	6	1.64592519006692	222	13	0	0	0	6	1
12	7	1.09381872508675	249	19	0	0	0	7	1
12	8	1.18391870218329	346	74	2	0	0	8	1
13	1	2.07985456590541	357	17	1	0	0	1	1
13	2	3.46237746137194	173	16	0	0	0	2	1
13	3	3.79863743111491	242	19	0	0	0	3	1
13	2	2.95953683368862	193	22	0	0	0	4	1
13	4	1.14887842186727	234	20	0	0	0	5	1
13	5	0.321264766156673	214	15	0	0	0	6	1
13	5	4.01246155123226	371	16	0	0	0	7	1
13	6	2.04828346590512	144	27	0	0	0	8	1
13	8	0.579480316024274	259	65	2	0	0	9	1
15	1	2.65333964419551	332	17	1	0	0	1	1
15	2	3.48358680633828	233	13	0	0	0	2	1
15	3	3.65818089572713	196	15	0	0	0	3	1
15	2	2.98615254927427	316	14	0	0	0	4	1
15	3	2.00286483531818	401	17	0	0	0	5	1
15	4	0.033563831821084	179	17	0	0	0	6	1
15	4	5.14554871502332	135	16	0	0	0	7	1
15	5	4.88644423475489	142	15	0	0	0	8	1
15	6	3.23056623991579	253	14	0	0	0	9	1
15	7	3.1829964146018	280	18	0	0	0	10	1
15	7	8.06058378098533	126	16	0	0	0	11	1
15	8	3.33203757391311	291	16	0	0	0	12	1
15	8	6.20523325540125	182	13	0	0	0	13	1
15	8	3.22139851073734	94	21	0	0	0	14	1
15	9	2.72389910253696	296	15	0	0	0	15	1
15	9	7.17773988703266	272	16	0	0	0	16	1
15	9	2.25844617700204	239	66	2	0	0	17	1
16	1	3.12954604718834	334	16	1	0	0	1	1
16	2	3.30205759033561	272	17	0	0	0	2	1
16	3	0.358184413518757	165	14	0	0	0	3	1
16	3	3.51509791892022	161	16	0	0	0	4	1
16	4	3.04589336714707	245	18	0	0	0	5	1
16	4	8.95863406127319	119	17	0	0	0	6	1
16	5	2.60284427879378	254	21	0	0	0	7	1
16	6	4.37433227384463	181	14	2	0	0	8	1
17	1	2.54524838761427	395	14	1	0	0	1	1
17	2	3.18636417016387	186	14	0	0	0	2	1
17	2	7.87023675977252	95	14	0	0	0	3	1
17	3	4.54570328746922	250	14	0	0	0	4	1
17	4	2.28372712503187	227	16	0	0	0	5	1
17	5	2.4915347257629	190	17	0	0	0	6	1
17	6	3.84335417533293	249	16	0	0	0	7	1
17	7	3.75587966525927	208	19	0	0	0	8	1
17	8	5.27081148512661	179	19	0	0	0	9	1
17	9	4.26812834874727	216	60	2	0	0	10	1
18	1	1.85580112598836	264	16	1	0	0	1	1
18	2	2.06609612586908	286	15	0	0	0	2	1
18	3	0.656958826817572	200	16	0	0	0	3	1
18	3	3.90389509662054	194	17	0	0	0	4	1
18	4	2.65342822414823	221	17	0	0	0	5	1
18	5	2.34892586083151	216	13	0	0	0	6	1
18	5	5.80052800639533	327	14	0	0	0	7	1
18	6	2.99191190232523	184	13	0	0	0	8	1
18	7	2.60223225294612	204	18	0	0	0	9	1
18	8	1.15676591196097	281	26	0	0	0	10	1
18	9	2.86788919358514	154	15	0	0	0	11	1
18	10	3.25339686730877	286	59	2	0	0	12	1
19	1	2.7739595125895	346	15	1	0	0	1	1
19	2	4.23013732861727	81	16	0	0	0	2	1
19	3	2.87311027431861	240	16	0	0	0	3	1
19	3	7.33410003921017	153	16	0	0	0	4	1
19	4	2.05278159980662	161	16	0	0	0	5	1
19	5	2.22549004876055	227	20	0	0	0	6	1
19	6	2.12245601974428	205	16	0	0	0	7	1
19	7	2.19111494650133	423	17	0	0	0	8	1
19	8	4.96989758242853	211	23	0	0	0	9	1
19	10	1.2290001201909	284	18	0	0	0	10	1
19	11	2.77959495410323	170	14	2	0	0	11	1
20	1	2.40182201447897	295	14	1	0	0	1	1
20	2	4.66197432810441	503	19	0	0	0	2	1
20	3	0.06077084178105	226	17	0	0	0	3	1
20	4	2.06523106922396	249	15	0	0	0	4	1
20	4	7.2285107919015	78	18	0	0	0	5	1
20	5	3.02204647101462	446	15	0	0	0	6	1
20	7	1.58175278943963	188	13	0	0	0	7	1
20	6	1.83522503077984	273	22	0	0	0	8	1
20	7	5.39782824344002	165	22	0	0	0	9	1
20	8	5.13224816066213	181	14	0	0	0	10	1
20	10	0.558453222271055	197	19	2	0	0	11	1
21	1	2.82349988305941	322	16	1	0	0	1	1
21	2	2.24913909798488	86	20	0	0	0	2	1
21	2	6.26168547291309	150	18	0	0	0	3	1
21	3	2.15948319248855	202	16	0	0	0	4	1
21	3	6.51027111592703	129	14	0	0	0	5	1
21	4	2.86830238578841	232	16	0	0	0	6	1
21	5	3.97172043751925	188	20	0	0	0	7	1
21	6	3.75963822030462	162	18	0	0	0	8	1
21	5	1.80215796316043	295	20	0	0	0	9	1
21	6	2.6759912839625	173	21	0	0	0	10	1
21	8	0.20643511088565	203	13	0	0	0	11	1
21	7	3.28257463034242	216	16	0	0	0	12	1
21	8	2.78418174851686	206	17	0	0	0	13	1
21	9	3.91541310539469	268	12	0	0	0	14	1
21	9	6.50003963382915	124	15	0	0	0	15	1
21	10	3.05930580198765	186	52	2	0	0	16	1
22	1	3.76650487631559	353	15	1	0	0	1	1
22	2	3.93016916466877	246	16	0	0	0	2	1
22	3	4.09309782017954	148	17	0	0	0	3	1
22	2	1.72793711698614	240	17	0	0	0	4	1
22	3	2.22874065348879	120	14	0	0	0	5	1
22	3	6.83910023747012	301	15	0	0	0	6	1
22	4	4.25574799673632	198	19	0	0	0	7	1
22	5	4.81090675946325	225	15	0	0	0	8	1
22	5	8.70661241165362	141	18	0	0	0	9	1
22	6	3.24729863367975	236	14	0	0	0	10	1
22	7	1.13751768460497	246	14	0	0	0	11	1
22	7	4.12626013532281	362	75	2	0	0	12	1
23	1	2.93712629098445	310	13	1	0	0	1	1
23	2	1.88852500356734	143	13	0	0	0	2	1
23	2	3.58619412686676	107	20	0	0	0	3	1
23	1	1.07629441143945	154	18	0	0	0	4	1
23	3	1.0089711593464	334	17	0	0	0	5	1
23	4	3.3804845334962	324	16	0	0	0	6	1
23	5	2.55981857981533	190	26	0	0	0	7	1
23	6	2.35993290087208	296	21	2	0	0	8	1
24	1	2.57565802941099	410	18	1	0	0	1	1
24	2	5.65171312820166	100	12	0	0	0	2	1
24	3	2.09040752984583	159	15	0	0	0	3	1
24	4	0.336306959856302	176	17	0	0	0	4	1
24	4	3.13502100668848	150	13	0	0	0	5	1
24	5	3.82020354503766	176	17	0	0	0	6	1
24	6	2.57473846059293	235	15	0	0	0	7	1
24	5	2.69093167944811	209	20	0	0	0	8	1
24	7	0.0584234506823123	169	12	0	0	0	9	1
24	7	3.12707423348911	128	16	0	0	0	10	1
24	8	3.77078405627981	332	23	0	0	0	11	1
24	10	4.5697194125969	312	57	2	0	0	12	1
25	1	1.23230212158523	390	18	1	0	0	1	1
25	2	3.59440051438287	667	19	0	0	0	2	1
25	3	1.20178109989502	285	16	0	0	0	3	1
25	4	2.45744610647671	382	25	0	0	0	4	1
25	5	1.81236017704941	230	19	0	0	0	5	1
25	4	5.4651588445995	311	27	0	0	0	6	1
25	5	2.90799684287049	286	18	0	0	0	7	1
25	6	2.83339714515023	262	15	0	0	0	8	1
25	7	3.28721912810579	162	18	0	0	0	9	1
25	8	3.04710745369084	238	14	0	0	0	10	1
25	8	6.88857875205576	243	14	0	0	0	11	1
25	8	1.32309238659218	231	17	0	0	0	12	1
25	8	10.6588570508175	194	59	2	0	0	13	1
26	1	3.29158644075505	434	14	1	0	0	1	1
26	2	2.17730711097829	118	13	0	0	0	2	1
26	2	5.80930173373781	195	20	0	0	0	3	1
26	3	1.95102024124935	126	14	0	0	0	4	1
26	4	1.73793232114986	159	15	0	0	0	5	1
26	5	0.501751224976033	346	17	0	0	0	6	1
26	5	3.44134473172016	215	21	0	0	0	7	1
26	6	4.94637592113577	376	15	0	0	0	8	1
26	7	3.15535482391715	225	71	2	0	0	9	1
27	1	3.49361777794547	362	16	1	0	0	1	1
27	2	5.964364759624	167	13	0	0	0	2	1
27	2	7.31618214701302	149	15	0	0	0	3	1
27	3	4.41188726294786	105	13	0	0	0	4	1
27	4	3.78710863762535	177	16	0	0	0	5	1
27	4	7.00406703259796	134	19	0	0	0	6	1
27	4	10.6062588491477	114	15	0	0	0	7	1
27	5	2.57586640189402	175	15	0	0	0	8	1
27	6	4.42137634102255	343	21	0	0	0	9	1
27	7	4.57687476021238	452	15	0	0	0	10	1
27	7	7.61259059049189	143	54	2	0	0	11	1
28	1	2.521267530974	361	16	1	0	0	1	1
28	2	3.8621677828487	266	18	0	0	0	2	1
28	3	2.23876341013238	402	23	0	0	0	3	1
28	4	3.28875530487858	260	14	0	0	0	4	1
28	4	6.71486626355909	108	16	0	0	0	5	1
28	5	2.07335548312403	171	19	0	0	0	6	1
28	6	2.03107049223036	143	15	0	0	0	7	1
28	7	3.15411602007225	172	20	0	0	0	8	1
28	8	2.24678474036045	177	17	0	0	0	9	1
28	7	1.4405659630429	264	31	0	0	0	10	1
28	9	0.218907496193424	257	17	0	0	0	11	1
28	10	1.40607470017858	189	23	0	0	0	12	1
28	10	9.17323879804462	195	17	0	0	0	13	1
28	10	13.3767940539401	160	46	2	0	0	14	1
29	1	2.857785705477	332	13	1	0	0	1	1
29	2	2.87507593072951	116	13	0	0	0	2	1
29	2	5.77507735881954	151	16	0	0	0	3	1
29	3	1.96767240180634	173	17	0	0	0	4	1
29	4	1.99318883894011	209	12	0	0	0	5	1
29	5	0.554895474808291	126	17	0	0	0	6	1
29	5	5.96320675709285	190	17	0	0	0	7	1
29	6	2.05446908879094	316	28	0	0	0	8	1
29	7	3.80975344381295	234	16	0	0	0	9	1
29	7	8.02362316381186	237	14	0	0	0	10	1
29	7	12.7331070404034	270	14	0	0	0	11	1
29	8	2.40123189380392	328	58	2	0	0	12	1
30	1	1.47328560939059	398	12	1	0	0	1	1
30	2	0.633316411171108	161	16	0	0	0	2	1
30	2	3.57289727963507	152	16	0	0	0	3	1
30	3	1.0115915229544	208	15	0	0	0	4	1
30	4	1.63913139607757	173	14	0	0	0	5	1
30	4	6.31559648481198	149	16	0	0	0	6	1
30	5	2.56321053020656	167	14	0	0	0	7	1
30	6	0.0213914625346661	222	15	0	0	0	8	1
30	7	2.13334381952882	150	71	2	0	0	9	1
31	1	2.81350504024886	440	13	1	0	0	1	1
31	2	2.49091984820552	138	15	0	0	0	2	1
31	3	2.17245302489027	249	16	0	0	0	3	1
31	4	0.895106987562031	146	15	0	0	0	4	1
31	4	3.88371167238802	232	18	0	0	0	5	1
31	5	2.99814175628126	219	14	0	0	0	6	1
31	6	1.43842954887077	226	16	0	0	0	7	1
31	7	1.65482805855572	229	17	0	0	0	8	1
31	8	0.324280820554122	118	14	0	0	0	9	1
31	8	4.55890540243126	181	18	0	0	0	10	1
31	9	2.19708127412014	695	61	2	0	0	11	1
32	1	1.18067775014788	415	20	1	0	0	1	1
32	2	6.82929872488603	145	12	0	0	0	2	1
32	3	2.77265061391518	182	16	0	0	0	3	1
32	2	4.77126212441362	191	14	0	0	0	4	1
32	3	0.475264495471492	121	15	0	0	0	5	1
32	3	3.27741067134775	128	14	0	0	0	6	1
32	4	2.94481707271188	178	12	0	0	0	7	1
32	5	2.27148518431932	212	15	0	0	0	8	1
32	6	1.46417946950532	240	16	0	0	0	9	1
32	7	1.62920408369973	390	14	0	0	0	10	1
32	8	0.231820344459265	171	16	0	0	0	11	1
32	8	3.82705439371057	155	21	0	0	0	12	1
32	8	10.0614555629436	195	16	0	0	0	13	1
32	8	13.967590139946	158	62	2	0	0	14	1
33	1	3.70488113048486	543	16	1	0	0	1	1
33	2	3.61637089354917	165	15	0	0	0	2	1
33	3	4.31390327261761	276	16	0	0	0	3	1
33	4	3.0677986482624	228	16	0	0	0	4	1
33	5	1.69828267814592	191	20	0	0	0	5	1
33	6	5.01610817830078	219	24	0	0	0	6	1
33	7	4.4053003853187	338	18	0	0	0	7	1
33	7	9.95183913456276	139	57	2	0	0	8	1
34	1	3.41521269246005	432	13	1	0	0	1	1
34	2	4.06982839317061	215	17	0	0	0	2	1
34	1	2.198433263693	216	17	0	0	0	3	1
34	2	5.31447185901925	122	16	0	0	0	4	1
34	3	3.32048453507014	258	17	0	0	0	5	1
34	4	2.18635530257598	418	19	0	0	0	6	1
34	3	2.75279557192698	253	16	0	0	0	7	1
34	4	2.07872797269374	278	22	0	0	0	8	1
34	3	3.93096100515686	233	15	0	0	0	9	1
34	4	2.50996370241046	210	20	0	0	0	10	1
34	5	4.0412740802858	149	21	0	0	0	11	1
34	7	0.24938416108489	140	14	0	0	0	12	1
34	7	5.87545049097389	228	21	0	0	0	13	1
34	8	4.09448269219138	503	72	2	0	0	14	1
35	1	3.50895876786672	457	16	1	0	0	1	1
35	2	4.90643909014761	188	16	0	0	0	2	1
35	3	1.79718121211044	220	16	0	0	0	3	1
35	3	5.73768004658632	214	16	0	0	0	4	1
35	4	3.20898500061594	232	17	0	0	0	5	1
35	4	8.56031655753031	117	13	0	0	0	6	1
35	4	11.3967308620922	126	14	0	0	0	7	1
35	5	3.38775616278872	135	17	0	0	0	8	1
35	6	3.66762440162711	313	73	2	0	0	9	1
36	1	3.72041920828633	569	16	1	0	0	1	1
36	2	5.02688257209957	603	14	0	0	0	2	1
36	2	3.82050350983627	278	18	0	0	0	3	1
36	3	3.65095796925016	164	18	0	0	0	4	1
36	4	3.26035783044063	237	19	0	0	0	5	1
36	5	3.03512287675403	220	19	0	0	0	6	1
36	6	2.57416891027242	336	14	0	0	0	7	1
36	7	0.498746242607012	117	14	0	0	0	8	1
36	7	3.97603459772654	227	18	0	0	0	9	1
36	8	3.85939508234151	404	66	2	0	0	10	1
37	1	2.60847268742509	336	16	1	0	0	1	1
37	2	2.70423137536272	249	14	0	0	0	2	1
37	3	3.25316444225609	190	17	0	0	0	3	1
37	2	1.52532855700701	238	17	0	0	0	4	1
37	3	2.90269152657129	264	21	0	0	0	5	1
37	4	3.5900234899018	273	16	0	0	0	6	1
37	5	1.79028075700626	328	13	0	0	0	7	1
37	5	4.557753901463	281	16	0	0	0	8	1
37	6	4.17930908314884	294	18	0	0	0	9	1
37	7	2.48281005187891	322	15	0	0	0	10	1
37	8	1.97694081184454	179	63	2	0	0	11	1
38	1	2.91442565643229	385	16	1	0	0	1	1
38	2	2.91550629306585	183	18	0	0	0	2	1
38	3	1.75332406000234	177	14	0	0	0	3	1
38	3	5.39548424608074	220	17	0	0	0	4	1
38	4	0.491503712255508	249	14	0	0	0	5	1
38	4	4.93230769596994	153	12	0	0	0	6	1
38	5	2.2725085883867	132	17	0	0	0	7	1
38	6	2.04426743183285	327	16	0	0	0	8	1
38	7	1.46156608080491	257	16	0	0	0	9	1
38	8	3.16131448070519	182	15	0	0	0	10	1
38	9	3.3779383234214	182	16	0	0	0	11	1
38	9	6.8963177439291	143	15	0	0	0	12	1
38	9	10.3333666226827	400	15	0	0	0	13	1
38	9	13.9972367575392	130	48	2	0	0	14	1
39	1	3.20858381898142	370	17	1	0	0	1	1
39	2	5.49900722270831	145	14	0	0	0	2	1
39	2	8.27072917181067	354	16	0	0	0	3	1
39	3	3.67614776547998	404	15	0	0	0	4	1
39	4	2.14873295184225	225	17	0	0	0	5	1
39	5	3.5644940470811	234	18	0	0	0	6	1
39	6	3.41574908839539	245	14	0	0	0	7	1
39	7	3.3300609732978	314	17	0	0	0	8	1
39	8	3.41606301465072	313	17	2	0	0	9	1
40	1	3.78702453244478	360	17	1	0	0	1	1
40	2	3.13940404262394	226	15	0	0	0	2	1
40	3	3.57155198603868	221	15	0	0	0	3	1
40	4	3.41721809026785	156	16	0	0	0	4	1
40	3	2.35111722443253	252	17	0	0	0	5	1
40	4	5.35318867163733	270	16	0	0	0	6	1
40	5	4.51919674919918	147	16	0	0	0	7	1
40	4	3.00865015690215	226	19	0	0	0	8	1
40	5	4.87118552229367	302	16	0	0	0	9	1
40	6	3.07992018922232	232	14	0	0	0	10	1
40	7	1.75707959127612	247	12	0	0	0	11	1
40	8	1.36573367402889	199	18	0	0	0	12	1
40	9	4.42927638837136	180	16	0	0	0	13	1
40	10	4.53880826150998	107	17	0	0	0	14	1
40	11	3.92497143219225	110	50	2	0	0	15	1
41	1	2.83052147715352	475	18	1	0	0	1	1
41	2	7.07040018029511	174	15	0	0	0	2	1
41	2	10.7362103690393	104	19	0	0	0	3	1
41	3	2.34534337557852	245	17	0	0	0	4	1
41	3	6.87897162279114	150	15	0	0	0	5	1
41	4	2.43223989382386	257	13	0	0	0	6	1
41	5	1.17471328494139	174	18	0	0	0	7	1
41	6	4.12785704247653	196	18	0	0	0	8	1
41	7	1.957383726025	145	12	0	0	0	9	1
41	7	4.68716331152245	184	18	0	0	0	10	1
41	8	2.41961890761741	277	14	0	0	0	11	1
41	8	6.54833577922545	93	51	2	0	0	12	1
42	1	1.92382202669978	217	13	1	0	0	1	1
42	2	0.274834780953825	189	17	0	0	0	2	1
42	2	3.37307840026915	116	13	0	0	0	3	1
42	3	3.71141995140351	170	17	0	0	0	4	1
42	4	2.69910784414969	213	18	0	0	0	5	1
42	5	0.98071429762058	191	16	0	0	0	6	1
42	6	0.309771110536531	199	17	0	0	0	7	1
42	7	2.44071813579649	165	20	0	0	0	8	1
42	8	4.91798475198448	337	17	0	0	0	9	1
42	9	0.779371436452493	309	18	0	0	0	10	1
42	9	6.17967900563963	128	60	2	0	0	11	1
43	1	2.06476536300033	415	17	1	0	0	1	1
43	2	3.02381517202593	258	12	0	0	0	2	1
43	2	5.28568645450287	163	17	0	0	0	3	1
43	3	4.56933265621774	181	18	0	0	0	4	1
43	4	2.61317973746918	243	21	0	0	0	5	1
43	3	2.1905436089728	349	17	0	0	0	6	1
43	4	3.57064420566894	499	18	0	0	0	7	1
43	4	8.76226608990692	167	19	0	0	0	8	1
43	4	1.36074502952397	281	13	0	0	0	9	1
43	4	4.40254321973771	61	18	0	0	0	10	1
43	5	1.07211112882942	236	16	0	0	0	11	1
43	6	1.55056032817811	206	20	0	0	0	12	1
43	7	3.20943944482133	177	15	0	0	0	13	1
43	8	0.417265200521797	151	15	0	0	0	14	1
43	8	3.60292420117185	189	62	2	0	0	15	1
44	1	2.05384108028375	342	15	1	0	0	1	1
44	2	3.43232766655274	310	18	0	0	0	2	1
44	3	4.01488210796379	357	16	0	0	0	3	1
44	4	2.1900734261144	137	19	0	0	0	4	1
44	3	1.99832489038818	226	15	0	0	0	5	1
44	2	3.40493215527385	260	24	0	0	0	6	1
44	3	4.97371285688132	73	15	0	0	0	7	1
44	4	2.70733254984953	273	19	0	0	0	8	1
44	5	1.93139271973632	206	16	0	0	0	9	1
44	6	2.93696711398661	157	17	0	0	0	10	1
44	6	8.52806024067104	131	17	0	0	0	11	1
44	7	2.983393820934	193	24	0	0	0	12	1
44	8	2.97979562333785	216	18	0	0	0	13	1
44	9	2.9171967136208	153	14	2	0	0	14	1
45	1	6.72787974704988	151	14	1	0	0	1	1
45	1	2.92818167293444	239	15	0	0	0	2	1
45	1	6.99268618202768	93	15	0	0	0	3	1
45	1	10.7840153379366	104	16	0	0	0	4	1
45	2	3.44186582323164	178	18	0	0	0	5	1
45	3	0.501680915709585	211	16	0	0	0	6	1
45	4	0.393577284412459	163	15	0	0	0	7	1
45	5	1.97364150360227	163	13	0	0	0	8	1
45	5	4.32802576920949	157	26	0	0	0	9	1
45	6	1.03589174640365	216	17	0	0	0	10	1
45	7	2.48550026793964	386	64	2	0	0	11	1
46	1	2.5283579591196	349	17	1	0	0	1	1
46	2	3.43620674754493	236	13	0	0	0	2	1
46	3	3.87414647173136	186	18	0	0	0	3	1
46	3	8.41171341319568	111	17	0	0	0	4	1
46	4	3.81463356199674	229	18	0	0	0	5	1
46	5	3.30939892726019	209	15	0	0	0	6	1
46	6	1.89845869829878	154	13	0	0	0	7	1
46	6	4.47581368940882	140	18	0	0	0	8	1
46	7	4.84731645300053	218	19	0	0	0	9	1
46	8	4.09882092033513	275	13	0	0	0	10	1
46	8	7.895889706444	392	70	2	0	0	11	1
47	1	2.5922038697172	347	14	1	0	0	1	1
47	2	5.62510264152661	324	16	0	0	0	2	1
47	3	4.71352674625814	196	15	0	0	0	3	1
47	4	1.12574336351827	344	15	0	0	0	4	1
47	5	3.58686143974774	74	20	0	0	0	5	1
47	6	2.72473224112764	264	16	0	0	0	6	1
47	6	8.97003707964905	91	16	0	0	0	7	1
47	7	2.39434978086501	222	17	0	0	0	8	1
47	8	3.56600268697366	219	14	2	0	0	9	1
48	1	2.38237141212448	432	16	1	0	0	1	1
48	2	3.78819998074323	212	17	0	0	0	2	1
48	3	0.736864124657586	60	15	0	0	0	3	1
48	3	4.1527630793862	276	14	0	0	0	4	1
48	4	1.79629890900105	138	12	0	0	0	5	1
48	4	4.80955616687424	153	19	0	0	0	6	1
48	5	3.66927234665491	210	19	0	0	0	7	1
48	6	2.94512393581681	494	17	0	0	0	8	1
48	8	3.24906256236136	314	62	2	0	0	9	1
49	1	2.43819285184145	295	12	1	0	0	1	1
49	1	4.34464733488858	455	17	0	0	0	2	1
49	2	3.73983801179565	252	14	0	0	0	3	1
49	2	5.67371033108793	268	17	0	0	0	4	1
49	3	3.61553920479491	223	19	0	0	0	5	1
49	4	2.51558661367744	453	13	0	0	0	6	1
49	3	3.93856770615093	231	20	0	0	0	7	1
49	4	2.86862595868297	247	20	0	0	0	8	1
49	4	9.27054531848989	227	17	0	0	0	9	1
49	5	2.74683980806731	200	16	0	0	0	10	1
49	6	0.443152383435518	259	20	0	0	0	11	1
49	7	2.16681523481384	203	23	0	0	0	12	1
49	8	5.85497580957599	182	18	0	0	0	13	1
49	8	12.0696839431766	131	48	2	0	0	14	1
50	1	2.18014362524264	378	16	1	0	0	1	1
50	2	2.17805698071606	171	12	0	0	0	2	1
50	2	5.2407193989493	187	15	0	0	0	3	1
50	3	3.36856403225102	364	17	0	0	0	4	1
50	4	1.8218978443183	227	16	0	0	0	5	1
50	5	1.18687896127813	184	17	0	0	0	6	1
50	6	3.28276317822747	147	17	0	0	0	7	1
50	7	4.68822659784928	235	15	0	0	0	8	1
50	7	7.39992725593038	202	20	0	0	0	9	1
50	8	3.2231250051409	292	16	0	0	0	10	1
50	9	3.80883255624212	324	57	2	0	0	11	1
51	1	2.05896366923116	340	16	1	0	0	1	1
51	2	2.20913042523898	115	16	0	0	0	2	1
51	3	2.76929815509357	211	15	0	0	0	3	1
51	3	6.19628001470119	122	14	0	0	0	4	1
51	4	1.82350413594395	344	29	0	0	0	5	1
51	6	2.67985246772878	261	21	0	0	0	6	1
51	8	0.890102866338566	144	14	0	0	0	7	1
51	8	4.89528901851736	175	24	0	0	0	8	1
51	9	4.61410998692736	119	19	0	0	0	9	1
51	10	4.54416872072034	242	20	0	0	0	10	1
51	11	5.05738605302759	153	41	2	0	0	11	1
52	1	3.51024457090534	555	17	1	0	0	1	1
52	2	4.52856728923507	191	15	0	0	0	2	1
52	2	8.48557937587611	106	13	0	0	0	3	1
52	3	3.06021818937734	170	14	0	0	0	4	1
52	4	1.88935210043564	574	20	0	0	0	5	1
52	3	2.49248471762985	241	12	0	0	0	6	1
52	3	4.3565703779459	117	15	0	0	0	7	1
52	4	1.59270436922088	309	16	0	0	0	8	1
52	5	2.60878486791626	290	18	0	0	0	9	1
52	6	2.8337190777529	231	15	0	0	0	10	1
52	6	6.94534388254397	151	70	2	0	0	11	1
53	1	2.02297954121605	277	12	1	0	0	1	1
53	2	1.04265396273695	115	12	0	0	0	2	1
53	2	4.66676916717552	140	19	0	0	0	3	1
53	3	4.09643649333157	319	15	0	0	0	4	1
53	4	2.47845138260163	267	17	0	0	0	5	1
53	5	3.23441439284943	237	13	0	0	0	6	1
53	5	6.15041600354016	214	15	0	0	0	7	1
53	5	2.69311589817517	337	21	0	0	0	8	1
53	5	10.7339647447225	154	17	0	0	0	9	1
53	6	2.84158911299892	180	18	0	0	0	10	1
53	8	0.866067126858979	204	16	2	0	0	11	1
54	1	3.07448210963048	370	16	1	0	0	1	1
54	2	4.79693026491441	226	15	0	0	0	2	1
54	3	4.47778177610599	248	17	0	0	0	3	1
54	4	2.36825034348294	326	16	0	0	0	4	1
54	5	3.429673274979	262	18	0	0	0	5	1
54	6	3.95610957825556	323	16	0	0	0	6	1
54	5	2.19417552975938	223	19	0	0	0	7	1
54	6	4.96614268119447	152	21	0	0	0	8	1
54	8	0.307145796716213	86	15	0	0	0	9	1
54	8	4.39240659633651	259	59	2	0	0	10	1
55	1	2.99204022390768	360	18	1	0	0	1	1
55	2	3.21911925729364	427	17	0	0	0	2	1
55	3	3.97369400132447	325	18	0	0	0	3	1
55	4	1.83999967668205	197	15	0	0	0	4	1
55	4	5.13770530791953	151	16	0	0	0	5	1
55	5	3.43213752284646	332	16	0	0	0	6	1
55	6	3.3030079442542	397	20	0	0	0	7	1
55	8	2.4144365482498	234	14	0	0	0	8	1
55	9	1.81076995236799	224	14	0	0	0	9	1
55	9	5.00006443425082	132	16	0	0	0	10	1
55	10	4.90181603096426	155	54	2	0	0	11	1
56	1	1.50752352247946	352	14	1	0	0	1	1
56	2	2.27738406509161	186	15	0	0	0	2	1
56	1	2.79819613858126	248	21	0	0	0	3	1
56	2	6.07306574424729	166	13	0	0	0	4	1
56	3	2.66986670391634	174	14	0	0	0	5	1
56	4	2.54099944699556	171	19	0	0	0	6	1
56	5	3.72236008406617	306	22	0	0	0	7	1
56	6	3.00177807267755	282	18	0	0	0	8	1
56	7	1.82694262755103	235	69	2	0	0	9	1
57	1	2.2558111322578	403	15	1	0	0	1	1
57	2	3.0221102766227	340	17	0	0	0	2	1
57	3	3.26015383354388	298	18	0	0	0	3	1
57	4	1.57303005689755	290	20	0	0	0	4	1
57	5	2.87022993364371	217	14	0	0	0	5	1
57	6	1.56149069289677	264	20	0	0	0	6	1
57	7	3.99388836510479	193	71	2	0	0	7	1
58	1	4.0284455078654	389	18	1	0	0	1	1
58	2	3.37436302355491	204	17	0	0	0	2	1
58	3	4.66568236751482	299	16	0	0	0	3	1
58	4	2.20561738684773	194	17	0	0	0	4	1
58	5	2.13464546366595	263	16	0	0	0	5	1
58	6	2.52652840875089	167	19	0	0	0	6	1
58	7	6.34757221722975	166	21	0	0	0	7	1
58	6	1.12026564334519	290	15	0	0	0	8	1
58	7	4.17913167178631	258	16	0	0	0	9	1
58	8	1.20788338501006	276	19	0	0	0	10	1
58	9	2.68488363642246	201	22	0	0	0	11	1
58	10	3.42731153802015	199	55	2	0	0	12	1
59	1	2.35041259136051	516	15	1	0	0	1	1
59	2	3.18450855603442	137	13	0	0	0	2	1
59	2	6.17187329148874	139	15	0	0	0	3	1
59	3	2.34737665043212	262	15	0	0	0	4	1
59	4	0.265719541115686	150	12	0	0	0	5	1
59	4	2.37804231024347	149	13	0	0	0	6	1
59	5	2.06836739950813	196	16	0	0	0	7	1
59	6	2.79768426832743	256	25	0	0	0	8	1
59	7	1.53819955256768	254	16	0	0	0	9	1
59	8	1.97329520760104	308	13	0	0	0	10	1
59	9	0.29832791746594	204	17	0	0	0	11	1
59	9	5.87144852499478	170	69	2	0	0	12	1
60	1	2.28820464736782	358	16	1	0	0	1	1
60	2	4.64014905900694	160	16	0	0	0	2	1
60	1	2.16593560599722	233	15	0	0	0	3	1
60	2	3.46571178315207	177	16	0	0	0	4	1
60	3	2.9672656734474	240	14	0	0	0	5	1
60	4	2.8744441664312	166	17	0	0	0	6	1
60	5	1.50844662473537	239	15	0	0	0	7	1
60	6	2.32323647569865	157	16	0	0	0	8	1
60	7	4.99837051983923	177	28	0	0	0	9	1
60	8	3.11537156393752	164	19	2	0	0	10	1
61	1	3.03191564185545	393	16	1	0	0	1	1
61	2	4.13828864321113	172	12	0	0	0	2	1
61	2	7.78724051010795	207	17	0	0	0	3	1
61	3	3.25388130336069	264	14	0	0	0	4	1
61	4	2.19432592322119	260	12	0	0	0	5	1
61	4	5.97941355057992	149	21	0	0	0	6	1
61	3	4.71464725094847	300	18	0	0	0	7	1
61	4	4.54156229249202	473	21	0	0	0	8	1
61	6	0.743199699791148	184	14	0	0	0	9	1
61	6	3.11290260171518	145	20	0	0	0	10	1
61	7	3.67699630442075	81	60	2	0	0	11	1
62	1	2.30156218796037	272	13	1	0	0	1	1
62	2	1.29163969494402	69	17	0	0	0	2	1
62	2	5.73761571873911	162	16	0	0	0	3	1
62	3	3.25010644155554	213	18	0	0	0	4	1
62	4	2.28526301309466	249	21	0	0	0	5	1
62	5	3.30988204991445	257	16	0	0	0	6	1
62	6	4.62781258230098	314	26	0	0	0	7	1
62	7	1.73555002827197	51	18	0	0	0	8	1
62	8	2.50843206630088	263	21	0	0	0	9	1
62	8	7.90906488755718	164	59	2	0	0	10	1
63	1	3.06872571539134	27	12	1	0	0	1	1
63	1	1.49492390430532	232	13	0	0	0	2	1
63	1	3.97388310497627	389	15	0	0	0	3	1
63	2	5.9689151912462	428	17	0	0	0	4	1
63	3	3.78657514625229	245	16	0	0	0	5	1
63	4	1.22150687477551	233	18	0	0	0	6	1
63	5	0.614912810502574	240	18	0	0	0	7	1
63	5	4.04060817812569	154	20	0	0	0	8	1
63	7	0.252679657191038	239	14	0	0	0	9	1
63	7	3.23516030539759	138	12	0	0	0	10	1
63	8	2.79691705643199	266	18	0	0	0	11	1
63	9	2.79281481145881	194	64	2	0	0	12	1
64	1	2.2357556053903	405	15	1	0	0	1	1
64	2	3.0520400274545	529	16	0	0	0	2	1
64	3	2.55762170697562	243	13	0	0	0	3	1
64	3	5.31321038049646	85	15	0	0	0	4	1
64	4	2.79092547181062	238	17	0	0	0	5	1
64	5	1.12455951818265	227	18	0	0	0	6	1
64	6	3.70791584206745	149	15	0	0	0	7	1
64	7	4.81974991271272	219	15	0	0	0	8	1
64	7	8.98292868584394	153	21	0	0	0	9	1
64	8	4.18355145677924	303	32	0	0	0	10	1
64	9	2.9469279050827	269	19	2	0	0	11	1
65	1	4.66655823844485	178	13	1	0	0	1	1
65	1	3.57434122660197	185	17	0	0	0	2	1
65	2	3.82540680561215	240	14	0	0	0	3	1
65	3	4.43832489615306	307	19	0	0	0	4	1
65	3	9.6203397680074	154	14	0	0	0	5	1
65	4	1.91513737593777	172	12	0	0	0	6	1
65	4	4.11937685869634	181	24	0	0	0	7	1
65	5	3.85510301077738	461	13	0	0	0	8	1
65	6	2.50490004802123	128	20	0	0	0	9	1
65	7	5.34205831005238	200	18	0	0	0	10	1
65	9	0.331010095076635	169	25	0	0	0	11	1
65	10	7.45844076271169	272	25	0	0	0	12	1
65	11	6.50084180897102	223	45	2	0	0	13	1
66	1	1.0239041922614	242	13	1	0	0	1	1
66	2	0.479790073819458	125	13	0	0	0	2	1
66	2	3.05765479640104	170	19	0	0	0	3	1
66	4	3.50954779190943	249	12	0	0	0	4	1
66	4	7.94624892389402	131	15	0	0	0	5	1
66	5	2.26818249677308	246	17	0	0	0	6	1
66	6	3.63350217742845	244	21	0	0	0	7	1
66	7	5.88583335536532	347	13	0	0	0	8	1
66	7	3.64285399648361	138	18	0	0	0	9	1
66	9	1.73570355423726	295	15	0	0	0	10	1
66	10	0.374356001149863	165	15	0	0	0	11	1
66	10	5.14575995877385	313	20	0	0	0	12	1
66	11	2.99276255094446	121	13	0	0	0	13	1
66	11	5.46883315523155	422	57	2	0	0	14	1
67	1	3.1508246101439	398	14	1	0	0	1	1
67	2	3.16297849500552	172	16	0	0	0	2	1
67	3	2.7002429603599	211	17	0	0	0	3	1
67	4	2.28022732771933	251	15	0	0	0	4	1
67	4	6.12408203142695	268	17	0	0	0	5	1
67	4	10.700949776452	111	17	0	0	0	6	1
67	5	3.11038881842978	127	16	0	0	0	7	1
67	6	5.02042175526731	143	19	0	0	0	8	1
67	7	4.33726236317307	403	65	2	0	0	9	1
68	1	1.50568880629726	481	18	1	0	0	1	1
68	2	7.93668768391944	163	12	0	0	0	2	1
68	3	2.57359159528278	150	17	0	0	0	3	1
68	4	1.7599246702157	232	17	0	0	0	4	1
68	5	1.98299885378219	183	17	0	0	0	5	1
68	6	3.21838110126555	294	19	0	0	0	6	1
68	7	3.94812366412953	269	14	0	0	0	7	1
68	7	10.6288584733848	168	18	0	0	0	8	1
68	8	1.38528170716017	270	53	2	0	0	9	1
69	1	2.30032189213671	189	15	1	0	0	1	1
69	2	0.328677365090698	289	17	0	0	0	2	1
69	2	4.37455103197135	203	15	0	0	0	3	1
69	3	1.71949473861605	177	13	0	0	0	4	1
69	3	5.14417011500336	191	19	0	0	0	5	1
69	4	3.43725160276517	262	16	0	0	0	6	1
69	5	0.92504510236904	178	15	0	0	0	7	1
69	5	5.66269047698006	154	14	0	0	0	8	1
69	6	2.14292864128947	221	17	0	0	0	9	1
69	7	3.33675656281412	222	16	0	0	0	10	1
69	7	8.44751232024282	119	70	2	0	0	11	1
70	1	3.99970762501471	356	12	1	0	0	1	1
70	1	5.63241544808261	122	15	0	0	0	2	1
70	2	4.4458742251154	154	15	0	0	0	3	1
70	3	3.67856041132472	152	15	0	0	0	4	1
70	4	1.28644842957146	205	17	0	0	0	5	1
70	5	3.37353174877353	271	21	0	0	0	6	1
70	6	3.66193557577208	290	18	0	0	0	7	1
70	5	3.25121544161811	159	12	0	0	0	8	1
70	5	6.2502361680381	182	19	0	0	0	9	1
70	6	4.63185092248023	106	18	0	0	0	10	1
70	7	3.44222835474648	219	18	0	0	0	11	1
70	8	2.10658140759915	207	15	0	0	0	12	1
70	9	3.72735543199815	228	18	0	0	0	13	1
70	10	0.570179340895265	260	12	2	0	0	14	1
71	1	2.1565278370399	468	15	1	0	0	1	1
71	2	1.01755999913439	247	19	0	0	0	2	1
71	3	3.58696515182965	196	17	0	0	0	3	1
71	4	1.07115359324962	289	13	0	0	0	4	1
71	4	5.36531751370057	172	28	0	0	0	5	1
71	3	5.61332053784281	224	21	0	0	0	6	1
71	5	1.94408903527074	260	16	0	0	0	7	1
71	6	2.22449125885032	200	18	0	0	0	8	1
71	8	0.803572548553348	213	20	0	0	0	9	1
71	8	5.22695262846537	142	15	0	0	0	10	1
71	9	3.24573765927926	144	16	0	0	0	11	1
71	10	4.71809670818038	204	18	0	0	0	12	1
71	11	5.47879934543744	193	46	2	0	0	13	1
72	1	3.915041082073	297	13	1	0	0	1	1
72	2	1.44476546789519	159	12	0	0	0	2	1
72	2	4.08900078595616	187	18	0	0	0	3	1
72	1	4.99872607900761	239	15	0	0	0	4	1
72	2	5.86568261776119	162	18	0	0	0	5	1
72	3	4.37097518891096	352	17	0	0	0	6	1
72	4	3.64183113328181	242	15	0	0	0	7	1
72	5	1.10963600245304	158	13	0	0	0	8	1
72	6	0.174103728262708	92	19	2	0	0	9	1
73	1	1.86197912925854	227	13	1	0	0	1	1
73	1	3.89782053697854	289	16	0	0	0	2	1
73	2	5.44156772177666	103	14	0	0	0	3	1
73	3	1.4161002994515	198	17	0	0	0	4	1
73	4	3.61605721479282	221	16	0	0	0	5	1
73	5	2.36930920975283	155	15	0	0	0	6	1
73	4	2.33439336367883	251	14	0	0	0	7	1
73	5	4.31237074988894	326	19	0	0	0	8	1
73	6	3.05632865638472	241	17	0	0	0	9	1
73	7	1.00668493262492	327	21	0	0	0	10	1
73	8	5.52969978936017	154	16	0	0	0	11	1
73	9	3.17552683525719	195	21	0	0	0	12	1
73	10	4.14257992012426	366	14	0	0	0	13	1
73	10	9.12551413639449	245	46	2	0	0	14	1
74	1	3.57788372179493	377	14	1	0	0	1	1
74	2	4.04513190523721	281	18	0	0	0	2	1
74	1	3.48151488276199	247	15	0	0	0	3	1
74	2	4.84887804300524	95	16	0	0	0	4	1
74	3	3.77631938783452	180	17	0	0	0	5	1
74	4	3.84996404824778	309	17	0	0	0	6	1
74	5	2.62419311655685	236	19	0	0	0	7	1
74	7	0.995268053375185	156	14	0	0	0	8	1
74	7	5.83813958941028	210	20	0	0	0	9	1
74	8	5.95480756065808	138	22	0	0	0	10	1
74	7	3.16753092478029	282	23	0	0	0	11	1
74	8	5.40178505913354	237	22	0	0	0	12	1
74	10	0.417709570378065	259	17	0	0	0	13	1
74	10	5.37821284192614	233	52	2	0	0	14	1
75	1	3.3190945177339	370	15	1	0	0	1	1
75	2	4.81821281090379	122	14	0	0	0	2	1
75	3	3.69308432540856	250	16	0	0	0	3	1
75	4	4.27514709578827	619	16	0	0	0	4	1
75	5	4.89953036303632	251	21	0	0	0	5	1
75	6	2.47317026834935	169	15	0	0	0	6	1
75	5	5.51972165890038	101	22	0	0	0	7	1
75	7	0.682697046315297	110	17	0	0	0	8	1
75	8	2.929107936332	201	19	0	0	0	9	1
75	9	5.50252740853466	338	64	2	0	0	10	1
76	1	2.32499523018487	359	16	1	0	0	1	1
76	3	0.00842987024225295	148	12	0	0	0	2	1
76	3	3.55241458653472	166	13	0	0	0	3	1
76	4	3.84323902078904	242	17	0	0	0	4	1
76	5	3.03660237952136	305	17	0	0	0	5	1
76	6	2.47162313293666	217	14	0	0	0	6	1
76	6	8.31176744052209	100	15	0	0	0	7	1
76	7	0.965978732099757	262	18	0	0	0	8	1
76	7	8.8357049911283	291	17	0	0	0	9	1
76	9	0.660876140929759	145	14	0	0	0	10	1
76	10	0.534401066135615	115	57	2	0	0	11	1
77	1	2.51690974947996	347	16	1	0	0	1	1
77	2	3.65878871968016	211	16	0	0	0	2	1
77	2	7.82833709171973	128	17	0	0	0	3	1
77	3	3.33150725765154	387	16	0	0	0	4	1
77	4	1.50928398221731	298	13	0	0	0	5	1
77	4	3.36187882325612	241	17	0	0	0	6	1
77	5	2.71264692000113	259	16	0	0	0	7	1
77	6	1.83137342147529	217	17	0	0	0	8	1
77	7	2.0930808566045	206	17	0	0	0	9	1
77	7	7.39685972803272	273	64	2	0	0	10	1
79	1	2.28291017352603	364	23	1	0	0	1	1
79	2	5.38194042653777	94	16	0	0	0	2	1
79	3	3.26901056850329	160	17	0	0	0	3	1
79	4	2.24132692418061	250	20	0	0	0	4	1
79	5	3.39133174577728	195	15	0	0	0	5	1
79	6	2.87938487390056	188	12	0	0	0	6	1
79	7	2.83417537808418	156	15	0	0	0	7	1
79	8	3.59509735414758	181	18	0	0	0	8	1
79	8	8.97411998175085	168	18	0	0	0	9	1
79	9	4.73473439156078	356	20	0	0	0	10	1
79	10	2.6456891677808	530	14	0	0	0	11	1
79	10	5.1292650247924	124	53	2	0	0	12	1
80	1	3.20879147248343	362	19	1	0	0	1	1
80	2	3.4739824726712	253	17	0	0	0	2	1
80	1	2.17173545015976	275	15	0	0	0	3	1
80	2	2.03619504976086	74	15	0	0	0	4	1
80	2	5.84967400995083	195	13	0	0	0	5	1
80	2	8.07877011806704	107	17	0	0	0	6	1
80	3	3.84148125723004	432	19	0	0	0	7	1
80	4	2.74213302647695	296	16	0	0	0	8	1
80	5	3.53834744193591	166	19	0	0	0	9	1
80	5	8.08647309942171	107	16	0	0	0	10	1
80	6	4.14985612570308	172	21	0	0	0	11	1
80	7	2.33338142884895	305	19	0	0	0	12	1
80	6	4.59084630664438	344	14	0	0	0	13	1
80	8	0.256991389440373	125	15	0	0	0	14	1
80	8	4.47314901766367	336	25	0	0	0	15	1
80	9	4.41107906284742	333	51	2	0	0	16	1
81	1	3.67627936322242	465	17	1	0	0	1	1
81	2	5.89755013235845	210	12	0	0	0	2	1
81	2	7.02788836718537	213	13	0	0	0	3	1
81	2	4.48832226265222	312	19	0	0	0	4	1
81	3	3.13279160042293	282	21	0	0	0	5	1
81	3	10.091163068777	236	19	0	0	0	6	1
81	3	6.53518720949069	254	26	0	0	0	7	1
81	4	3.03810212458484	233	14	0	0	0	8	1
81	5	2.35030831489712	275	15	0	0	0	9	1
81	6	3.98243106831796	207	22	0	0	0	10	1
81	7	3.58278953563422	280	15	0	0	0	11	1
81	8	0.207667193608359	75	15	0	0	0	12	1
81	8	4.15883786347695	256	17	0	0	0	13	1
81	8	8.68143620155752	106	55	2	0	0	14	1
82	1	3.43184104561806	412	16	1	0	0	1	1
82	2	5.05768456519581	202	17	0	0	0	2	1
82	2	9.92168331658468	222	16	0	0	0	3	1
82	3	5.52639478980564	188	18	0	0	0	4	1
82	3	12.0135744889267	212	15	0	0	0	5	1
82	4	3.44268882647157	224	18	0	0	0	6	1
82	6	0.478088849922642	184	19	0	0	0	7	1
82	7	1.98757282714359	161	16	0	0	0	8	1
82	7	7.64340930734761	183	15	0	0	0	9	1
82	8	4.98926000786014	245	17	0	0	0	10	1
82	9	1.53108047763817	162	18	0	0	0	11	1
82	10	0.188322687288746	312	15	0	0	0	12	1
82	10	2.22566047264263	66	16	0	0	0	13	1
82	10	6.1619084586855	171	40	2	0	0	14	1
83	1	2.57461102330126	404	19	1	0	0	1	1
83	2	3.2678921953775	263	12	0	0	0	2	1
83	2	5.94761904608458	153	16	0	0	0	3	1
83	3	2.25493709812872	375	19	0	0	0	4	1
83	4	1.56645900290459	209	15	0	0	0	5	1
83	3	4.34544914006256	243	17	0	0	0	6	1
83	4	3.38358856970444	305	23	0	0	0	7	1
83	5	5.51732392748818	309	18	0	0	0	8	1
83	5	0.242495903745294	189	18	0	0	0	9	1
83	6	0.335546570597216	253	18	0	0	0	10	1
83	7	2.93670420371927	211	17	0	0	0	11	1
83	5	7.95569792366587	181	25	0	0	0	12	1
83	8	1.86568086803891	312	19	0	0	0	13	1
83	8	8.55906383018009	156	22	0	0	0	14	1
83	9	4.72323358245194	264	16	0	0	0	15	1
83	9	8.40215230942704	240	15	0	0	0	16	1
83	9	12.1994892181829	198	44	2	0	0	17	1
84	1	2.06160225579515	411	16	1	0	0	1	1
84	2	3.71744149108417	229	15	0	0	0	2	1
84	3	3.42303575458936	206	17	0	0	0	3	1
84	4	2.2229696395807	236	12	0	0	0	4	1
84	4	5.54843034385704	115	17	0	0	0	5	1
84	5	4.97815247881226	277	20	0	0	0	6	1
84	6	0.0357103187125176	177	12	0	0	0	7	1
84	6	3.18178820679896	167	16	0	0	0	8	1
84	7	3.51334700826555	223	19	0	0	0	9	1
84	8	4.77692446438596	258	18	0	0	0	10	1
84	7	2.26532480772585	253	14	0	0	0	11	1
84	7	6.69345590029843	69	14	0	0	0	12	1
84	8	4.43808635929599	668	16	0	0	0	13	1
84	9	1.54488289845176	279	17	0	0	0	14	1
84	10	2.57022746396251	199	53	2	0	0	15	1
85	1	1.60325064044446	402	17	1	0	0	1	1
85	2	3.15920007880777	226	13	0	0	0	2	1
85	2	6.97482929914258	174	15	0	0	0	3	1
85	3	1.57734970794991	311	17	0	0	0	4	1
85	3	6.88630133867264	114	15	0	0	0	5	1
85	4	2.21203227736987	242	12	0	0	0	6	1
85	4	3.97901907283813	194	14	0	0	0	7	1
85	5	2.56821891176514	139	16	0	0	0	8	1
85	6	4.06701804650947	235	12	0	0	0	9	1
85	6	3.22625598404557	241	21	0	0	0	10	1
85	8	0.543453605379909	171	13	0	0	0	11	1
85	8	3.29428935865872	172	18	0	0	0	12	1
85	9	3.69615438138135	302	66	2	0	0	13	1
86	1	2.36661811592057	332	16	1	0	0	1	1
86	2	3.66700982581824	242	14	0	0	0	2	1
86	2	6.86504904110916	104	15	0	0	0	3	1
86	3	3.7959654123988	307	17	0	0	0	4	1
86	4	5.86786374100484	282	14	0	0	0	5	1
86	4	9.52636384917423	137	16	0	0	0	6	1
86	5	3.65874654822983	193	15	0	0	0	7	1
86	6	5.43959472421557	154	34	0	0	0	8	1
86	8	1.93039339105599	495	12	0	0	0	9	1
86	8	0.752401120495051	225	14	0	0	0	10	1
86	8	4.77609467785805	125	19	0	0	0	11	1
86	9	5.07540155854076	137	46	2	0	0	12	1
87	1	2.0907881797757	357	15	1	0	0	1	1
87	2	0.331908136606216	113	16	0	0	0	2	1
87	2	3.55008585611358	241	14	0	0	0	3	1
87	2	6.68775552441366	215	16	0	0	0	4	1
87	3	3.68541799648665	202	23	0	0	0	5	1
87	4	2.6684051589109	188	18	0	0	0	6	1
87	5	1.09888843796216	316	17	0	0	0	7	1
87	6	3.51333427429199	163	17	0	0	0	8	1
87	7	3.31563745858148	198	22	0	0	0	9	1
87	7	9.74625537823886	125	57	2	0	0	10	1
88	1	2.10059100668877	351	12	1	0	0	1	1
88	2	0.405199491418898	97	17	0	0	0	2	1
88	2	4.31714555481449	93	16	0	0	0	3	1
88	3	3.5671071044635	203	16	0	0	0	4	1
88	3	9.54829217866063	276	14	0	0	0	5	1
88	4	3.41514920350164	205	17	0	0	0	6	1
88	5	4.56488536996767	193	18	0	0	0	7	1
88	6	5.88655670755543	353	18	0	0	0	8	1
88	7	3.09251646557823	225	15	0	0	0	9	1
88	8	0.795648742001504	135	16	0	0	0	10	1
88	9	0.539731567259878	147	16	0	0	0	11	1
88	9	5.19113666494377	310	16	0	0	0	12	1
88	9	9.49251560820267	138	53	2	0	0	13	1
89	1	3.99913085345179	374	17	1	0	0	1	1
89	2	4.13762871990912	173	16	0	0	0	2	1
89	3	1.63192838360555	83	16	0	0	0	3	1
89	3	4.99556915415451	259	14	0	0	0	4	1
89	4	2.60146189015359	210	17	0	0	0	5	1
89	5	2.6636781275738	205	16	0	0	0	6	1
89	6	3.61905807233416	265	15	0	0	0	7	1
89	6	7.24704528972507	168	28	0	0	0	8	1
89	7	4.67233028495684	298	18	0	0	0	9	1
89	8	4.89511816576123	375	20	0	0	0	10	1
89	8	9.13724476913922	513	51	2	0	0	11	1
90	1	2.41962654655799	431	20	1	0	0	1	1
90	2	3.59038595738821	225	16	0	0	0	2	1
90	3	3.23612849600613	228	15	0	0	0	3	1
90	3	7.75234081503004	221	14	0	0	0	4	1
90	4	0.729496349813417	215	15	0	0	0	5	1
90	5	1.33122629928403	231	14	0	0	0	6	1
90	6	1.48815485090017	245	15	0	0	0	7	1
90	6	4.46922235237435	83	17	0	0	0	8	1
90	7	2.56462051696144	282	12	0	0	0	9	1
90	7	6.44385143974796	122	16	0	0	0	10	1
90	8	2.52657867479138	269	15	0	0	0	11	1
90	9	2.80490248301066	482	63	2	0	0	12	1
91	1	2.53415948641486	341	16	1	0	0	1	1
91	2	2.43513021199033	140	15	0	0	0	2	1
91	2	6.217026948696	106	15	0	0	0	3	1
91	2	12.8251842837781	238	13	0	0	0	4	1
91	3	1.23597929929383	215	19	0	0	0	5	1
91	4	5.4387506803032	134	15	0	0	0	6	1
91	5	2.97641529771499	212	21	0	0	0	7	1
91	6	3.33020569011569	221	17	0	0	0	8	1
91	7	4.30789831653237	165	17	0	0	0	9	1
91	7	10.6868268514518	136	18	0	0	0	10	1
91	8	4.76511443359777	217	19	0	0	0	11	1
91	9	3.7799703378696	211	17	2	0	0	12	1
92	1	2.64889013185166	384	17	1	0	0	1	1
92	2	3.29604899440892	211	17	0	0	0	2	1
92	3	2.86800597817637	170	19	0	0	0	3	1
92	4	1.04801796074025	224	16	0	0	0	4	1
92	4	6.22178612602875	198	19	0	0	0	5	1
92	5	3.4292832815554	232	16	0	0	0	6	1
92	6	0.0413739732466638	181	18	0	0	0	7	1
92	6	4.51407626317814	144	13	0	0	0	8	1
92	7	3.39895590138622	87	19	0	0	0	9	1
92	9	0.639033953892067	199	36	0	0	0	10	1
92	10	3.51831696461886	236	17	0	0	0	11	1
92	10	8.054708665004	166	46	2	0	0	12	1
93	1	2.91325150872581	344	14	1	0	0	1	1
93	2	3.94670143583789	168	12	0	0	0	2	1
93	2	6.8941113203764	209	16	0	0	0	3	1
93	3	3.45707105100155	196	19	0	0	0	4	1
93	4	1.50922958948649	230	20	0	0	0	5	1
93	5	3.79379122843966	272	28	0	0	0	6	1
93	5	11.8714368641376	259	19	0	0	0	7	1
93	6	2.02647972246632	476	19	0	0	0	8	1
93	7	3.01026826701127	262	17	0	0	0	9	1
93	7	8.32640141597949	144	24	0	0	0	10	1
93	8	5.59979968261905	276	16	0	0	0	11	1
93	8	9.74968585046008	380	12	0	0	0	12	1
93	8	11.0646641980857	124	35	2	0	0	13	1
94	1	2.87042155745439	353	13	1	0	0	1	1
94	2	3.04971186886542	226	15	0	0	0	2	1
94	3	2.86610590387136	243	15	0	0	0	3	1
94	4	2.04204821004532	178	15	0	0	0	4	1
94	5	2.08743251068518	264	14	0	0	0	5	1
94	4	1.47552197333425	214	16	0	0	0	6	1
94	5	3.01852714223787	244	14	0	0	0	7	1
94	5	5.23072876175866	110	21	0	0	0	8	1
94	6	4.36875490332022	286	16	0	0	0	9	1
94	7	2.99524065852165	408	15	0	0	0	10	1
94	8	1.82770975772291	101	28	0	0	0	11	1
94	9	1.70641334587708	161	14	0	0	0	12	1
94	9	4.9866097511258	323	69	2	0	0	13	1
95	1	1.41864397050813	395	17	1	0	0	1	1
95	2	2.71779735200107	144	14	0	0	0	2	1
95	3	0.709573904052377	207	13	0	0	0	3	1
95	4	0.287622784962878	182	15	0	0	0	4	1
95	5	1.34607648756355	147	17	0	0	0	5	1
95	4	0.500310956733301	227	13	0	0	0	6	1
95	4	4.93504054099321	59	18	0	0	0	7	1
95	5	4.94370080670342	167	16	0	0	0	8	1
95	6	1.70302902371623	170	15	0	0	0	9	1
95	7	1.14475249219686	212	15	0	0	0	10	1
95	7	6.7538678785786	171	108	2	0	0	11	1
96	1	3.22512929607183	353	13	1	0	0	1	1
96	2	3.69078559591435	109	14	0	0	0	2	1
96	3	4.07335489918478	139	15	0	0	0	3	1
96	4	1.65227640001103	121	12	0	0	0	4	1
96	4	3.93489243555814	122	15	0	0	0	5	1
96	6	0.667915641330183	172	15	0	0	0	6	1
96	7	0.871080133598298	130	17	0	0	0	7	1
96	7	5.01022975565866	223	20	0	0	0	8	1
96	8	5.06149145239033	164	17	0	0	0	9	1
96	7	5.81375902611762	196	19	0	0	0	10	1
96	8	4.93169195856899	192	20	0	0	0	11	1
96	10	0.40022488264367	275	16	0	0	0	12	1
96	10	4.81531204446219	234	22	0	0	0	13	1
96	12	3.59862219868228	474	46	2	0	0	14	1
97	1	1.19886803999543	499	13	1	0	0	1	1
97	2	0.616424941690639	66	12	0	0	0	2	1
97	2	3.47531593544409	195	15	0	0	0	3	1
97	3	2.32825096114539	218	14	0	0	0	4	1
97	3	7.77950640046038	123	15	0	0	0	5	1
97	4	2.41858548065647	354	22	0	0	0	6	1
97	4	7.80472324835137	159	13	0	0	0	7	1
97	5	2.49725233088247	197	17	0	0	0	8	1
97	6	2.58737984020263	117	15	0	0	0	9	1
97	7	1.90402948786505	264	15	0	0	0	10	1
97	8	3.40829653292894	125	15	0	0	0	11	1
97	9	4.70134247443639	186	58	2	0	0	12	1
98	1	2.53664872958325	388	14	1	0	0	1	1
98	2	3.85714960214682	201	13	0	0	0	2	1
98	2	5.14214017777704	125	17	0	0	0	3	1
98	3	2.98719825339504	167	15	0	0	0	4	1
98	4	2.52610969357193	207	16	0	0	0	5	1
98	4	7.19656313816085	111	14	0	0	0	6	1
98	5	3.372797396034	201	20	0	0	0	7	1
98	4	2.79436679463834	221	17	0	0	0	8	1
98	4	6.03778127464466	139	19	0	0	0	9	1
98	6	1.87402666453272	270	26	0	0	0	10	1
98	7	1.88154988922179	266	23	0	0	0	11	1
98	9	1.63116386975162	97	16	0	0	0	12	1
98	9	7.31214779755101	125	13	0	0	0	13	1
98	10	3.93285774905235	178	55	2	0	0	14	1
99	1	3.28984089405276	517	14	1	0	0	1	1
99	2	4.47468221606687	184	12	0	0	0	2	1
99	2	7.36147181806155	81	14	0	0	0	3	1
99	3	2.90817786357366	208	15	0	0	0	4	1
99	4	1.87479819171131	208	17	0	0	0	5	1
99	5	2.78578165918589	258	15	0	0	0	6	1
99	5	6.30254254583269	76	15	0	0	0	7	1
99	6	3.31666528410278	283	18	0	0	0	8	1
99	7	1.07315910095349	337	17	0	0	0	9	1
99	8	3.80044726585038	183	16	0	0	0	10	1
99	8	7.83019172726199	114	58	2	0	0	11	1
100	1	2.05462710978463	762	18	1	0	0	1	1
100	2	3.18361372454092	329	13	0	0	0	2	1
100	3	1.86376181221567	224	17	0	0	0	3	1
100	3	5.37267071148381	155	14	0	0	0	4	1
100	4	0.103810924338177	249	18	0	0	0	5	1
100	5	3.02381322206929	211	28	0	0	0	6	1
100	6	2.74730368889868	202	17	0	0	0	7	1
100	6	7.49169161962345	133	17	0	0	0	8	1
100	7	3.12476008641534	314	17	0	0	0	9	1
100	8	4.51995230512694	103	27	0	0	0	10	1
100	9	4.01112097152509	243	25	0	0	0	11	1
100	10	3.2139203955885	417	38	2	0	0	12	1
101	1	3.47229419020005	417	16	1	0	0	1	1
101	2	4.67090852372348	183	15	0	0	0	2	1
101	3	0.655767878517509	68	16	0	0	0	3	1
101	3	4.0977080934681	228	15	0	0	0	4	1
101	4	2.51639395323582	226	16	0	0	0	5	1
101	5	2.90719040925615	192	15	0	0	0	6	1
101	5	6.21447330247611	112	16	0	0	0	7	1
101	6	3.62291732849553	357	21	0	0	0	8	1
101	7	1.6824865124654	256	17	0	0	0	9	1
101	8	3.8529115957208	203	15	0	0	0	10	1
101	9	1.14695096830837	259	17	0	0	0	11	1
101	10	1.72815199592151	110	57	2	0	0	12	1
102	1	2.57404206995852	409	15	1	0	0	1	1
102	2	6.18486657785252	118	15	0	0	0	2	1
102	3	3.70641549862921	211	15	0	0	0	3	1
102	4	3.4248836170882	159	16	0	0	0	4	1
102	5	4.02803449449129	254	20	0	0	0	5	1
102	6	1.06074408139102	159	15	0	0	0	6	1
102	6	6.05337228090502	78	14	0	0	0	7	1
102	7	3.27123187738471	242	17	0	0	0	8	1
102	8	4.05486212973483	309	20	0	0	0	9	1
102	9	3.0107763283886	166	46	2	0	0	10	1
103	1	1.89113865559921	356	17	1	0	0	1	1
103	2	2.64012554124929	231	14	0	0	0	2	1
103	3	3.32959983916953	166	20	0	0	0	3	1
103	2	2.33610629104078	294	16	0	0	0	4	1
103	3	1.22828205884434	289	23	0	0	0	5	1
103	4	2.54315506783314	281	13	0	0	0	6	1
103	4	6.36374302627519	240	14	0	0	0	7	1
103	5	0.560128535144031	211	18	0	0	0	8	1
103	6	1.18727576732635	220	19	0	0	0	9	1
103	7	2.30071319662966	256	19	0	0	0	10	1
103	8	2.04242344293743	231	68	2	0	0	11	1
104	1	3.55944651551545	513	16	1	0	0	1	1
104	2	4.57315043639392	239	16	0	0	0	2	1
104	1	3.15115937613882	184	32	0	0	0	3	1
104	3	2.85794800543226	225	16	0	0	0	4	1
104	4	3.02198631525971	164	19	0	0	0	5	1
104	4	11.9724019179121	145	15	0	0	0	6	1
104	5	3.94632376055233	209	15	0	0	0	7	1
104	7	0.554322463925928	151	16	0	0	0	8	1
104	7	4.82750324835069	159	15	0	0	0	9	1
104	6	1.9411235016305	266	19	0	0	0	10	1
104	7	6.21342371497303	239	18	0	0	0	11	1
104	8	4.96453907922842	374	22	0	0	0	12	1
104	10	0.772947579156607	291	39	2	0	0	13	1
105	1	2.68421513494104	354	17	1	0	0	1	1
105	2	3.01490131160244	271	18	0	0	0	2	1
105	3	3.4080456586089	190	16	0	0	0	3	1
105	3	7.65808493085206	117	13	0	0	0	4	1
105	4	2.38411738909781	164	16	0	0	0	5	1
105	5	2.28430073847994	167	15	0	0	0	6	1
105	6	2.33223167643882	147	16	0	0	0	7	1
105	7	1.04389232816175	244	74	2	0	0	8	1
106	1	2.79763422557153	428	15	1	0	0	1	1
106	2	3.69642830058001	202	13	0	0	0	2	1
106	2	6.82287254557014	185	18	0	0	0	3	1
106	3	3.97850512107834	433	19	0	0	0	4	1
106	4	2.43890465772711	213	15	0	0	0	5	1
106	4	5.61673072096892	119	13	0	0	0	6	1
106	5	3.61338008544408	159	23	0	0	0	7	1
106	6	6.21898118685931	185	14	0	0	0	8	1
106	7	4.07520624180324	322	21	2	0	0	9	1
107	1	2.90895809489302	443	16	1	0	0	1	1
107	2	4.2603442245163	158	15	0	0	0	2	1
107	2	8.91760696214624	157	13	0	0	0	3	1
107	3	2.41913781035691	68	27	0	0	0	4	1
107	1	2.06366186542436	213	17	0	0	0	5	1
107	2	8.18786237807944	154	15	0	0	0	6	1
107	3	3.58484722324647	88	19	0	0	0	7	1
107	4	2.28212092490867	253	15	0	0	0	8	1
107	5	2.19766421965323	168	17	0	0	0	9	1
107	6	3.25724708219059	264	15	0	0	0	10	1
107	7	2.03559513716027	255	15	0	0	0	11	1
107	8	2.1590289445594	177	20	0	0	0	12	1
107	8	7.39685643301345	192	18	0	0	0	13	1
107	10	0.943170612677932	216	15	0	0	0	14	1
107	10	5.84969214373268	320	15	0	0	0	15	1
107	11	0.306150995660573	127	20	0	0	0	16	1
107	11	5.05024938751012	173	40	2	0	0	17	1
108	1	2.79628869518638	385	16	1	0	0	1	1
108	2	4.17899976042099	179	17	0	0	0	2	1
108	3	0.66896814154461	155	14	0	0	0	3	1
108	3	4.72431635647081	231	19	0	0	0	4	1
108	4	2.59744960442185	216	18	0	0	0	5	1
108	4	6.76303226128221	254	22	0	0	0	6	1
108	5	1.01546708703972	217	16	0	0	0	7	1
108	6	4.16867952072062	169	17	0	0	0	8	1
108	7	3.33793009002693	221	18	0	0	0	9	1
108	9	0.165354156168178	177	18	0	0	0	10	1
108	9	5.0411050664261	232	33	0	0	0	11	1
108	9	13.9165412522852	177	55	2	0	0	12	1
109	1	1.21036872453988	400	14	1	0	0	1	1
109	2	1.10256428690627	193	14	0	0	0	2	1
109	2	5.99212170741521	159	16	0	0	0	3	1
109	2	11.5177379732486	106	14	0	0	0	4	1
109	3	2.6680402723141	176	16	0	0	0	5	1
109	4	2.85035478952341	230	17	0	0	0	6	1
109	5	2.34272070531733	202	19	0	0	0	7	1
109	6	4.93221533531323	194	17	0	0	0	8	1
109	7	1.29880796046928	244	13	0	0	0	9	1
109	8	1.52228607074358	97	18	2	0	0	10	1
110	1	3.2423363388516	415	17	1	0	0	1	1
110	2	6.15281443856657	150	13	0	0	0	2	1
110	3	0.421736078104004	140	17	0	0	0	3	1
110	3	5.94063927722163	199	17	0	0	0	4	1
110	4	3.6494622619357	206	16	0	0	0	5	1
110	5	3.24190910113975	153	21	0	0	0	6	1
110	7	0.665410944959149	160	18	0	0	0	7	1
110	7	6.40726337162778	323	21	0	0	0	8	1
110	8	5.42464156937785	190	22	0	0	0	9	1
110	7	4.2066444826778	417	15	0	0	0	10	1
110	7	8.72484057373367	68	20	0	0	0	11	1
110	8	5.25566806760617	252	20	0	0	0	12	1
110	10	1.99125299439766	616	19	0	0	0	13	1
110	10	5.98322699056007	165	14	0	0	0	14	1
110	10	9.08808506885543	240	17	0	0	0	15	1
110	10	14.1795154514257	179	44	2	0	0	16	1
111	1	2.86675709672272	433	20	1	0	0	1	1
111	2	4.41643740632571	172	15	0	0	0	2	1
111	2	9.28730414342135	93	18	0	0	0	3	1
111	2	14.4792063897476	309	20	0	0	0	4	1
111	3	3.07034201337956	220	15	0	0	0	5	1
111	4	2.39341370156035	202	16	0	0	0	6	1
111	5	3.98995226644911	358	23	0	0	0	7	1
111	6	3.64903485402465	257	21	0	0	0	8	1
111	7	2.12579502630979	178	15	0	0	0	9	1
111	6	4.77810619119555	287	15	0	0	0	10	1
111	7	1.7145832888782	93	19	0	0	0	11	1
111	8	0.82614295813255	168	25	0	0	0	12	1
111	8	8.70145661826245	127	17	0	0	0	13	1
111	9	4.4299841914326	304	18	0	0	0	14	1
111	10	4.18269928079098	105	42	2	0	0	15	1
112	1	3.94824948976748	547	16	1	0	0	1	1
112	2	5.56655016820878	403	16	0	0	0	2	1
112	3	1.29333654022776	148	13	0	0	0	3	1
112	3	5.8287891051732	160	15	0	0	0	4	1
112	4	3.80105453985743	247	17	0	0	0	5	1
112	5	3.27812383370474	237	24	0	0	0	6	1
112	6	6.04744739900343	269	12	0	0	0	7	1
112	6	3.11160811362788	157	19	0	0	0	8	1
112	7	3.86527573689818	570	23	0	0	0	9	1
112	8	6.74440924962983	211	20	0	0	0	10	1
112	9	4.81779906852171	269	15	0	0	0	11	1
112	9	7.82597899599932	246	56	2	0	0	12	1
113	1	1.10661025927402	226	13	1	0	0	1	1
113	2	1.86001995508559	359	13	0	0	0	2	1
113	3	0.86830509849824	184	14	0	0	0	3	1
113	3	4.1243408198934	150	17	0	0	0	4	1
113	4	3.97749409195967	246	28	0	0	0	5	1
113	5	4.39543478842825	421	15	0	0	0	6	1
113	6	0.484854691196233	236	18	0	0	0	7	1
113	7	2.3520770620089	245	14	2	0	0	8	1
114	1	2.42867980292067	376	17	1	0	0	1	1
114	2	4.49640337866731	136	13	0	0	0	2	1
114	3	2.39299789862707	147	15	0	0	0	3	1
114	2	2.73406255012378	263	16	0	0	0	4	1
114	3	1.28982461453415	186	17	0	0	0	5	1
114	3	6.58131401310675	147	12	0	0	0	6	1
114	4	1.92403703508899	169	15	0	0	0	7	1
114	5	2.94052539719269	162	14	0	0	0	8	1
114	6	2.41501909913495	270	17	0	0	0	9	1
114	7	0.839554165257141	193	14	0	0	0	10	1
114	7	5.22689392860048	157	14	0	0	0	11	1
114	8	1.59082214697264	208	19	0	0	0	12	1
114	9	1.093223918695	246	22	0	0	0	13	1
114	10	3.22268515825272	193	18	0	0	0	14	1
114	11	4.65793244168162	191	16	2	0	0	15	1
