1	1	1.5649500854779	233	16	1	0	0	1	33
1	2	2.57294917828403	479	18	0	0	0	2	33
1	3	4.94163426570594	275	19	0	0	0	3	33
1	4	1.64947380451486	237	17	0	0	0	4	33
1	5	3.25192610360682	203	17	0	0	0	5	33
1	6	3.07886456581764	230	20	0	0	0	6	33
1	5	1.18915818282403	168	20	0	0	0	7	33
1	7	2.24222565023229	309	17	0	0	0	8	33
1	9	0.00188524601981044	263	14	0	0	0	9	33
1	9	4.41396059514955	330	18	0	0	0	10	33
1	10	4.60503272246569	272	25	0	0	0	11	33
1	11	7.27532938914374	206	24	2	0	0	12	33
2	2	0.99923849129118	364	19	1	0	0	1	33
2	3	4.83163556549698	327	16	0	0	0	2	33
2	4	4.34847407182679	215	25	0	0	0	3	33
2	6	1.48247964191251	157	12	0	0	0	4	33
2	5	2.33168818964623	159	18	0	0	0	5	33
2	7	3.1338887354359	300	17	0	0	0	6	33
2	8	4.74994264333509	277	18	0	0	0	7	33
2	9	4.79910658346489	476	17	0	0	0	8	33
2	10	4.08700298285112	152	19	2	0	0	9	33
3	1	1.30327730975114	252	14	1	0	0	1	33
3	2	1.45779742836021	272	16	0	0	0	2	33
3	3	2.97701778262854	168	15	0	0	0	3	33
3	4	2.48963430477306	221	14	0	0	0	4	33
3	5	0.069415814243257	146	13	0	0	0	5	33
3	6	1.66015059640631	241	16	0	0	0	6	33
3	8	0.648431936744601	173	14	0	0	0	7	33
3	7	0.942360925721005	243	18	0	0	0	8	33
3	8	5.29963796772063	191	16	0	0	0	9	33
3	9	4.89392693480477	180	21	0	0	0	10	33
3	10	4.27402965188958	390	42	2	0	0	11	33
4	1	2.1313015667256	236	12	1	0	0	1	33
4	2	1.44752780837007	215	16	0	0	0	2	33
4	3	0.810760236810893	174	17	0	0	0	3	33
4	4	2.50604657409713	334	19	0	0	0	4	33
4	5	0.524514060933143	216	21	0	0	0	5	33
4	6	2.1327797640115	289	17	0	0	0	6	33
4	7	5.97409471659921	166	17	0	0	0	7	33
4	8	6.8219761357177	215	58	0	0	0	8	33
4	8	13.2925597343128	170	17	2	0	0	9	33
5	1	3.0279619297944	349	13	1	0	0	1	33
5	1	7.69846718059853	160	12	0	0	0	2	33
5	2	3.31768902856857	225	18	0	0	0	3	33
5	3	3.22445819829591	461	16	0	0	0	4	33
5	4	9.62179908552207	162	14	0	0	0	5	33
5	5	3.41031419602223	401	15	0	0	0	6	33
5	7	0.621616349089891	239	12	2	0	0	7	33
6	1	2.96874898811802	163	14	1	0	0	1	33
6	2	4.45967041677795	285	16	0	0	0	2	33
6	3	4.78759025875479	290	18	0	0	0	3	33
6	5	0.991818794049323	596	17	0	0	0	4	33
6	6	0.207706267945468	177	12	0	0	0	5	33
6	6	4.1208593309857	225	18	0	0	0	6	33
6	7	3.17783827125095	337	16	0	0	0	7	33
6	9	0.13755061570555	511	14	2	0	0	8	33
7	1	1.69470690586604	155	17	1	0	0	1	33
7	2	3.12618062924594	338	16	0	0	0	2	33
7	3	3.1701633783523	405	15	0	0	0	3	33
7	4	3.24919380457141	187	14	0	0	0	4	33
7	5	3.07057559420355	246	19	0	0	0	5	33
7	6	3.82073145336471	112	32	0	0	0	6	33
7	3	4.44154568086378	226	24	0	0	0	7	33
7	6	1.4246291113086	222	18	0	0	0	8	33
7	7	3.75603684480302	340	14	0	0	0	9	33
7	7	8.296411649324	155	13	0	0	0	10	33
7	7	12.4986318929587	160	18	0	0	0	11	33
7	9	3.88459771429189	250	13	0	0	0	12	33
7	9	0.272901268675923	831	41	2	0	0	13	33
8	1	2.78841694188304	246	15	1	0	0	1	33
8	2	3.70741992094554	443	16	0	0	0	2	33
8	3	6.01247028447688	180	18	0	0	0	3	33
8	5	0.238702996633947	179	17	0	0	0	4	33
8	6	2.26833133003674	356	18	0	0	0	5	33
8	7	7.39029239490628	151	21	0	0	0	6	33
8	9	4.42439613025635	187	14	0	0	0	7	33
8	8	2.89840214047581	158	23	0	0	0	8	33
8	10	3.11812319164164	246	53	2	0	0	9	33
9	1	1.86878876504488	162	17	1	0	0	1	33
9	2	3.64860834367573	188	13	0	0	0	2	33
9	2	1.92521610483527	197	16	0	0	0	3	33
9	3	0.15181697695516	303	17	0	0	0	4	33
9	4	0.463350357487798	262	17	0	0	0	5	33
9	5	1.28239903412759	252	16	0	0	0	6	33
9	6	3.58224365743808	146	16	0	0	0	7	33
9	7	3.8254254416097	419	59	2	0	0	8	33
10	1	1.74897475983016	227	17	1	0	0	1	33
10	3	0.658640988171101	207	13	0	0	0	2	33
10	2	0.542172648245469	198	16	0	0	0	3	33
10	3	1.36877139983699	165	19	0	0	0	4	33
10	4	0.250228906515986	278	23	0	0	0	5	33
10	5	2.87467269366607	339	16	0	0	0	6	33
10	6	4.29023076919839	140	16	0	0	0	7	33
10	7	4.43368056206964	202	17	0	0	0	8	33
10	9	1.94989027176052	200	12	2	0	0	9	33
11	1	3.66227284679189	253	13	1	0	0	1	33
11	2	2.95814627758227	166	16	0	0	0	2	33
11	2	8.05304855993018	173	19	0	0	0	3	33
11	3	4.49334573000669	230	21	0	0	0	4	33
11	5	2.8819123278372	184	12	0	0	0	5	33
11	4	3.1086936511565	148	16	0	0	0	6	33
11	6	2.30310096219182	286	14	0	0	0	7	33
11	5	4.05555319646373	176	23	0	0	0	8	33
11	8	2.0913307426963	186	14	2	0	0	9	33
12	1	2.96598095772788	290	14	1	0	0	1	33
12	2	3.21660577575676	250	18	0	0	0	2	33
12	3	3.67546229157597	364	12	0	0	0	3	33
12	4	3.65676796459593	170	17	0	0	0	4	33
12	5	2.14396872301586	309	18	0	0	0	5	33
12	7	2.23550527938642	179	13	2	0	0	6	33
13	1	3.78772416431457	226	15	1	0	0	1	33
13	2	3.61799062578939	235	15	0	0	0	2	33
13	3	4.37872438179329	291	19	0	0	0	3	33
13	4	2.9960055151023	235	17	0	0	0	4	33
13	5	3.04401721386239	196	20	0	0	0	5	33
13	7	1.4876545635052	189	12	2	0	0	6	33
14	1	5.71077141561545	351	15	1	0	0	1	33
14	2	3.08452911372297	399	15	0	0	0	2	33
14	2	9.52639204659499	149	16	0	0	0	3	33
14	4	2.52933712094091	448	16	0	0	0	4	33
14	5	5.88953266409226	432	19	0	0	0	5	33
14	6	3.16878281813115	318	16	0	0	0	6	33
14	7	3.16140430583619	558	25	2	0	0	7	33
15	1	2.53933822317049	148	13	1	0	0	1	33
15	2	1.13375972770154	182	15	0	0	0	2	33
15	3	1.08176474831998	259	17	0	0	0	3	33
15	4	0.978612563572824	255	18	0	0	0	4	33
15	5	1.27065687254071	251	17	0	0	0	5	33
15	6	3.83188872807659	236	14	0	0	0	6	33
15	7	3.77358256769367	337	20	0	0	0	7	33
15	8	4.34848071308807	474	20	0	0	0	8	33
15	9	5.48618367011659	345	20	2	0	0	9	33
17	1	2.24676235811785	231	15	1	0	0	1	33
17	2	3.42566094477661	321	15	0	0	0	2	33
17	1	2.75523727317341	281	18	0	0	0	3	33
17	2	4.49404336232692	170	17	0	0	0	4	33
17	3	5.71318214992061	209	12	0	0	0	5	33
17	3	3.26741088880226	333	16	0	0	0	6	33
17	4	1.28621600545011	282	15	0	0	0	7	33
17	5	3.54267873498611	318	16	0	0	0	8	33
17	4	2.03948094788939	308	15	0	0	0	9	33
17	5	1.35986274899915	411	14	0	0	0	10	33
17	6	3.56670290231705	244	14	0	0	0	11	33
17	8	0.703324700007215	273	14	0	0	0	12	33
17	8	4.46370437578298	860	81	2	0	0	13	33
19	1	2.5515983547084	248	16	1	0	0	1	33
19	2	5.5994838308543	153	15	0	0	0	2	33
19	3	4.46256091701798	370	16	0	0	0	3	33
19	5	1.1046288672369	573	17	0	0	0	4	33
19	6	5.44312663376331	236	16	0	0	0	5	33
19	8	3.90494868275709	185	13	0	0	0	6	33
19	7	2.5610893885605	169	15	0	0	0	7	33
19	8	8.90858869673684	174	20	0	0	0	8	33
19	11	2.11977998027578	214	12	2	0	0	9	33
20	2	4.84663358214311	405	18	1	0	0	1	33
20	1	1.22548088082112	171	14	0	0	0	2	33
20	2	2.64540777052753	198	15	0	0	0	3	33
20	2	7.35878748213872	227	17	0	0	0	4	33
20	3	3.1433438253589	329	18	0	0	0	5	33
20	4	3.48065909463912	329	20	0	0	0	6	33
20	5	2.78292674338445	338	15	0	0	0	7	33
20	6	3.03421560721472	245	12	0	0	0	8	33
20	6	0.0497583337128162	176	15	0	0	0	9	33
20	7	0.773390788817778	168	13	0	0	0	10	33
20	7	4.62352379248478	147	17	0	0	0	11	33
20	8	3.81551890447736	675	43	0	0	0	12	33
20	2	4.48094817134552	133	39	0	0	0	13	33
20	7	1.93406743276864	346	17	0	0	0	14	33
20	8	1.89035461447202	154	17	0	0	0	15	33
20	9	2.77480903547257	403	42	2	0	0	16	33
21	1	2.56153473840095	162	16	1	0	0	1	33
21	2	4.34419857827015	282	25	0	0	0	2	33
21	3	1.27544168848544	253	15	0	0	0	3	33
21	3	7.15697925840504	170	16	0	0	0	4	33
21	5	2.98034110409208	261	17	0	0	0	5	33
21	6	4.36675119469874	236	17	0	0	0	6	33
21	7	3.15673510218039	301	22	0	0	0	7	33
21	9	4.65824525128119	160	13	2	0	0	8	33
22	1	4.01404721057042	306	15	1	0	0	1	33
22	3	1.71228565648198	174	13	0	0	0	2	33
22	3	4.69169930950738	165	16	0	0	0	3	33
22	4	4.38414863939397	332	18	0	0	0	4	33
22	5	5.85785982874222	463	22	0	0	0	5	33
22	7	0.938669607508928	712	68	2	0	0	6	33
23	1	2.19142988417298	156	18	1	0	0	1	33
23	3	0.183522571343929	181	13	0	0	0	2	33
23	2	1.21921746432781	200	12	0	0	0	3	33
23	1	2.38500432856381	128	19	0	0	0	4	33
23	3	4.95814253995195	171	15	0	0	0	5	33
23	4	3.77963187452406	162	17	0	0	0	6	33
23	5	4.49443810409866	269	19	0	0	0	7	33
23	6	6.7400061741937	178	13	0	0	0	8	33
23	6	3.03279310511425	155	19	0	0	0	9	33
23	7	4.8666718613822	446	55	2	0	0	10	33
24	1	1.45327855274081	177	13	1	0	0	1	33
24	2	1.4531418485567	320	18	0	0	0	2	33
24	3	4.27924624970183	293	16	0	0	0	3	33
24	4	2.78292768262327	366	14	0	0	0	4	33
24	5	2.6925618336536	567	15	0	0	0	5	33
24	6	1.50592943187803	340	16	0	0	0	6	33
24	7	3.82066365052015	298	15	0	0	0	7	33
24	8	3.41761219734326	178	17	0	0	0	8	33
24	10	2.85833824821748	356	60	2	0	0	9	33
25	1	1.80154395732097	260	17	1	0	0	1	33
25	2	3.56691125757061	376	15	0	0	0	2	33
25	1	1.80458838515915	204	18	0	0	0	3	33
25	2	5.36328463279642	231	19	0	0	0	4	33
25	4	3.35610109823756	337	20	0	0	0	5	33
25	5	1.7670335250441	288	20	0	0	0	6	33
25	7	1.68624237063341	312	21	0	0	0	7	33
25	8	4.39683521725237	473	19	2	0	0	8	33
26	1	2.589198238682	199	16	1	0	0	1	33
26	2	3.49989011045545	235	15	0	0	0	2	33
26	3	2.92500595911406	221	16	0	0	0	3	33
26	4	2.25642885779962	216	15	0	0	0	4	33
26	5	3.53886009776033	225	15	0	0	0	5	33
26	4	2.30149008356966	169	17	0	0	0	6	33
26	5	4.79547915910371	171	17	0	0	0	7	33
26	7	0.304191939765587	289	13	2	0	0	8	33
27	2	1.24046411341988	449	16	1	0	0	1	33
27	1	1.99131993437186	232	16	0	0	0	2	33
27	2	1.23522442881949	186	13	0	0	0	3	33
27	2	5.58363424241543	235	17	0	0	0	4	33
27	3	3.55601150845177	198	16	0	0	0	5	33
27	4	5.93059034016915	201	24	0	0	0	6	33
27	2	7.39678103057668	250	16	0	0	0	7	33
27	2	2.51284838095307	613	20	0	0	0	8	33
27	3	3.71167378406972	172	18	0	0	0	9	33
27	4	5.9133719005622	666	19	0	0	0	10	33
27	5	3.70482387091033	233	17	0	0	0	11	33
27	6	4.90943553694524	454	18	0	0	0	12	33
27	7	3.08182104188018	433	13	0	0	0	13	33
27	7	6.02409832878038	160	46	2	0	0	14	33
28	1	3.30683715711348	229	17	1	0	0	1	33
28	2	4.96216102992184	368	15	0	0	0	2	33
28	1	2.71634592534974	242	20	0	0	0	3	33
28	3	4.86403683619574	391	15	0	0	0	4	33
28	4	4.11142905731685	316	17	0	0	0	5	33
28	5	2.78391415555961	236	13	0	0	0	6	33
28	7	0.505638784728944	171	12	0	0	0	7	33
28	7	5.94671351648867	262	15	0	0	0	8	33
28	8	4.5387662621215	233	19	0	0	0	9	33
28	7	3.16579203959554	240	20	0	0	0	10	33
28	8	3.11963055725209	197	16	0	0	0	11	33
28	10	1.37134549627081	335	18	0	0	0	12	33
28	10	10.7080297032371	514	51	2	0	0	13	33
29	1	1.66606352292001	161	17	1	0	0	1	33
29	2	3.36949139507487	353	24	0	0	0	2	33
29	4	0.428928983164951	165	12	0	0	0	3	33
29	3	2.44742881227285	147	17	0	0	0	4	33
29	4	3.52640313166194	503	15	0	0	0	5	33
29	5	5.91779164317995	162	18	0	0	0	6	33
29	6	3.31518301134929	189	13	0	0	0	7	33
29	6	1.97901711962186	194	17	0	0	0	8	33
29	7	2.6582837710157	281	17	0	0	0	9	33
29	7	7.38205913850106	191	15	0	0	0	10	33
29	8	0.250495701562613	210	14	2	0	0	11	33
30	1	1.65594397950917	242	14	1	0	0	1	33
30	2	3.3674203522969	257	15	0	0	0	2	33
30	3	2.91242079203948	307	14	0	0	0	3	33
30	4	3.40533358836547	149	15	0	0	0	4	33
30	5	2.553558901418	461	15	0	0	0	5	33
30	7	1.85026808083057	315	75	2	0	0	6	33
31	1	1.83928487030789	152	15	1	0	0	1	33
31	3	2.85230004950427	222	15	0	0	0	2	33
31	2	0.86768929916434	456	22	0	0	0	3	33
31	3	7.45803621062078	167	14	0	0	0	4	33
31	4	3.40664749196731	306	13	0	0	0	5	33
31	5	0.995045757154003	153	14	0	0	0	6	33
31	6	1.66711939428933	303	16	0	0	0	7	33
31	7	2.88616924220696	306	21	0	0	0	8	33
31	8	3.36281642573886	348	17	0	0	0	9	33
31	9	3.11920624412596	183	57	2	0	0	10	33
32	1	1.15776801225729	224	13	1	0	0	1	33
32	2	2.62288033496588	176	17	0	0	0	2	33
32	3	1.86851131240837	194	17	0	0	0	3	33
32	4	3.92897655931301	370	17	0	0	0	4	33
32	5	5.40863091358915	182	15	0	0	0	5	33
32	7	0.866073295241222	251	15	0	0	0	6	33
32	8	2.66800880338997	400	19	0	0	0	7	33
32	8	11.7171325846575	446	14	0	0	0	8	33
32	8	14.3841006131843	595	58	2	0	0	9	33
33	1	2.14829413942061	326	19	1	0	0	1	33
33	3	3.97372617851943	196	17	0	0	0	2	33
33	2	1.66877702088095	184	12	0	0	0	3	33
33	1	3.66880319826305	143	19	0	0	0	4	33
33	3	3.39528881153092	149	17	0	0	0	5	33
33	4	7.21030206605792	278	18	0	0	0	6	33
33	6	2.92340041347779	203	16	0	0	0	7	33
33	6	8.61307253711857	291	22	0	0	0	8	33
33	7	7.0038486928679	348	54	2	0	0	9	33
34	1	2.98262119409628	221	15	1	0	0	1	33
34	2	4.42819943628274	239	16	0	0	0	2	33
34	3	4.7513739685528	204	15	0	0	0	3	33
34	4	3.88349095312878	496	15	0	0	0	4	33
34	5	4.73579309880733	181	16	0	0	0	5	33
34	7	1.53710846835747	309	13	2	0	0	6	33
35	1	2.14309165580198	283	14	1	0	0	1	33
35	2	4.73026003479026	316	18	0	0	0	2	33
35	3	4.38603084278293	184	17	0	0	0	3	33
35	4	5.71825423859991	209	13	0	0	0	4	33
35	4	2.34716171608306	278	23	0	0	0	5	33
35	6	2.54635765263811	178	14	2	0	0	6	33
37	1	1.65448531624861	62	12	1	0	0	1	33
37	2	0.724622690584511	349	16	0	0	0	2	33
37	3	1.90731922513805	360	15	0	0	0	3	33
37	4	1.67895454214886	374	19	0	0	0	4	33
37	5	2.46835526241921	368	17	0	0	0	5	33
37	6	3.63865978270769	269	17	0	0	0	6	33
37	7	3.13634607568383	438	57	2	0	0	7	33
38	1	2.62001638300717	369	20	1	0	0	1	33
38	3	1.29029018059373	265	20	0	0	0	2	33
38	4	1.30994250369258	361	12	0	0	0	3	33
38	4	4.97314822813496	174	13	0	0	0	4	33
38	5	3.06447111093439	164	17	0	0	0	5	33
38	6	2.27893720753491	303	16	0	0	0	6	33
38	8	2.0916367310565	193	13	2	0	0	7	33
39	1	3.36182546266355	340	14	1	0	0	1	33
39	2	3.54659532103688	484	15	0	0	0	2	33
39	1	2.63428104226477	178	19	0	0	0	3	33
39	2	8.92161894147284	166	14	0	0	0	4	33
39	3	3.60019806376658	394	14	0	0	0	5	33
39	4	2.51877031335607	434	19	0	0	0	6	33
39	5	4.31065180152655	413	16	0	0	0	7	33
39	7	1.35089893150143	449	14	0	0	0	8	33
39	6	2.88677617348731	157	24	0	0	0	9	33
39	8	3.006122141378	495	72	2	0	0	10	33
40	1	3.82235534256324	370	13	1	0	0	1	33
40	3	0.332309694727883	208	12	0	0	0	2	33
40	3	3.7069203236606	157	13	0	0	0	3	33
40	4	2.91700311400928	230	16	0	0	0	4	33
40	5	1.00274081644602	244	17	0	0	0	5	33
40	6	3.95936958678067	264	19	0	0	0	6	33
40	7	3.23032782250084	476	14	0	0	0	7	33
40	8	4.183450124925	183	14	0	0	0	8	33
40	9	4.7375200248789	320	16	0	0	0	9	33
40	10	5.82942723389715	440	69	2	0	0	10	33
41	1	2.44841227377765	171	13	1	0	0	1	33
41	2	2.21636490290985	253	17	0	0	0	2	33
41	2	7.07665060414001	358	21	0	0	0	3	33
41	1	1.9456590290647	220	26	0	0	0	4	33
41	3	2.71804742212407	351	18	0	0	0	5	33
41	4	4.24752150173299	462	14	0	0	0	6	33
41	6	1.45433588372543	222	13	0	0	0	7	33
41	6	5.80256598792039	142	17	0	0	0	8	33
41	7	6.9934560903348	808	15	0	0	0	9	33
41	8	3.93337369663641	126	48	2	0	0	10	33
42	1	2.46354863117449	149	17	1	0	0	1	33
42	3	0.537775124190375	179	13	0	0	0	2	33
42	2	1.33447988564149	182	14	0	0	0	3	33
42	3	3.22387422202155	176	14	0	0	0	4	33
42	4	1.0940155449789	369	17	0	0	0	5	33
42	5	1.03321888763458	342	15	0	0	0	6	33
42	6	2.9029576680623	247	16	0	0	0	7	33
42	7	4.13467307086103	151	13	0	0	0	8	33
42	8	5.34608350950293	310	15	0	0	0	9	33
42	8	8.62067690491676	154	19	0	0	0	10	33
42	9	6.70248199091293	484	50	2	0	0	11	33
43	1	1.26021496881731	45	19	1	0	0	1	33
43	2	5.44793542753905	174	15	0	0	0	2	33
43	2	1.02845097216778	247	13	0	0	0	3	33
43	1	1.77361750905402	165	28	0	0	0	4	33
43	4	3.28886188822798	338	17	0	0	0	5	33
43	5	3.17216116841882	172	21	0	0	0	6	33
43	4	2.96462901378982	186	13	0	0	0	7	33
43	4	5.07543025468476	129	16	0	0	0	8	33
43	5	3.19800452771597	474	14	0	0	0	9	33
43	6	4.36896880553104	151	18	0	0	0	10	33
43	8	1.19212800310925	177	14	2	0	0	11	33
45	1	6.94350090855733	442	19	1	0	0	1	33
45	2	3.24593005655333	279	19	0	0	0	2	33
45	4	1.49960966291837	366	12	0	0	0	3	33
45	5	1.61442480771802	137	14	0	0	0	4	33
45	5	5.57199945370667	832	19	0	0	0	5	33
45	6	5.29643896478228	405	17	0	0	0	6	33
45	7	5.73679578606971	355	48	2	0	0	7	33
46	1	1.10527409077622	270	16	1	0	0	1	33
46	2	3.28691992210224	207	14	0	0	0	2	33
46	3	3.97367497091182	153	17	0	0	0	3	33
46	4	2.00519491988234	237	17	0	0	0	4	33
46	5	1.67586180125363	504	18	0	0	0	5	33
46	6	2.73855939507484	375	18	0	0	0	6	33
46	7	3.55632214481011	303	15	0	0	0	7	33
46	8	4.08953946339898	281	52	2	0	0	8	33
48	2	0.223753434605896	472	12	1	0	0	1	33
48	2	5.85587467532605	144	15	0	0	0	2	33
48	3	4.83834464265965	246	15	0	0	0	3	33
48	4	3.78262547100894	369	16	0	0	0	4	33
48	5	4.6107424562797	282	17	0	0	0	5	33
48	6	2.91828481317498	386	20	0	0	0	6	33
48	5	4.13335047126748	173	29	0	0	0	7	33
48	8	2.65083965891972	359	16	2	0	0	8	33
49	1	4.99715301860124	304	15	1	0	0	1	33
49	2	3.6397865973413	218	19	0	0	0	2	33
49	1	1.65443529002368	249	16	0	0	0	3	33
49	2	2.05832181568258	392	15	0	0	0	4	33
49	3	0.742659110343084	271	18	0	0	0	5	33
49	4	2.17866865196265	416	15	0	0	0	6	33
49	4	6.41639277362265	232	18	0	0	0	7	33
49	5	3.02865849738009	275	18	0	0	0	8	33
49	6	2.77507299673744	339	16	0	0	0	9	33
49	7	3.68342040106654	568	17	0	0	0	10	33
49	8	4.64885167893954	819	41	2	0	0	11	33
50	1	3.4533204913605	219	14	1	0	0	1	33
50	2	4.06973231537268	430	16	0	0	0	2	33
50	1	3.04938110546209	194	16	0	0	0	3	33
50	2	4.93686793907546	204	19	0	0	0	4	33
50	3	3.23935904307291	269	14	0	0	0	5	33
50	4	2.08489545015618	280	17	0	0	0	6	33
50	6	0.644342887448147	321	14	0	0	0	7	33
50	7	0.0145987467840314	438	22	0	0	0	8	33
50	8	4.17787023982964	305	17	0	0	0	9	33
50	9	6.35545210982673	421	13	0	0	0	10	33
50	9	9.26931746141054	179	56	2	0	0	11	33
51	1	3.80001145182177	233	14	1	0	0	1	33
51	2	3.63449429091997	216	16	0	0	0	2	33
51	3	3.32901675114408	284	22	0	0	0	3	33
51	4	2.51158311846666	242	16	0	0	0	4	33
51	3	4.64863438159227	333	17	0	0	0	5	33
51	4	2.00654533831403	263	24	0	0	0	6	33
51	7	3.75728108058684	184	12	0	0	0	7	33
51	6	3.21113916789182	250	15	0	0	0	8	33
51	8	0.460765824420378	172	17	0	0	0	9	33
51	8	6.75883125793189	247	13	0	0	0	10	33
51	9	4.09953377023339	485	20	0	0	0	11	33
51	11	1.66528440010734	510	41	2	0	0	12	33
52	2	6.82937938626856	176	16	1	0	0	1	33
52	1	3.38749843998812	450	19	0	0	0	2	33
52	2	8.71739168814383	239	16	0	0	0	3	33
52	2	3.31194075942039	478	17	0	0	0	4	33
52	3	1.28971098875627	269	17	0	0	0	5	33
52	4	1.2043652520515	336	22	0	0	0	6	33
52	5	3.54981251759455	308	15	0	0	0	7	33
52	6	2.02109756553546	499	63	2	0	0	8	33
53	1	2.21902537555434	161	16	1	0	0	1	33
53	2	5.46827906207182	284	17	0	0	0	2	33
53	3	5.65408705384471	224	21	0	0	0	3	33
53	2	2.7823150542099	304	15	0	0	0	4	33
53	1	2.35590714681894	126	17	0	0	0	5	33
53	3	2.08850829512812	287	19	0	0	0	6	33
53	5	2.71389005472884	157	16	0	0	0	7	33
53	4	2.16253528464586	274	16	0	0	0	8	33
53	5	5.22006090520881	264	13	0	0	0	9	33
53	5	8.67470888467506	271	22	0	0	0	10	33
53	7	2.93341751163825	182	14	0	0	0	11	33
53	6	4.09840308153071	226	15	0	0	0	12	33
53	8	1.00659361016005	247	14	0	0	0	13	33
53	8	5.80668919486925	343	18	0	0	0	14	33
53	9	4.80206290143542	642	49	2	0	0	15	33
54	1	2.89702792023309	65	20	1	0	0	1	33
54	3	1.20507085393183	129	16	0	0	0	2	33
54	2	1.67582635907456	299	14	0	0	0	3	33
54	1	1.50962456758134	220	25	0	0	0	4	33
54	4	4.35031125275418	312	19	0	0	0	5	33
54	6	1.42930684541352	183	13	0	0	0	6	33
54	5	2.85387858888134	333	15	0	0	0	7	33
54	6	4.41842946549878	250	15	0	0	0	8	33
54	7	3.92318379529752	320	20	0	0	0	9	33
54	8	4.42140480689704	243	55	2	0	0	10	33
55	1	2.997588458471	241	15	1	0	0	1	33
55	2	5.96127318637446	434	14	0	0	0	2	33
55	3	4.46955847973004	182	16	0	0	0	3	33
55	4	4.3116987706162	321	14	0	0	0	4	33
55	6	1.4630492082797	297	13	0	0	0	5	33
55	7	2.64074929151684	222	16	0	0	0	6	33
55	8	4.78953491477296	255	18	0	0	0	7	33
55	9	4.89468679763377	317	62	2	0	0	8	33
57	1	1.1663555346895	449	19	1	0	0	1	33
57	2	4.6614609004464	266	15	0	0	0	2	33
57	2	0.699081639992073	217	15	0	0	0	3	33
57	2	5.59359390544705	349	17	0	0	0	4	33
57	3	5.53185627516359	577	16	0	0	0	5	33
57	4	3.54013064317405	347	16	0	0	0	6	33
57	6	0.0189998049754649	404	18	0	0	0	7	33
57	7	3.27526082913391	227	68	2	0	0	8	33
58	1	3.51377666252665	440	17	1	0	0	1	33
58	2	3.61418004636653	208	18	0	0	0	2	33
58	3	4.45944402413443	161	16	0	0	0	3	33
58	4	4.6246073115617	180	15	0	0	0	4	33
58	5	3.39901707530953	317	18	0	0	0	5	33
58	7	1.04829761432484	360	15	0	0	0	6	33
58	8	0.392271697986871	162	19	0	0	0	7	33
58	9	3.0148935825564	406	18	0	0	0	8	33
58	10	4.26750954193994	639	37	2	0	0	9	33
59	1	2.87555596185848	260	14	1	0	0	1	33
59	2	3.62790139741264	285	18	0	0	0	2	33
59	3	3.69729291205294	251	19	0	0	0	3	33
59	5	3.48155593452975	214	13	0	0	0	4	33
59	4	2.58548709261231	157	15	0	0	0	5	33
59	5	5.11275901272893	618	24	0	0	0	6	33
59	2	6.633650069125	261	17	0	0	0	7	33
59	4	0.893211732618511	153	15	0	0	0	8	33
59	5	1.38262239214964	216	24	0	0	0	9	33
59	8	3.50666216621175	175	14	2	0	0	10	33
60	1	2.80131976376288	244	13	1	0	0	1	33
60	2	4.02382818236947	242	17	0	0	0	2	33
60	4	0.971402680501342	159	16	0	0	0	3	33
60	4	5.81082519469783	352	13	0	0	0	4	33
60	5	2.71946788136847	177	14	0	0	0	5	33
60	6	3.99740524939261	252	16	0	0	0	6	33
60	7	5.70837595988996	326	17	0	0	0	7	33
60	8	4.10873136506416	321	17	0	0	0	8	33
60	9	8.39457795699127	443	16	0	0	0	9	33
60	9	12.8506395563018	170	55	2	0	0	10	33
61	1	3.80060255224817	232	14	1	0	0	1	33
61	2	4.56570406327955	267	16	0	0	0	2	33
61	1	3.07962246378884	197	19	0	0	0	3	33
61	2	5.87229594751261	283	14	0	0	0	4	33
61	3	1.0317271782551	155	12	0	0	0	5	33
61	3	5.63892098842189	255	15	0	0	0	6	33
61	4	6.96324984799139	313	19	0	0	0	7	33
61	6	1.60437540127896	424	17	2	0	0	8	33
63	1	2.72075315192342	158	16	1	0	0	1	33
63	2	3.29499085922725	311	20	0	0	0	2	33
63	3	3.76044741016813	222	15	0	0	0	3	33
63	4	2.38533751480281	343	19	0	0	0	4	33
63	3	1.95255346270278	199	15	0	0	0	5	33
63	4	1.56175578432158	292	18	0	0	0	6	33
63	5	3.7639223258011	257	16	0	0	0	7	33
63	7	1.69202555064112	233	19	0	0	0	8	33
63	8	3.49808021727949	314	60	2	0	0	9	33
64	1	2.75949014350772	160	18	1	0	0	1	33
64	2	6.12131555844098	155	15	0	0	0	2	33
64	2	3.25396338291466	185	17	0	0	0	3	33
64	1	2.61653393204324	258	14	0	0	0	4	33
64	2	4.82709433999844	140	18	0	0	0	5	33
64	3	5.07192495209165	280	15	0	0	0	6	33
64	4	5.82379059121013	256	15	0	0	0	7	33
64	6	1.33724998636171	292	22	0	0	0	8	33
64	7	1.02637342060916	240	14	0	0	0	9	33
64	7	5.11169277178124	172	25	0	0	0	10	33
64	8	5.46023815358058	324	24	0	0	0	11	33
64	9	6.98754388326779	288	20	2	0	0	12	33
65	1	3.93249452207237	439	15	1	0	0	1	33
65	2	2.427482010331	146	18	0	0	0	2	33
65	3	4.80698761274107	281	18	0	0	0	3	33
65	4	1.47657674388029	262	18	0	0	0	4	33
65	5	2.86358792334795	270	18	0	0	0	5	33
65	6	3.9405301141087	295	15	0	0	0	6	33
65	7	5.91158470395021	161	16	0	0	0	7	33
65	9	1.54210522095673	286	13	0	0	0	8	33
65	10	1.42495639296249	186	14	2	0	0	9	33
66	1	2.22328927810304	277	15	1	0	0	1	33
66	3	0.164906780235469	401	18	0	0	0	2	33
66	4	4.91635653725825	397	18	0	0	0	3	33
66	6	1.0023999013938	169	12	0	0	0	4	33
66	5	1.28140201931819	278	18	0	0	0	5	33
66	6	4.96430932357907	301	17	0	0	0	6	33
66	7	3.22150425729342	462	18	0	0	0	7	33
66	9	2.93605865514837	380	16	0	0	0	8	33
66	10	2.64066968695261	273	12	2	0	0	9	33
67	1	2.01414545066655	215	14	1	0	0	1	33
67	2	2.66649248893373	264	18	0	0	0	2	33
67	3	1.66510270652361	279	20	0	0	0	3	33
67	1	2.08580390969291	269	28	0	0	0	4	33
67	4	4.10193152795546	422	18	0	0	0	5	33
67	4	11.1430051429197	66	20	0	0	0	6	33
67	6	4.85389182530344	27	21	2	0	0	7	33
68	1	2.9616223431658	172	12	1	0	0	1	33
68	2	1.44628267455846	257	19	0	0	0	2	33
68	3	2.5079019733239	305	17	0	0	0	3	33
68	2	3.12718917918392	130	19	0	0	0	4	33
68	3	4.89100390928797	171	15	0	0	0	5	33
68	5	0.0488612873014063	186	14	0	0	0	6	33
68	4	0.0833233892917633	265	15	0	0	0	7	33
68	5	2.06070577376522	337	14	0	0	0	8	33
68	6	2.1047879953403	388	21	0	0	0	9	33
68	7	5.69280788674951	528	15	0	0	0	10	33
68	7	9.44518934492953	218	18	0	0	0	11	33
68	8	2.22027177130803	213	45	2	0	0	12	33
69	1	3.44125304929912	290	19	1	0	0	1	33
69	2	8.2647822778672	180	12	0	0	0	2	33
69	2	5.92791881435551	160	15	0	0	0	3	33
69	1	3.04614549642429	297	17	0	0	0	4	33
69	2	5.15172160184011	227	19	0	0	0	5	33
69	3	5.12207713536918	310	18	0	0	0	6	33
69	4	6.61856299871579	358	18	0	0	0	7	33
69	5	5.72267742897384	504	20	0	0	0	8	33
69	7	0.615252300631255	358	13	2	0	0	9	33
70	1	3.28481682483107	249	14	1	0	0	1	33
70	1	6.76011852943338	143	16	0	0	0	2	33
70	3	1.9575219177641	291	25	0	0	0	3	33
70	1	3.46470282645896	217	19	0	0	0	4	33
70	3	0.0135861528106034	202	15	0	0	0	5	33
70	4	1.27721005305648	236	17	0	0	0	6	33
70	5	3.99012017156929	379	18	0	0	0	7	33
70	6	2.58081285608932	256	20	0	0	0	8	33
70	7	3.82271951646544	261	17	0	0	0	9	33
70	9	0.477116617839783	339	14	2	0	0	10	33
71	1	2.28592742956243	278	18	1	0	0	1	33
71	2	3.99851155211218	430	16	0	0	0	2	33
71	3	1.6289929728955	258	17	0	0	0	3	33
71	3	7.72543397336267	202	17	0	0	0	4	33
71	5	0.535185102373362	270	17	0	0	0	5	33
71	6	2.40183490444906	373	16	0	0	0	6	33
71	7	3.08253365498967	237	17	0	0	0	7	33
71	6	1.03631179174408	349	19	0	0	0	8	33
71	7	3.93050881056115	170	17	0	0	0	9	33
71	8	3.63825929258019	250	22	0	0	0	10	33
71	10	0.453764752717689	658	17	0	0	0	11	33
71	10	4.27614888246171	196	15	0	0	0	12	33
71	11	4.33957087877207	163	53	2	0	0	13	33
72	1	3.57140886108391	260	18	1	0	0	1	33
72	2	3.40555250062607	267	15	0	0	0	2	33
72	3	3.83016813546419	233	14	0	0	0	3	33
72	2	4.90253479615785	285	15	0	0	0	4	33
72	3	2.28531965962611	231	17	0	0	0	5	33
72	4	2.11916993907653	293	17	0	0	0	6	33
72	5	1.2768759294413	306	16	0	0	0	7	33
72	6	4.24298835592344	325	19	2	0	0	8	33
73	1	2.87237513554282	251	15	1	0	0	1	33
73	2	2.1114568784833	275	18	0	0	0	2	33
73	3	2.58257121080533	293	15	0	0	0	3	33
73	4	2.16317836451344	196	16	0	0	0	4	33
73	5	3.06663330644369	196	22	0	0	0	5	33
73	6	4.5902213351801	155	17	0	0	0	6	33
73	8	3.85288364486769	285	23	0	0	0	7	33
73	9	5.41844136710279	243	19	0	0	0	8	33
73	10	9.88757852697745	205	12	0	0	0	9	33
73	10	5.37936590495519	281	47	2	0	0	10	33
74	1	2.89448654884472	246	13	1	0	0	1	33
74	2	0.239151204470545	171	17	0	0	0	2	33
74	3	0.677761260885745	240	14	0	0	0	3	33
74	3	3.11501570069231	153	17	0	0	0	4	33
74	4	3.90925442799926	492	17	0	0	0	5	33
74	5	2.17359538609162	315	15	0	0	0	6	33
74	7	0.444810783257708	292	15	0	0	0	7	33
74	7	4.31155331782065	250	20	0	0	0	8	33
74	8	2.03433270030655	248	12	0	0	0	9	33
74	8	5.00032172957435	132	20	0	0	0	10	33
74	10	0.857321146409959	632	42	2	0	0	11	33
75	1	2.40850142552517	238	15	1	0	0	1	33
75	2	3.30834475858137	273	17	0	0	0	2	33
75	3	3.41453870083205	448	18	0	0	0	3	33
75	4	3.68568112165667	281	17	0	0	0	4	33
75	5	3.42784616956487	641	28	0	0	0	5	33
75	7	1.71395439421758	243	14	0	0	0	6	33
75	8	3.59886783221737	318	17	0	0	0	7	33
75	9	6.59841896384023	247	19	2	0	0	8	33
76	1	2.02725712326355	253	14	1	0	0	1	33
76	2	4.09742931206711	237	18	0	0	0	2	33
76	4	1.78558694967069	201	13	0	0	0	3	33
76	3	2.65622609993443	144	17	0	0	0	4	33
76	5	0.750114902155474	170	21	0	0	0	5	33
76	6	5.52083152998239	346	20	0	0	0	6	33
76	7	0.286103453719988	277	20	0	0	0	7	33
76	8	3.02978322538547	256	16	0	0	0	8	33
76	7	7.28157598013058	229	47	0	0	0	9	33
76	2	5.58327916660346	409	15	0	0	0	10	33
76	3	3.33180771861225	331	12	0	0	0	11	33
76	4	3.72872096276842	342	22	0	0	0	12	33
76	2	0.643320647999644	339	14	0	0	0	13	33
76	2	5.88370574498549	160	20	0	0	0	14	33
76	5	0.169698219047859	174	17	0	0	0	15	33
76	5	6.09182518045418	153	16	0	0	0	16	33
76	6	6.53052234346978	265	22	0	0	0	17	33
76	7	1.07974834996276	808	18	0	0	0	18	33
76	8	0.073058009147644	365	16	0	0	0	19	33
76	9	1.00717186182737	706	55	2	0	0	20	33
77	1	3.04049366968684	425	15	1	0	0	1	33
77	3	0.0563209932297468	328	16	0	0	0	2	33
77	4	1.33388487948105	306	19	0	0	0	3	33
77	5	1.12342825438827	292	18	0	0	0	4	33
77	6	2.66496397391893	469	18	0	0	0	5	33
77	7	4.49985444243066	182	51	2	0	0	6	33
78	2	1.72828439157456	324	13	1	0	0	1	33
78	2	6.50397323584184	343	16	0	0	0	2	33
78	3	5.9596881843172	362	19	0	0	0	3	33
78	4	5.17374334554188	340	13	0	0	0	4	33
78	6	0.860286540584639	267	17	0	0	0	5	33
78	6	5.04174641845748	280	14	0	0	0	6	33
78	8	1.61468109721318	180	17	0	0	0	7	33
78	8	6.05988980527036	357	16	0	0	0	8	33
78	9	4.71368112508208	296	18	0	0	0	9	33
78	10	6.16420568875037	463	44	2	0	0	10	33
79	1	1.27074349019676	253	13	1	0	0	1	33
79	2	1.40376752847806	255	18	0	0	0	2	33
79	3	2.85680576995946	253	16	0	0	0	3	33
79	4	2.05743132182397	257	14	0	0	0	4	33
79	5	4.01554768788628	227	16	0	0	0	5	33
79	7	0.641083602793515	269	17	0	0	0	6	33
79	8	4.57546796067618	278	20	0	0	0	7	33
79	9	5.01951404754072	304	17	0	0	0	8	33
79	10	4.55839747563004	324	41	2	0	0	9	33
80	1	1.57216701516882	258	18	1	0	0	1	33
80	2	3.52838761219755	305	16	0	0	0	2	33
80	3	1.58540584915318	318	20	0	0	0	3	33
80	4	1.55940548167564	456	17	0	0	0	4	33
80	5	0.984377579996362	162	21	0	0	0	5	33
80	6	4.21855867817067	262	19	0	0	0	6	33
80	8	2.91247034515254	164	15	2	0	0	7	33
81	1	2.40457227244042	159	15	1	0	0	1	33
81	2	4.19818900409155	509	22	0	0	0	2	33
81	1	1.67284547747113	184	22	0	0	0	3	33
81	3	3.10513502266258	439	16	0	0	0	4	33
81	3	7.5722531338688	149	17	0	0	0	5	33
81	5	1.18969626608305	189	15	0	0	0	6	33
81	4	1.41371614672244	161	19	0	0	0	7	33
81	3	3.17013299185783	405	26	0	0	0	8	33
81	4	3.32257328554988	441	17	0	0	0	9	33
81	5	4.51220479491167	166	15	0	0	0	10	33
81	6	5.60553858801723	442	17	0	0	0	11	33
81	6	0.16742244688794	267	21	0	0	0	12	33
81	8	0.120466469554231	176	14	2	0	0	13	33
82	1	2.63713838509284	245	15	1	0	0	1	33
82	2	3.20322077767923	201	19	0	0	0	2	33
82	3	1.91210846789181	242	14	0	0	0	3	33
82	3	6.07067695446312	140	19	0	0	0	4	33
82	4	3.08827412524261	302	16	0	0	0	5	33
82	6	0.465819893172011	312	15	0	0	0	6	33
82	7	1.15827524615452	236	15	0	0	0	7	33
82	7	5.67965574190021	158	17	0	0	0	8	33
82	8	3.91226260690019	264	18	0	0	0	9	33
82	9	5.14254014426842	317	13	0	0	0	10	33
82	9	2.07909075450152	519	38	2	0	0	11	33
84	1	2.53184829954989	241	18	1	0	0	1	33
84	3	0.588754587108269	140	14	0	0	0	2	33
84	1	4.96694145118818	192	15	0	0	0	3	33
84	3	0.0333919571712613	185	15	0	0	0	4	33
84	3	5.42396867251955	348	15	0	0	0	5	33
84	3	0.538734256755561	229	22	0	0	0	6	33
84	5	2.28314984333701	437	24	0	0	0	7	33
84	7	1.18629939039238	195	15	0	0	0	8	33
84	6	2.45323139149696	180	16	0	0	0	9	33
84	7	4.86653471295722	304	14	0	0	0	10	33
84	8	2.04534091381356	315	16	0	0	0	11	33
84	8	7.08817908214405	361	18	0	0	0	12	33
84	10	1.42182902083732	393	55	2	0	0	13	33
85	1	2.74813921400346	258	19	1	0	0	1	33
85	2	4.00593727058731	999	16	0	0	0	2	33
85	3	2.11721164337359	281	19	0	0	0	3	33
85	4	3.17376492451876	573	12	0	0	0	4	33
85	6	0.744286746252328	241	14	0	0	0	5	33
85	6	4.972626673989	274	14	0	0	0	6	33
85	7	4.33472172729671	284	19	0	0	0	7	33
85	8	4.41654851427302	432	57	2	0	0	8	33
86	1	3.10418413765728	264	15	1	0	0	1	33
86	2	5.22032400988974	356	17	0	0	0	2	33
86	3	3.60890611913055	401	18	0	0	0	3	33
86	4	6.05134122027084	492	21	0	0	0	4	33
86	6	2.79800884542055	183	13	0	0	0	5	33
86	6	0.0782907472457737	186	18	0	0	0	6	33
86	6	7.43881896045059	183	27	0	0	0	7	33
86	8	6.99024195084348	194	19	2	0	0	8	33
87	1	1.42844684422016	220	15	1	0	0	1	33
87	2	3.73563587944955	265	13	0	0	0	2	33
87	1	2.51467561745085	341	17	0	0	0	3	33
87	2	4.42094086413272	256	17	0	0	0	4	33
87	3	2.42667758394964	599	19	0	0	0	5	33
87	4	1.90003623091616	497	15	0	0	0	6	33
87	5	0.10140062822029	176	15	0	0	0	7	33
87	5	4.42240258213133	303	16	0	0	0	8	33
87	6	4.30802884348668	172	17	0	0	0	9	33
87	7	5.52745531965047	313	66	2	0	0	10	33
88	1	3.5660782828927	414	13	1	0	0	1	33
88	3	1.14436371414922	267	20	0	0	0	2	33
88	4	0.180356725119054	301	12	0	0	0	3	33
88	5	1.88567032804713	272	18	0	0	0	4	33
88	6	4.11099236039445	208	18	0	0	0	5	33
88	5	1.01317336200736	172	22	0	0	0	6	33
88	7	2.93664686195552	321	22	0	0	0	7	33
88	9	1.94004059070721	204	14	2	0	0	8	33
91	1	2.1453017173335	228	19	1	0	0	1	33
91	2	10.0186321954243	181	16	0	0	0	2	33
91	2	5.53010310931131	188	19	0	0	0	3	33
91	1	1.02787942998111	150	15	0	0	0	4	33
91	2	3.36605660710484	200	18	0	0	0	5	33
91	2	9.79975617490709	200	17	0	0	0	6	33
91	4	0.984810187248513	387	18	0	0	0	7	33
91	5	3.91704698256217	284	16	0	0	0	8	33
91	6	3.4558443268761	393	17	0	0	0	9	33
91	7	6.2623372990638	323	17	0	0	0	10	33
91	8	1.93079202948138	151	12	0	0	0	11	33
91	8	4.40965911676176	161	19	0	0	0	12	33
91	10	3.58971548010595	202	12	2	0	0	13	33
92	1	2.52606412093155	248	15	1	0	0	1	33
92	2	1.18804912525229	195	17	0	0	0	2	33
92	3	2.5871985598933	163	19	0	0	0	3	33
92	4	1.36620786855929	323	20	0	0	0	4	33
92	5	3.4546599406749	253	22	0	0	0	5	33
92	6	4.00831907428801	299	12	0	0	0	6	33
92	7	3.60692361160181	152	25	0	0	0	7	33
92	9	6.9633935445454	185	12	0	0	0	8	33
92	9	2.16937974141911	157	20	0	0	0	9	33
92	10	5.82890202384442	645	43	2	0	0	10	33
93	1	2.24878982594237	190	14	1	0	0	1	33
93	2	1.64193741278723	320	15	0	0	0	2	33
93	1	1.34509679302573	182	17	0	0	0	3	33
93	2	4.09234378300607	439	16	0	0	0	4	33
93	3	1.57060390990227	313	21	0	0	0	5	33
93	4	3.33414103765972	365	19	0	0	0	6	33
93	5	5.82175696501508	255	21	0	0	0	7	33
93	6	4.8822197325062	381	18	0	0	0	8	33
93	7	4.66656875936314	278	18	2	0	0	9	33
94	1	1.60858277673833	248	14	1	0	0	1	33
94	2	3.00204824074171	193	16	0	0	0	2	33
94	3	2.72527211392298	473	14	0	0	0	3	33
94	4	2.59652431774884	180	14	0	0	0	4	33
94	5	3.50124870543368	268	17	0	0	0	5	33
94	6	2.66882424615324	283	18	0	0	0	6	33
94	8	1.73871681559831	347	23	0	0	0	7	33
94	9	4.31649995804764	402	51	2	0	0	8	33
96	1	2.33012090693228	281	17	1	0	0	1	33
96	3	2.27814418566413	205	13	0	0	0	2	33
96	2	1.58870530663989	199	20	0	0	0	3	33
96	3	7.85091212484986	221	15	0	0	0	4	33
96	5	2.98381948028691	621	18	0	0	0	5	33
96	7	2.14164439612068	219	12	0	0	0	6	33
96	7	8.38058299128897	147	16	0	0	0	7	33
96	8	5.24603395303711	599	21	0	0	0	8	33
96	10	1.10503402235918	410	15	0	0	0	9	33
96	11	0.111421213485301	142	23	0	0	0	10	33
96	12	4.27051849081181	199	38	2	0	0	11	33
97	1	2.14091945835389	31	14	1	0	0	1	33
97	2	1.35342827811837	186	14	0	0	0	2	33
97	2	5.77610554173589	184	14	0	0	0	3	33
97	2	0.796279570320621	176	12	0	0	0	4	33
97	1	2.01598817971535	208	16	0	0	0	5	33
97	2	5.74869553535245	166	15	0	0	0	6	33
97	3	3.80727974139154	210	16	0	0	0	7	33
97	4	3.34514995943755	285	18	0	0	0	8	33
97	6	1.45286453492008	170	15	0	0	0	9	33
97	5	1.09298573434353	185	18	0	0	0	10	33
97	7	0.179531768197194	287	13	0	0	0	11	33
97	8	1.30994685320184	260	18	0	0	0	12	33
97	9	5.153357073199	198	69	2	0	0	13	33
98	1	2.7522660610266	248	16	1	0	0	1	33
98	2	1.83141490397975	255	17	0	0	0	2	33
98	3	1.10382962715812	228	19	0	0	0	3	33
98	4	4.25491235288791	243	19	0	0	0	4	33
98	5	4.35878105624579	427	18	0	0	0	5	33
98	6	5.01925927051343	359	19	0	0	0	6	33
98	8	3.54007819201797	222	12	0	0	0	7	33
98	8	0.723655389621854	223	25	0	0	0	8	33
98	10	2.69945162464865	711	15	0	0	0	9	33
98	10	6.22356647765264	214	55	2	0	0	10	33
100	2	4.98436571704224	173	13	1	0	0	1	33
100	2	1.14126188191585	283	15	0	0	0	2	33
100	1	1.34981125383638	162	20	0	0	0	3	33
100	3	1.89560819463804	257	18	0	0	0	4	33
100	4	2.28300920571201	260	13	0	0	0	5	33
100	5	4.32466419786215	166	22	0	0	0	6	33
100	6	5.59229187178425	290	22	0	0	0	7	33
100	8	1.92078829556704	219	15	0	0	0	8	33
100	7	2.35736671672203	166	29	0	0	0	9	33
100	9	3.82946198084392	251	20	0	0	0	10	33
100	10	3.00868541514501	170	33	2	0	0	11	33
101	1	2.81798396934755	161	15	1	0	0	1	33
101	2	4.91417348617688	208	14	0	0	0	2	33
101	1	2.22638826910406	303	14	0	0	0	3	33
101	2	1.5160157061182	63	19	0	0	0	4	33
101	3	1.39362512272783	325	18	0	0	0	5	33
101	4	3.33068180456758	217	12	0	0	0	6	33
101	4	1.97753931069747	200	18	0	0	0	7	33
101	5	6.4037343361415	166	18	0	0	0	8	33
101	6	4.51710865274072	186	19	0	0	0	9	33
101	8	1.77549682138488	184	14	0	0	0	10	33
101	7	1.54222178366035	362	18	0	0	0	11	33
101	8	6.09626976540312	173	16	0	0	0	12	33
101	9	4.33044459484518	696	18	2	0	0	13	33
102	1	2.5367532982491	246	16	1	0	0	1	33
102	2	3.01738900644705	407	19	0	0	0	2	33
102	4	0.698653058847412	324	16	0	0	0	3	33
102	5	1.68118384084664	282	14	0	0	0	4	33
102	5	6.86289374460466	225	17	0	0	0	5	33
102	4	2.10678440867923	358	19	0	0	0	6	33
102	5	5.02954542497173	389	17	0	0	0	7	33
102	6	2.59492485178635	364	19	0	0	0	8	33
102	7	1.19859438110143	165	15	0	0	0	9	33
102	7	5.01978187845089	186	17	0	0	0	10	33
102	8	6.88985195360146	572	41	2	0	0	11	33
103	1	2.77333299606107	158	12	1	0	0	1	33
103	2	0.42495235032402	148	13	0	0	0	2	33
103	2	4.31490637012757	151	16	0	0	0	3	33
103	3	4.73402774310671	200	19	0	0	0	4	33
103	4	3.742687871214	450	21	0	0	0	5	33
103	5	2.70474355784245	437	17	0	0	0	6	33
103	6	4.67239954532124	148	15	0	0	0	7	33
103	7	5.60204682406038	684	62	2	0	0	8	33
104	1	2.49780410551466	163	15	1	0	0	1	33
104	2	2.98865226027556	279	15	0	0	0	2	33
104	2	9.97055527218617	161	17	0	0	0	3	33
104	4	2.28970486181788	406	17	0	0	0	4	33
104	5	1.55799693940207	273	17	0	0	0	5	33
104	6	3.15965532441624	271	14	0	0	0	6	33
104	7	4.56388157978654	215	19	0	0	0	7	33
104	6	0.684960060287267	215	31	0	0	0	8	33
104	8	4.37647982756607	343	17	0	0	0	9	33
104	10	0.659769737860188	354	49	2	0	0	10	33
105	1	3.05196493724361	245	16	1	0	0	1	33
105	2	3.69799352996051	182	12	0	0	0	2	33
105	2	5.15279662539251	159	17	0	0	0	3	33
105	3	5.1593905184418	316	17	0	0	0	4	33
105	5	0.601707999361679	295	13	0	0	0	5	33
105	5	3.36665921518579	301	15	0	0	0	6	33
105	6	3.19925979687832	438	62	0	0	0	7	33
105	7	5.77369485306554	210	24	2	0	0	8	33
106	1	2.37904198095202	253	18	1	0	0	1	33
106	2	5.96802013809793	524	15	0	0	0	2	33
106	3	3.73310889792629	181	16	0	0	0	3	33
106	4	3.48800688190386	402	13	0	0	0	4	33
106	5	1.99554979777895	220	13	0	0	0	5	33
106	6	0.125924251973629	183	22	0	0	0	6	33
106	7	4.09560438035987	511	23	2	0	0	7	33
107	1	1.37536772876047	171	13	1	0	0	1	33
107	1	3.82105094497092	163	14	0	0	0	2	33
107	2	4.34920766321011	160	16	0	0	0	3	33
107	1	1.22678951919079	213	19	0	0	0	4	33
107	2	8.89119952917099	249	14	0	0	0	5	33
107	3	4.21244366257451	140	14	0	0	0	6	33
107	4	3.30971529032104	247	16	0	0	0	7	33
107	6	0.238132286584005	293	16	0	0	0	8	33
107	6	5.21773196430877	155	18	0	0	0	9	33
107	7	3.84810253069736	348	32	0	0	0	10	33
107	10	5.0754480175674	192	14	2	0	0	11	33
108	1	2.36184595571831	245	15	1	0	0	1	33
108	2	3.8672347178217	424	14	0	0	0	2	33
108	1	2.10333216562867	265	16	0	0	0	3	33
108	2	7.84311081329361	177	15	0	0	0	4	33
108	3	1.10373691469431	962	15	0	0	0	5	33
108	4	0.593287397641689	316	12	0	0	0	6	33
108	4	4.78558906749822	244	17	0	0	0	7	33
108	5	2.80307922023349	306	15	0	0	0	8	33
108	6	4.5474024140276	186	15	0	0	0	9	33
108	8	2.42205953109078	477	17	0	0	0	10	33
108	9	6.07752340333536	479	14	0	0	0	11	33
108	9	10.9176645246334	634	13	0	0	0	12	33
108	9	15.0034639616497	231	42	2	0	0	13	33
110	1	3.43443776038475	239	15	1	0	0	1	33
110	2	5.1274753769394	226	19	0	0	0	2	33
110	3	3.55084261810407	274	14	0	0	0	3	33
110	4	2.52283481368795	280	19	0	0	0	4	33
110	5	3.54854896105826	233	17	0	0	0	5	33
110	7	3.61416152818128	332	16	0	0	0	6	33
110	7	9.6025376424659	150	15	0	0	0	7	33
110	8	5.67137066251598	248	21	0	0	0	8	33
110	10	6.0686118376907	175	17	2	0	0	9	33
111	2	0.247380320215598	351	15	1	0	0	1	33
111	2	6.74015052639879	278	15	0	0	0	2	33
111	2	13.4956483535934	269	17	0	0	0	3	33
111	3	4.30574216507375	237	16	0	0	0	4	33
111	5	2.0787377494853	292	16	0	0	0	5	33
111	6	1.12132133892737	160	17	0	0	0	6	33
111	6	6.02327765268274	339	20	0	0	0	7	33
111	8	1.79520906647667	258	19	0	0	0	8	33
111	6	5.71005437313579	363	13	0	0	0	9	33
111	7	0.950110054574907	174	16	0	0	0	10	33
111	8	1.97405782341957	283	16	0	0	0	11	33
111	8	6.40001725405455	190	18	0	0	0	12	33
111	10	1.48191571724601	392	43	2	0	0	13	33
112	1	2.44984289887361	212	15	1	0	0	1	33
112	2	3.20832953345962	228	20	0	0	0	2	33
112	1	1.14629654912278	193	15	0	0	0	3	33
112	2	0.468597619561478	180	19	0	0	0	4	33
112	3	2.18483868660405	253	16	0	0	0	5	33
112	4	2.02765905531123	591	17	0	0	0	6	33
112	3	2.2578457207419	181	18	0	0	0	7	33
112	4	4.04114300524816	181	14	0	0	0	8	33
112	5	3.62676621903665	148	16	0	0	0	9	33
112	6	5.97064256831072	188	21	0	0	0	10	33
112	8	1.52860186574981	186	15	2	0	0	11	33
113	1	2.27918036631308	158	16	1	0	0	1	33
113	2	3.52115007629618	344	16	0	0	0	2	33
113	3	3.2932498625014	257	14	0	0	0	3	33
113	2	3.20149102318101	290	13	0	0	0	4	33
113	3	2.652976391837	181	15	0	0	0	5	33
113	4	2.63849122822285	253	19	0	0	0	6	33
113	5	1.88753564958461	351	18	0	0	0	7	33
113	7	0.998632764443755	179	14	2	0	0	8	33
114	1	2.33995296084322	153	14	1	0	0	1	33
114	2	2.56841811677441	206	18	0	0	0	2	33
114	3	3.30088757234626	239	19	0	0	0	3	33
114	4	1.75947221624665	207	15	0	0	0	4	33
114	5	2.7255494913552	222	12	0	0	0	5	33
114	6	3.93308536033146	247	15	0	0	0	6	33
114	7	3.58808262250386	326	16	0	0	0	7	33
114	8	0.24120711046271	212	14	0	0	0	8	33
114	8	4.09282999741845	189	18	0	0	0	9	33
114	9	4.67807515687309	367	21	0	0	0	10	33
114	11	5.99284615414217	220	17	2	0	0	11	33
