1	1	3.98699264531024	175	18	1	0	0	1	17
1	3	0.618120016762987	189	17	0	0	0	2	17
1	3	4.80432670423761	209	20	0	0	0	3	17
1	4	3.44582362519577	239	15	0	0	0	4	17
1	5	3.34910066355951	229	15	0	0	0	5	17
1	6	3.89923984534107	195	19	0	0	0	6	17
1	7	2.91422339016572	230	30	0	0	0	7	17
1	9	3.53116542729549	286	33	0	0	0	8	17
1	10	6.55803593620658	142	21	0	0	0	9	17
1	11	6.9538881634362	79	47	2	0	0	10	17
2	1	2.63645641715266	151	16	1	0	0	1	17
2	3	0.328271672129631	173	16	0	0	0	2	17
2	3	6.62423869688064	184	15	0	0	0	3	17
2	4	5.01527217589319	163	31	0	0	0	4	17
2	6	1.98032118170522	245	25	0	0	0	5	17
2	7	5.21296278503723	200	16	0	0	0	6	17
2	8	3.25312366709113	153	24	0	0	0	7	17
2	9	5.57327824481763	258	23	0	0	0	8	17
2	10	3.31113473605365	121	52	2	0	0	9	17
3	1	3.74340837285854	178	27	1	0	0	1	17
3	2	4.21932793804444	224	20	0	0	0	2	17
3	3	4.66995151550509	162	26	0	0	0	3	17
3	4	4.61022619833238	159	19	0	0	0	4	17
3	6	1.26027523586527	205	28	0	0	0	5	17
3	8	0.355547146871686	195	14	0	0	0	6	17
3	8	4.58966221334413	175	22	0	0	0	7	17
3	9	4.22268795198761	167	25	0	0	0	8	17
3	10	5.30762884533033	606	60	2	0	0	9	17
4	1	2.44032333558425	189	24	1	0	0	1	17
4	2	4.36701359995641	170	16	0	0	0	2	17
4	3	3.88218565075658	218	13	0	0	0	3	17
4	4	3.16312425211072	188	25	0	0	0	4	17
4	5	3.2574399523437	233	25	0	0	0	5	17
4	6	4.59747319761664	203	29	0	0	0	6	17
4	8	3.91980020375922	247	63	2	0	0	7	17
5	1	4.65414039953612	227	21	1	0	0	1	17
5	2	5.4856782045681	256	23	0	0	0	2	17
5	3	3.319216507487	168	14	0	0	0	3	17
5	4	2.13134979642928	209	26	0	0	0	4	17
5	4	10.7345230942592	188	16	0	0	0	5	17
5	5	2.28479948546737	188	29	0	0	0	6	17
5	7	1.519779358292	313	61	2	0	0	7	17
6	1	2.93308377079666	174	16	1	0	0	1	17
6	2	2.71933385473676	164	25	0	0	0	2	17
6	3	0.217476749792695	177	15	0	0	0	3	17
6	3	5.76420919108205	213	26	0	0	0	4	17
6	5	0.409439886454493	271	24	0	0	0	5	17
6	6	4.44114673207514	304	19	0	0	0	6	17
6	7	3.4386088072788	304	26	0	0	0	7	17
6	9	2.10590659175068	336	53	2	0	0	8	17
7	2	1.01288691582158	288	17	1	0	0	1	17
7	3	1.97477232688107	235	17	0	0	0	2	17
7	4	3.16474243020639	174	16	0	0	0	3	17
7	5	5.84571118513122	223	22	0	0	0	4	17
7	6	2.60963935218751	226	24	0	0	0	5	17
7	7	3.00152712035924	289	12	0	0	0	6	17
7	7	7.53229935211129	100	24	0	0	0	7	17
7	9	0.620846441714093	248	18	0	0	0	8	17
7	10	2.82855516695417	173	52	2	0	0	9	17
8	1	2.91073841392063	157	15	1	0	0	1	17
8	2	3.45026404387318	161	16	0	0	0	2	17
8	3	5.6572810523212	208	20	0	0	0	3	17
8	4	2.67931713792495	185	19	0	0	0	4	17
8	5	3.22319919895381	210	17	0	0	0	5	17
8	7	1.09934199927375	167	29	0	0	0	6	17
8	8	3.16824573092163	193	23	0	0	0	7	17
8	9	6.98468349664472	176	23	0	0	0	8	17
8	11	2.48877092357725	139	61	2	0	0	9	17
9	1	3.13602995336987	160	20	1	0	0	1	17
9	2	5.17859362042509	188	24	0	0	0	2	17
9	4	0.998315955745056	254	21	0	0	0	3	17
9	4	5.7934799825307	282	22	0	0	0	4	17
9	3	3.80255318828858	155	26	0	0	0	5	17
9	4	6.07725161057897	176	22	0	0	0	6	17
9	6	0.668884654995054	315	13	0	0	0	7	17
9	6	3.3736714029219	230	27	0	0	0	8	17
9	7	3.5864369131159	322	71	2	0	0	9	17
10	3	0.878622805234045	153	15	1	0	0	1	17
10	2	1.96709660510533	168	17	0	0	0	2	17
10	3	4.36759569379501	160	24	0	0	0	3	17
10	4	2.8394187015947	158	19	0	0	0	4	17
10	6	0.484713120851666	273	24	0	0	0	5	17
10	7	4.07932786736637	203	27	0	0	0	6	17
10	9	0.587692193221301	184	24	0	0	0	7	17
10	10	0.873152816435322	196	57	2	0	0	8	17
11	1	3.57145900605246	162	21	1	0	0	1	17
11	2	5.20844018203206	236	24	0	0	0	2	17
11	3	1.90161797963083	349	27	0	0	0	3	17
11	4	3.70169938099571	174	14	0	0	0	4	17
11	5	4.24701863969676	258	23	0	0	0	5	17
11	7	1.02678964333609	177	17	0	0	0	6	17
11	8	0.119327169377357	210	13	0	0	0	7	17
11	8	3.86718189576641	160	29	0	0	0	8	17
11	9	4.99419785384089	175	54	2	0	0	9	17
12	1	2.21457606786862	171	22	1	0	0	1	17
12	2	2.06653994973749	139	18	0	0	0	2	17
12	4	0.762716720113531	269	18	0	0	0	3	17
12	5	0.105035684537143	197	25	0	0	0	4	17
12	6	1.22281992575154	180	21	0	0	0	5	17
12	8	1.70902745844796	188	77	2	0	0	6	17
13	1	2.91272837226279	198	24	1	0	0	1	17
13	3	1.64728363789618	170	17	0	0	0	2	17
13	3	7.69158775708638	196	12	0	0	0	3	17
13	4	3.01653835829347	152	24	0	0	0	4	17
13	5	5.85407603206113	247	15	0	0	0	5	17
13	5	2.91996573843062	145	15	0	0	0	6	17
13	4	5.72999767470174	115	18	0	0	0	7	17
13	6	0.593968936242163	154	20	0	0	0	8	17
13	7	2.51934745302424	117	20	0	0	0	9	17
13	8	2.2350709780585	114	60	2	0	0	10	17
14	1	4.12951373681426	237	21	1	0	0	1	17
14	2	3.07601466402411	207	30	0	0	0	2	17
14	3	3.73383439495228	176	13	0	0	0	3	17
14	4	2.84111067210324	89	21	0	0	0	4	17
14	2	7.09361239359714	246	29	0	0	0	5	17
14	4	2.19040725938976	290	18	0	0	0	6	17
14	5	4.85015278751962	217	24	0	0	0	7	17
14	6	4.89402610692196	264	23	0	0	0	8	17
14	8	3.47817650600336	164	59	2	0	0	9	17
15	2	0.502924245549366	270	14	1	0	0	1	17
15	3	2.1685166945681	218	25	0	0	0	2	17
15	4	3.19795940094627	176	20	0	0	0	3	17
15	5	4.16424668789841	277	24	0	0	0	4	17
15	7	1.76478773681447	151	19	0	0	0	5	17
15	7	5.03769221086986	165	26	0	0	0	6	17
15	8	4.77118030749261	284	28	0	0	0	7	17
15	9	5.25805805856362	333	53	2	0	0	8	17
16	1	3.42946609715	147	23	1	0	0	1	17
16	2	2.28250636043958	217	20	0	0	0	2	17
16	3	1.88211437431164	239	14	0	0	0	3	17
16	2	7.82209912943654	195	26	0	0	0	4	17
16	3	5.49938870756887	142	15	0	0	0	5	17
16	4	4.65768522466533	203	26	0	0	0	6	17
16	5	3.25765689183027	209	30	0	0	0	7	17
16	6	5.53926514368504	174	24	0	0	0	8	17
16	6	12.3827631338499	155	79	2	0	0	9	17
17	1	2.62059572758153	234	29	1	0	0	1	17
17	2	6.26271986099891	254	12	0	0	0	2	17
17	2	5.26243903231807	168	22	0	0	0	3	17
17	3	3.79997028200887	200	16	0	0	0	4	17
17	4	2.56272886972874	183	20	0	0	0	5	17
17	5	3.02132487879135	177	12	0	0	0	6	17
17	6	4.39489241805859	169	27	0	0	0	7	17
17	8	1.44057976454496	179	21	0	0	0	8	17
17	8	6.92516219685785	161	20	0	0	0	9	17
17	9	4.7103347433731	153	57	2	0	0	10	17
18	2	0.947143787518144	172	21	1	0	0	1	17
18	2	5.14435334457085	209	15	0	0	0	2	17
18	3	4.78691271576099	171	20	0	0	0	3	17
18	4	3.83066692273133	164	26	0	0	0	4	17
18	5	3.45990088302642	501	31	0	0	0	5	17
18	7	1.50370577885769	219	13	0	0	0	6	17
18	7	3.17588440817781	202	26	0	0	0	7	17
18	9	1.81865151505917	169	20	0	0	0	8	17
18	10	2.94543949514627	141	70	2	0	0	9	17
19	1	3.11261711944826	174	19	1	0	0	1	17
19	2	5.95123754930682	188	18	0	0	0	2	17
19	3	3.76334402291104	223	21	0	0	0	3	17
19	2	5.50536854285747	206	23	0	0	0	4	17
19	3	4.06199636822566	804	24	0	0	0	5	17
19	4	3.72757837362587	197	21	0	0	0	6	17
19	5	4.72688710549846	204	25	0	0	0	7	17
19	6	4.69688407960348	199	15	0	0	0	8	17
19	8	0.273060363484547	136	16	0	0	0	9	17
19	7	0.53496044059284	257	29	0	0	0	10	17
19	8	4.41980678844266	184	30	0	0	0	11	17
19	10	2.03067604009993	288	25	0	0	0	12	17
19	11	4.16216857265681	134	22	2	0	0	13	17
20	1	3.31924534612335	182	18	1	0	0	1	17
20	2	5.01849738112651	242	19	0	0	0	2	17
20	3	2.38028929987922	204	22	0	0	0	3	17
20	4	4.26646234001964	226	24	0	0	0	4	17
20	5	3.51023063063622	248	21	0	0	0	5	17
20	4	7.06036773091182	210	30	0	0	0	6	17
20	6	4.91986546013504	338	17	0	0	0	7	17
20	7	4.45862640999258	195	28	0	0	0	8	17
20	10	0.747486174106598	366	49	2	0	0	9	17
22	1	3.99975688173436	180	26	1	0	0	1	17
22	3	0.857663642847911	185	25	0	0	0	2	17
22	3	6.9391766723711	227	18	0	0	0	3	17
22	4	4.20468700723723	215	23	0	0	0	4	17
22	5	4.92591164889745	439	28	0	0	0	5	17
22	6	3.28659028606489	221	71	2	0	0	6	17
23	1	2.99168062862009	171	20	1	0	0	1	17
23	2	4.2654039405752	200	12	0	0	0	2	17
23	3	3.90083435340784	179	22	0	0	0	3	17
23	4	4.41063138656318	171	17	0	0	0	4	17
23	5	3.38399007311091	184	27	0	0	0	5	17
23	6	3.97062567807734	273	22	0	0	0	6	17
23	7	3.10703505086713	197	65	2	0	0	7	17
24	1	2.85746431304142	161	17	1	0	0	1	17
24	2	4.10184842115268	158	19	0	0	0	2	17
24	3	4.51241408335045	186	18	0	0	0	3	17
24	5	0.165541949681938	225	19	0	0	0	4	17
24	6	0.613429411780089	177	24	0	0	0	5	17
24	7	1.65001143538393	176	28	0	0	0	6	17
24	9	0.172301002778113	157	25	0	0	0	7	17
24	10	2.95393828093074	110	62	2	0	0	8	17
25	1	3.32527680532075	144	24	1	0	0	1	17
25	2	4.66592607158236	184	18	0	0	0	2	17
25	3	3.08045791229233	535	23	0	0	0	3	17
25	4	5.94022903055884	321	25	0	0	0	4	17
25	5	3.13589075091295	203	15	0	0	0	5	17
25	7	2.25552395312116	231	21	0	0	0	6	17
25	8	5.3273973565083	253	63	2	0	0	7	17
26	1	3.11040482320823	167	13	1	0	0	1	17
26	2	3.10940475715324	218	23	0	0	0	2	17
26	3	2.4819332244806	193	14	0	0	0	3	17
26	4	2.03024956281297	256	14	0	0	0	4	17
26	5	3.16851396253332	196	24	0	0	0	5	17
26	7	1.62688543112017	157	15	0	0	0	6	17
26	7	3.25669032428414	83	64	2	0	0	7	17
27	1	2.6297326083295	145	13	1	0	0	1	17
27	2	2.75025398866273	182	20	0	0	0	2	17
27	3	2.68322812276892	254	21	0	0	0	3	17
27	4	3.87033884157427	200	16	0	0	0	4	17
27	4	1.26763758063316	109	20	0	0	0	5	17
27	4	7.62916441797279	164	26	0	0	0	6	17
27	6	2.73568673455156	327	27	0	0	0	7	17
27	7	5.1248347715009	275	58	2	0	0	8	17
28	1	2.22975864028558	56	17	1	0	0	1	17
28	2	2.82344214315526	244	19	0	0	0	2	17
28	3	1.4088694404345	186	23	0	0	0	3	17
28	4	1.26612999057397	285	13	0	0	0	4	17
28	4	4.1115013025701	244	25	0	0	0	5	17
28	5	3.86050490709022	155	24	0	0	0	6	17
28	7	0.834813074208796	156	17	0	0	0	7	17
28	7	5.93956012115814	178	26	0	0	0	8	17
28	8	4.52669987990521	196	28	0	0	0	9	17
28	10	5.59576982795261	196	23	0	0	0	10	17
28	10	11.6338421865366	193	53	2	0	0	11	17
29	1	3.50595185463317	169	22	1	0	0	1	17
29	2	4.1345984081272	199	24	0	0	0	2	17
29	3	4.45456180418842	224	23	0	0	0	3	17
29	5	2.43947831471451	247	27	0	0	0	4	17
29	6	3.93005865695886	221	19	0	0	0	5	17
29	7	4.95395227731206	162	29	0	0	0	6	17
29	8	1.96110358019359	192	57	2	0	0	7	17
30	1	2.25105523713864	222	19	1	0	0	1	17
30	2	6.59739055088721	346	19	0	0	0	2	17
30	4	2.90492744883522	244	24	0	0	0	3	17
30	5	0.896731664426625	160	25	0	0	0	4	17
30	7	2.23081453866325	131	40	2	0	0	5	17
31	1	2.95278225350194	169	14	1	0	0	1	17
31	2	2.09692039596848	198	16	0	0	0	2	17
31	3	2.38929530326277	274	18	0	0	0	3	17
31	4	0.121365052182227	205	13	0	0	0	4	17
31	4	3.52758370316587	169	19	0	0	0	5	17
31	5	4.20334332808852	195	23	0	0	0	6	17
31	6	4.30166149884462	170	16	0	0	0	7	17
31	7	5.58543512295	176	17	0	0	0	8	17
31	8	4.39499364746734	197	23	0	0	0	9	17
31	9	3.44836653396487	353	62	2	0	0	10	17
32	1	2.7381230732426	174	14	1	0	0	1	17
32	2	3.43510989379138	169	21	0	0	0	2	17
32	3	3.1739828789141	228	23	0	0	0	3	17
32	5	1.98384134564549	252	22	0	0	0	4	17
32	6	2.97606604569592	241	23	0	0	0	5	17
32	8	1.8181182788685	176	28	0	0	0	6	17
32	8	8.72504938673228	223	61	2	0	0	7	17
33	1	3.39982251357287	166	15	1	0	0	1	17
33	2	3.9731289378833	190	17	0	0	0	2	17
33	3	4.20011670305394	210	23	0	0	0	3	17
33	4	4.30829392862506	297	29	0	0	0	4	17
33	6	4.01508736959659	172	15	0	0	0	5	17
33	6	8.47527405037545	192	25	0	0	0	6	17
33	7	6.91522621619515	177	65	2	0	0	7	17
34	2	2.96423447993584	285	17	1	0	0	1	17
34	3	2.05553321447223	283	23	0	0	0	2	17
34	4	3.6365781663917	218	17	0	0	0	3	17
34	5	2.01835863431916	479	28	0	0	0	4	17
34	6	2.5837190549355	193	22	0	0	0	5	17
34	7	4.97118856292218	168	27	0	0	0	6	17
34	8	4.36156788747758	290	65	2	0	0	7	17
35	1	2.03248983854428	174	16	1	0	0	1	17
35	2	4.66741767525673	204	18	0	0	0	2	17
35	3	2.92622538143769	238	23	0	0	0	3	17
35	4	4.03043488808908	232	12	0	0	0	4	17
35	4	7.98427143739536	133	22	0	0	0	5	17
35	5	3.95058625005186	257	20	0	0	0	6	17
35	6	3.67625345895067	402	43	2	0	0	7	17
36	1	2.04880432388745	224	26	1	0	0	1	17
36	3	1.79889946477488	235	24	0	0	0	2	17
36	4	3.8823913896922	330	20	0	0	0	3	17
36	5	4.6001596536953	237	28	0	0	0	4	17
36	6	4.60492807021365	413	19	0	0	0	5	17
36	7	5.91027380945161	158	28	0	0	0	6	17
36	8	5.88682925701141	120	50	2	0	0	7	17
37	1	3.38876847038046	173	17	1	0	0	1	17
37	2	3.28812250052579	173	18	0	0	0	2	17
37	3	3.86087742005475	167	16	0	0	0	3	17
37	4	3.31413028016686	387	23	0	0	0	4	17
37	3	3.45332566206343	245	18	0	0	0	5	17
37	4	3.39158041379414	183	23	0	0	0	6	17
37	5	4.44975029793568	205	20	0	0	0	7	17
37	6	4.19116335944273	171	26	0	0	0	8	17
37	7	3.26727209310047	168	19	0	0	0	9	17
37	8	2.69189562392421	120	68	2	0	0	10	17
38	1	3.52091211918741	163	16	1	0	0	1	17
38	2	4.19090958568268	159	16	0	0	0	2	17
38	3	5.16605977830477	212	22	0	0	0	3	17
38	4	3.69385043508373	215	14	0	0	0	4	17
38	5	3.29102738155052	176	27	0	0	0	5	17
38	6	4.99359815940261	116	29	0	0	0	6	17
38	9	0.759239590493962	145	16	0	0	0	7	17
38	9	5.30894891940989	181	24	0	0	0	8	17
38	9	11.3928178353235	116	53	2	0	0	9	17
39	1	3.10858996771276	164	16	1	0	0	1	17
39	2	5.68843192630447	184	21	0	0	0	2	17
39	3	3.57345541543327	205	17	0	0	0	3	17
39	2	7.62051049433649	279	25	0	0	0	4	17
39	3	4.95408550556749	344	23	0	0	0	5	17
39	2	7.77372326818295	288	25	0	0	0	6	17
39	4	1.20634244242683	250	26	0	0	0	7	17
39	5	3.73144421889447	279	22	0	0	0	8	17
39	6	2.932631312171	105	25	0	0	0	9	17
39	4	3.02071842341684	170	20	0	0	0	10	17
39	5	6.23707111808471	159	16	0	0	0	11	17
39	7	1.87960817292333	185	15	0	0	0	12	17
39	7	4.51504323352128	136	21	0	0	0	13	17
39	9	2.39446924510412	230	62	2	0	0	14	17
40	1	3.75978482235223	188	17	1	0	0	1	17
40	3	0.886000566184521	199	15	0	0	0	2	17
40	3	4.45615213201381	172	21	0	0	0	3	17
40	5	1.02587684104219	222	24	0	0	0	4	17
40	6	4.62193181156181	177	25	0	0	0	5	17
40	8	0.781231486238539	189	16	0	0	0	6	17
40	9	0.384219210827723	171	30	0	0	0	7	17
40	10	1.36424317792989	192	19	0	0	0	8	17
40	11	1.10810190089978	126	56	2	0	0	9	17
41	1	3.7781743563246	161	20	1	0	0	1	17
41	2	3.19752849824727	148	18	0	0	0	2	17
41	2	8.33278670464642	192	16	0	0	0	3	17
41	3	0.911378551041707	167	15	0	0	0	4	17
41	3	5.01520650321618	244	27	0	0	0	5	17
41	5	1.72287070099264	317	21	0	0	0	6	17
41	6	4.56594497291371	423	27	0	0	0	7	17
41	7	3.57493633055128	380	17	2	0	0	8	17
42	1	2.93945695948787	160	17	1	0	0	1	17
42	3	0.595583784161136	201	19	0	0	0	2	17
42	4	1.83152635395527	208	23	0	0	0	3	17
42	5	3.9359168400988	264	19	0	0	0	4	17
42	7	2.43237371766008	200	21	0	0	0	5	17
42	8	4.20283415657468	229	29	0	0	0	6	17
42	9	5.72611369448714	208	63	2	0	0	7	17
43	1	2.4365469769109	175	22	1	0	0	1	17
43	2	4.96746836532839	186	22	0	0	0	2	17
43	3	4.44647718104534	256	25	0	0	0	3	17
43	4	4.17631687084213	317	30	0	0	0	4	17
43	5	2.2321119857952	232	17	0	0	0	5	17
43	6	3.7280280799605	248	23	0	0	0	6	17
43	7	3.92555609717965	202	20	0	0	0	7	17
43	8	4.22401622799225	223	59	2	0	0	8	17
44	2	0.762476918986067	227	19	1	0	0	1	17
44	3	0.394633239135146	176	15	0	0	0	2	17
44	2	5.93030773708597	190	18	0	0	0	3	17
44	3	4.88521120604128	406	16	0	0	0	4	17
44	4	2.38782238052227	319	26	0	0	0	5	17
44	5	3.07621170813218	186	13	0	0	0	6	17
44	6	5.0343686551787	263	27	0	0	0	7	17
44	7	5.73496511019766	317	31	0	0	0	8	17
44	9	0.253534603398293	163	16	0	0	0	9	17
44	10	0.698201331542805	159	49	2	0	0	10	17
45	1	5.92537250858732	296	21	1	0	0	1	17
45	2	3.51280902489088	229	18	0	0	0	2	17
45	3	2.41064897575416	171	27	0	0	0	3	17
45	5	2.66948924795724	249	25	0	0	0	4	17
45	6	3.89603532385081	400	23	0	0	0	5	17
45	7	3.16826336737722	243	63	2	0	0	6	17
46	1	2.11856872634962	166	18	1	0	0	1	17
46	3	0.709819101030007	208	28	0	0	0	2	17
46	4	0.357854513218626	190	16	0	0	0	3	17
46	4	6.41724484111182	143	17	0	0	0	4	17
46	5	5.38697636639699	169	27	0	0	0	5	17
46	7	2.37819784344174	331	28	0	0	0	6	17
46	8	6.8497895328328	125	54	2	0	0	7	17
47	1	3.76207825588062	152	17	1	0	0	1	17
47	2	3.50408784789033	174	23	0	0	0	2	17
47	3	3.41254290519282	205	24	0	0	0	3	17
47	5	0.0238026385195553	197	16	0	0	0	4	17
47	5	4.56522743101232	140	22	0	0	0	5	17
47	6	5.05036412412301	223	27	0	0	0	6	17
47	7	3.41937544196844	201	23	0	0	0	7	17
47	8	5.35108077106997	214	20	0	0	0	8	17
47	9	3.75310208345763	144	55	2	0	0	9	17
48	1	1.85697366902605	152	21	1	0	0	1	17
48	2	4.00488552218303	175	13	0	0	0	2	17
48	3	3.52321650111116	189	24	0	0	0	3	17
48	4	6.64848726429045	166	29	0	0	0	4	17
48	5	5.29162978311069	154	16	0	0	0	5	17
48	6	1.46368610742502	236	27	0	0	0	6	17
48	8	3.13765899464488	187	68	2	0	0	7	17
49	1	3.74984812689945	161	12	1	0	0	1	17
49	2	0.213043499505147	65	16	0	0	0	2	17
49	2	5.32738438970409	239	18	0	0	0	3	17
49	3	3.26181369787082	222	22	0	0	0	4	17
49	4	3.46543104434386	440	30	0	0	0	5	17
49	5	2.37153113493696	204	26	0	0	0	6	17
49	6	0.707268841797486	199	13	0	0	0	7	17
49	7	0.191065842052922	184	21	0	0	0	8	17
49	8	0.25522500090301	187	23	0	0	0	9	17
49	8	6.96298655564897	159	52	2	0	0	10	17
50	1	2.20844614133239	172	19	1	0	0	1	17
50	2	4.80424650479108	216	18	0	0	0	2	17
50	3	3.31995774968527	254	19	0	0	0	3	17
50	4	3.67658171360381	158	18	0	0	0	4	17
50	5	3.26511504873633	203	27	0	0	0	5	17
50	7	3.65515963849612	294	24	0	0	0	6	17
50	8	3.17451754095964	267	28	0	0	0	7	17
50	9	5.43091562832706	137	53	2	0	0	8	17
51	1	1.30583774694242	158	19	1	0	0	1	17
51	2	3.86726212128997	189	16	0	0	0	2	17
51	3	3.21940319170244	187	26	0	0	0	3	17
51	4	1.098263845779	240	20	0	0	0	4	17
51	5	4.73783800960518	138	20	0	0	0	5	17
51	7	0.0127667966298759	222	18	0	0	0	6	17
51	8	3.45447498187423	209	28	0	0	0	7	17
51	9	2.72790821408853	209	25	0	0	0	8	17
51	10	1.08369107078761	293	13	2	0	0	9	17
52	1	2.33344072848558	171	26	1	0	0	1	17
52	2	5.85346539318562	240	23	0	0	0	2	17
52	3	2.01885189721361	322	21	0	0	0	3	17
52	4	1.480635906104	331	16	0	0	0	4	17
52	4	4.20879228948615	223	18	0	0	0	5	17
52	5	5.512323691044	136	19	0	0	0	6	17
52	6	5.77611329872161	124	71	2	0	0	7	17
53	1	2.43940051901154	187	17	1	0	0	1	17
53	2	4.24744250159711	199	15	0	0	0	2	17
53	3	2.3727752729319	186	29	0	0	0	3	17
53	5	1.0734121769201	200	18	0	0	0	4	17
53	5	5.40319208987057	314	28	0	0	0	5	17
53	6	3.00782301765867	161	18	0	0	0	6	17
53	8	2.03076833975501	173	25	0	0	0	7	17
53	9	3.417926895665	113	52	2	0	0	8	17
54	1	2.4905761058908	192	19	1	0	0	1	17
54	2	3.76767591014504	175	20	0	0	0	2	17
54	3	3.59025933686644	172	28	0	0	0	3	17
54	4	3.52272938587703	242	23	0	0	0	4	17
54	3	5.25330052548088	138	18	0	0	0	5	17
54	4	4.9139420890715	225	15	0	0	0	6	17
54	6	0.300955101381987	239	18	0	0	0	7	17
54	7	0.180927330628037	247	17	0	0	0	8	17
54	7	4.22373855346814	125	24	0	0	0	9	17
54	8	5.51195439766161	196	69	2	0	0	10	17
55	1	3.7733369411435	164	21	1	0	0	1	17
55	2	4.26225940836594	209	19	0	0	0	2	17
55	3	4.96767487865873	250	21	0	0	0	3	17
55	4	4.94602506537922	195	19	0	0	0	4	17
55	6	0.821134741650894	255	18	0	0	0	5	17
55	7	0.466955160256475	151	13	0	0	0	6	17
55	7	4.86497991764918	156	30	0	0	0	7	17
55	9	1.86941857798956	225	26	0	0	0	8	17
55	10	4.40170174906962	292	57	2	0	0	9	17
56	1	2.12790393456817	174	19	1	0	0	1	17
56	2	3.97983281756751	149	19	0	0	0	2	17
56	3	3.73226916277781	256	16	0	0	0	3	17
56	4	4.84612631681375	160	14	0	0	0	4	17
56	5	3.39503509993665	253	24	0	0	0	5	17
56	6	3.10768682137132	233	25	0	0	0	6	17
56	7	0.981867619324476	599	73	2	0	0	7	17
57	1	2.84608511719853	171	16	1	0	0	1	17
57	2	4.08857149770483	174	20	0	0	0	2	17
57	3	2.50266451295465	252	17	0	0	0	3	17
57	4	1.1271873305086	212	21	0	0	0	4	17
57	5	2.72462175949477	171	17	0	0	0	5	17
57	6	3.46606081933714	208	21	0	0	0	6	17
57	7	5.13179997075349	305	16	0	0	0	7	17
57	7	0.127292615128681	132	71	2	0	0	8	17
58	1	3.89186713378876	194	21	1	0	0	1	17
58	3	0.36853231000714	167	18	0	0	0	2	17
58	4	0.554479543818161	194	19	0	0	0	3	17
58	5	2.79695134749636	234	18	0	0	0	4	17
58	6	3.22990064951591	157	16	0	0	0	5	17
58	7	4.80846656020731	198	24	0	0	0	6	17
58	9	3.5580543638207	152	19	2	0	0	7	17
60	1	2.10394212789834	173	16	1	0	0	1	17
60	2	5.65495684579946	245	21	0	0	0	2	17
60	4	2.6815630577039	189	25	0	0	0	3	17
60	5	2.49693970056251	189	16	0	0	0	4	17
60	6	3.27933203149587	159	24	0	0	0	5	17
60	7	4.84745070012286	168	24	0	0	0	6	17
60	8	4.78754274151288	242	18	2	0	0	7	17
61	1	3.73250723816454	217	24	1	0	0	1	17
61	2	4.58381435880437	240	18	0	0	0	2	17
61	3	3.29487915546633	276	20	0	0	0	3	17
61	4	3.0481870053336	330	29	0	0	0	4	17
61	6	2.6597693238873	262	25	0	0	0	5	17
61	7	3.32313919719309	165	58	2	0	0	6	17
62	1	2.40513579617254	166	16	1	0	0	1	17
62	2	4.07152698887512	193	16	0	0	0	2	17
62	3	3.4120812267065	166	18	0	0	0	3	17
62	4	3.65383134060539	200	24	0	0	0	4	17
62	6	0.820497915381566	176	19	0	0	0	5	17
62	6	4.48845453606918	139	19	0	0	0	6	17
62	5	2.73869180982001	193	15	0	0	0	7	17
62	6	5.80129577568732	183	25	0	0	0	8	17
62	8	3.15446237404831	249	65	2	0	0	9	17
63	1	2.49897097796202	173	18	1	0	0	1	17
63	2	4.70629587676376	195	22	0	0	0	2	17
63	3	3.49222328676842	189	24	0	0	0	3	17
63	4	3.47599757369608	278	19	0	0	0	4	17
63	5	3.90052295476198	165	27	0	0	0	5	17
63	7	2.52559321909212	190	15	0	0	0	6	17
63	8	3.39671880146489	107	58	2	0	0	7	17
64	1	2.47673129243776	199	18	1	0	0	1	17
64	2	4.17917802417651	197	26	0	0	0	2	17
64	3	3.49172780383378	244	29	0	0	0	3	17
64	4	4.44265335029922	170	20	0	0	0	4	17
64	6	1.83303391723894	189	24	0	0	0	5	17
64	7	4.08858594414778	185	20	0	0	0	6	17
64	8	4.99290246702731	219	27	0	0	0	7	17
64	9	4.51117906440049	265	48	2	0	0	8	17
65	1	3.0610164408572	209	19	1	0	0	1	17
65	3	0.938249697443098	205	25	0	0	0	2	17
65	3	9.10551717597991	168	19	0	0	0	3	17
65	4	4.16751281428151	176	24	0	0	0	4	17
65	5	4.97348720696755	150	16	0	0	0	5	17
65	7	0.391132682329044	155	15	0	0	0	6	17
65	7	5.38332404289395	184	28	0	0	0	7	17
65	10	1.91944926953875	173	13	0	0	0	8	17
65	10	5.83700141613372	158	26	0	0	0	9	17
65	11	4.23150730808266	472	55	2	0	0	10	17
66	1	2.07252071634866	165	24	1	0	0	1	17
66	3	1.72285296116024	208	26	0	0	0	2	17
66	4	2.47305696550757	168	19	0	0	0	3	17
66	4	7.11217025527731	182	20	0	0	0	4	17
66	6	1.34239706466906	222	15	0	0	0	5	17
66	6	5.9685872127302	177	24	0	0	0	6	17
66	7	6.78428894560784	313	25	0	0	0	7	17
66	9	2.35085570509546	203	26	0	0	0	8	17
66	10	3.61925827292725	237	27	0	0	0	9	17
66	11	3.38851790758781	254	47	2	0	0	10	17
67	1	3.269027415663	221	23	1	0	0	1	17
67	2	4.83824160229415	175	17	0	0	0	2	17
67	3	3.47530369763263	229	21	0	0	0	3	17
67	4	5.0398882383015	409	14	0	0	0	4	17
67	4	8.51199421030469	211	17	0	0	0	5	17
67	6	0.688603311078623	215	14	0	0	0	6	17
67	6	4.42242865869775	135	22	0	0	0	7	17
67	7	4.86407323763706	253	64	2	0	0	8	17
68	1	2.274010210298	199	19	1	0	0	1	17
68	2	5.31585098919459	174	19	0	0	0	2	17
68	3	3.56765093002468	169	25	0	0	0	3	17
68	4	3.49308335059322	171	15	0	0	0	4	17
68	5	3.10815836233087	186	21	0	0	0	5	17
68	6	5.46051003807224	217	25	0	0	0	6	17
68	7	6.8140798129607	219	28	0	0	0	7	17
68	8	2.0520306690596	169	63	2	0	0	8	17
69	1	2.49754486070015	154	16	1	0	0	1	17
69	2	3.0412130553741	264	19	0	0	0	2	17
69	3	3.18364501325414	318	25	0	0	0	3	17
69	4	2.8854817962274	278	27	0	0	0	4	17
69	5	2.74893917120062	334	16	0	0	0	5	17
69	5	6.50999417994171	185	26	0	0	0	6	17
69	7	1.33555044606328	157	19	2	0	0	7	17
70	1	3.33970098569989	215	26	1	0	0	1	17
70	2	3.9098510639742	336	17	0	0	0	2	17
70	3	4.21571438410319	207	25	0	0	0	3	17
70	4	3.41528966207989	191	13	0	0	0	4	17
70	5	3.25823921896517	215	28	0	0	0	5	17
70	6	3.272785034962	286	25	0	0	0	6	17
70	7	5.23141240957193	198	24	0	0	0	7	17
70	9	0.387773778988048	174	17	0	0	0	8	17
70	9	4.94750468060374	191	24	0	0	0	9	17
70	10	5.4068981774617	159	19	2	0	0	10	17
71	1	4.0863623060286	146	14	1	0	0	1	17
71	2	3.79579023481347	204	18	0	0	0	2	17
71	3	3.80525321466848	200	26	0	0	0	3	17
71	4	3.44715302577242	235	16	0	0	0	4	17
71	5	3.73371110367589	175	18	0	0	0	5	17
71	6	4.72949958755635	252	25	0	0	0	6	17
71	8	2.80451600742526	196	26	0	0	0	7	17
71	10	1.89929225528613	166	13	0	0	0	8	17
71	11	0.569266845472157	166	53	2	0	0	9	17
72	1	3.32699517533183	166	17	1	0	0	1	17
72	2	4.64251966564916	175	20	0	0	0	2	17
72	3	4.50435809860937	245	26	0	0	0	3	17
72	4	4.96982739586383	337	27	0	0	0	4	17
72	2	3.1660837221425	136	31	0	0	0	5	17
72	5	2.48183231498115	310	28	0	0	0	6	17
72	7	2.49666414479725	260	12	2	0	0	7	17
73	1	1.26004505786113	146	23	1	0	0	1	17
73	2	3.20702096796595	176	17	0	0	0	2	17
73	3	2.12781472504139	303	18	0	0	0	3	17
73	4	2.76618262473494	149	20	0	0	0	4	17
73	5	4.31178930425085	162	22	0	0	0	5	17
73	6	3.03362815710716	239	27	0	0	0	6	17
73	8	1.1925111040473	295	28	0	0	0	7	17
73	9	3.12626719404943	167	27	0	0	0	8	17
73	10	5.87872779462487	193	56	2	0	0	9	17
74	1	3.71334274834953	244	23	1	0	0	1	17
74	2	3.4157210867852	494	28	0	0	0	2	17
74	4	6.89640472922474	92	14	0	0	0	3	17
74	4	3.00928784068674	160	25	0	0	0	4	17
74	6	1.95517878164537	203	21	0	0	0	5	17
74	7	3.87759322253987	222	30	0	0	0	6	17
74	8	5.14934767549857	260	26	0	0	0	7	17
74	10	0.556759918574244	226	17	0	0	0	8	17
74	10	4.82898534880951	186	54	2	0	0	9	17
75	1	3.94591951463372	175	15	1	0	0	1	17
75	2	4.47479871055111	222	15	0	0	0	2	17
75	3	3.73066487279721	292	29	0	0	0	3	17
75	4	3.25355896027759	281	25	0	0	0	4	17
75	5	2.30738752707839	234	32	0	0	0	5	17
75	6	1.62221543374471	125	25	0	0	0	6	17
75	8	3.48519153497182	181	35	0	0	0	7	17
75	9	10.2951026340015	31	60	2	0	0	8	17
76	1	2.98638219642453	138	22	1	0	0	1	17
76	2	4.97224452998489	170	19	0	0	0	2	17
76	4	0.422412670450285	328	16	0	0	0	3	17
76	5	0.834411281626672	252	24	0	0	0	4	17
76	6	0.161478062393144	159	18	0	0	0	5	17
76	6	5.45614844770171	195	26	0	0	0	6	17
76	7	1.79542725905776	247	27	0	0	0	7	17
76	8	1.92340776254423	172	21	0	0	0	8	17
76	9	3.50976802478544	110	49	2	0	0	9	17
77	2	1.56617228663526	230	13	1	0	0	1	17
77	2	7.49568102974445	180	14	0	0	0	2	17
77	3	4.40164766879752	185	15	0	0	0	3	17
77	4	3.590769873932	178	23	0	0	0	4	17
77	5	3.46667429758236	407	24	0	0	0	5	17
77	7	4.77422998403199	116	33	2	0	0	6	17
78	1	2.33053430286236	180	19	1	0	0	1	17
78	2	4.31532369134948	266	28	0	0	0	2	17
78	3	3.78491586842574	314	26	0	0	0	3	17
78	4	4.98608206561767	214	18	0	0	0	4	17
78	6	0.28377263317816	161	18	0	0	0	5	17
78	6	5.76142889726907	149	17	0	0	0	6	17
78	8	1.16165164508857	167	30	0	0	0	7	17
78	9	1.34177258517593	83	23	0	0	0	8	17
78	10	3.24645074107684	150	54	2	0	0	9	17
79	2	3.13880153233185	261	19	1	0	0	1	17
79	3	2.57097334926948	173	24	0	0	0	2	17
79	4	3.40604973374866	248	21	0	0	0	3	17
79	6	1.7410741862841	197	17	0	0	0	4	17
79	8	0.36729313316755	178	13	0	0	0	5	17
79	8	4.44324615108781	186	28	0	0	0	6	17
79	9	5.99065250903368	214	27	0	0	0	7	17
79	10	4.91557866381481	198	55	2	0	0	8	17
80	1	2.71871437993832	169	18	1	0	0	1	17
80	2	3.38811919349246	206	20	0	0	0	2	17
80	3	2.5389320992399	250	26	0	0	0	3	17
80	5	0.405817706137896	141	13	0	0	0	4	17
80	4	2.93541015521623	160	25	0	0	0	5	17
80	6	2.3305405608844	256	31	0	0	0	6	17
80	8	1.90901569742709	215	16	0	0	0	7	17
80	8	4.63477851520292	157	24	0	0	0	8	17
80	9	4.6488932762295	284	51	2	0	0	9	17
81	1	2.1369460595306	169	20	1	0	0	1	17
81	2	2.52424890734255	192	32	0	0	0	2	17
81	3	2.11915217107162	255	28	0	0	0	3	17
81	4	3.86660196934827	225	12	0	0	0	4	17
81	5	3.27072839485481	154	26	0	0	0	5	17
81	6	3.98152352403849	211	26	0	0	0	6	17
81	7	3.46876640361734	288	25	0	0	0	7	17
81	8	4.72834408539347	303	26	2	0	0	8	17
82	1	3.5609870145563	169	17	1	0	0	1	17
82	2	4.59397917729802	197	22	0	0	0	2	17
82	3	3.71464493870735	202	14	0	0	0	3	17
82	3	6.30323799001053	184	26	0	0	0	4	17
82	4	4.07496554404497	189	28	0	0	0	5	17
82	6	2.61231432738714	179	20	0	0	0	6	17
82	7	5.83653735462576	190	24	0	0	0	7	17
82	8	1.38356469664723	158	14	0	0	0	8	17
82	8	4.18866419815458	222	25	0	0	0	9	17
82	10	0.161369384732097	319	43	2	0	0	10	17
84	1	3.2638377964031	160	20	1	0	0	1	17
84	3	0.772693548351526	194	18	0	0	0	2	17
84	3	5.36012011975981	193	14	0	0	0	3	17
84	4	3.76077007991262	195	15	0	0	0	4	17
84	5	2.64232965209521	175	32	0	0	0	5	17
84	6	3.67732008569874	218	20	0	0	0	6	17
84	7	3.90766997076571	213	23	0	0	0	7	17
84	8	2.48720022500493	483	13	0	0	0	8	17
84	8	4.51136037707329	182	19	0	0	0	9	17
84	9	3.81402912409976	195	68	2	0	0	10	17
85	1	3.61485910206102	182	19	1	0	0	1	17
85	2	5.30787701206282	226	17	0	0	0	2	17
85	3	2.08297235984355	332	15	0	0	0	3	17
85	3	0.909771772101521	103	20	0	0	0	4	17
85	3	4.54566952213645	110	16	0	0	0	5	17
85	4	3.89681902946904	217	22	0	0	0	6	17
85	6	3.00350661063567	194	13	0	0	0	7	17
85	7	2.84286263282411	237	23	0	0	0	8	17
85	8	2.64658363815397	157	17	0	0	0	9	17
85	9	2.35458864900284	137	59	2	0	0	10	17
86	2	0.141717103077099	198	14	1	0	0	1	17
86	2	3.1537253994029	158	23	0	0	0	2	17
86	3	4.89965881430544	179	19	0	0	0	3	17
86	4	4.14961639232934	297	34	0	0	0	4	17
86	6	0.582673158030957	392	29	0	0	0	5	17
86	7	1.35647810529917	172	14	0	0	0	6	17
86	8	1.8220653408207	216	21	0	0	0	7	17
86	8	5.92791114002466	121	23	0	0	0	8	17
86	9	4.4445976910647	163	49	2	0	0	9	17
88	1	2.98787159635685	170	20	1	0	0	1	17
88	2	4.46026464947499	168	18	0	0	0	2	17
88	3	5.68887810851447	194	26	0	0	0	3	17
88	5	0.800108972471207	304	15	0	0	0	4	17
88	5	5.42429166357033	223	19	0	0	0	5	17
88	6	3.21265585022047	207	19	0	0	0	6	17
88	5	4.11283471155912	240	23	0	0	0	7	17
88	6	7.50838594441302	144	18	0	0	0	8	17
88	7	5.03222663234919	183	25	0	0	0	9	17
88	9	4.34099022601731	302	52	2	0	0	10	17
89	1	3.07561119669117	171	15	1	0	0	1	17
89	2	4.22223084582947	193	20	0	0	0	2	17
89	3	3.17977321660146	194	26	0	0	0	3	17
89	4	3.99027910921723	219	30	0	0	0	4	17
89	6	3.41038730158471	206	18	0	0	0	5	17
89	6	9.73809542506933	174	25	0	0	0	6	17
89	7	4.79695734055713	215	29	0	0	0	7	17
89	8	5.03058919589967	212	58	2	0	0	8	17
90	1	2.42508383677341	163	14	1	0	0	1	17
90	2	2.08812562818639	176	23	0	0	0	2	17
90	3	3.73936005565338	191	22	0	0	0	3	17
90	4	1.51699299341999	286	21	0	0	0	4	17
90	5	4.92270939750597	337	22	0	0	0	5	17
90	6	4.55373770184815	217	22	0	0	0	6	17
90	7	3.04998158034869	205	25	0	0	0	7	17
90	9	1.5846181649249	365	52	2	0	0	8	17
91	1	2.69681862648576	172	16	1	0	0	1	17
91	2	3.42757473071106	166	25	0	0	0	2	17
91	3	1.11688030650839	296	20	0	0	0	3	17
91	2	11.1222413280047	190	20	0	0	0	4	17
91	4	2.43041040352546	192	31	0	0	0	5	17
91	5	5.48581758909859	168	19	0	0	0	6	17
91	7	1.59487235127017	227	27	0	0	0	7	17
91	8	3.29653267445974	403	21	0	0	0	8	17
91	7	8.33720155898482	303	32	0	0	0	9	17
91	8	5.25795571319759	62	28	0	0	0	10	17
91	7	1.03724351199344	327	27	0	0	0	11	17
91	7	6.47100824839436	122	13	0	0	0	12	17
91	7	9.19918325357139	210	32	0	0	0	13	17
91	9	3.00313054956496	198	57	2	0	0	14	17
92	1	3.71459068427794	181	28	1	0	0	1	17
92	2	5.73956142202951	178	18	0	0	0	2	17
92	3	4.25496414885856	172	16	0	0	0	3	17
92	4	3.05423217103817	189	27	0	0	0	4	17
92	5	5.61999221565202	240	28	0	0	0	5	17
92	6	4.99205191805959	156	23	0	0	0	6	17
92	8	1.13005121331662	162	30	0	0	0	7	17
92	9	5.58324598823674	201	24	0	0	0	8	17
92	10	5.29598815785721	162	48	2	0	0	9	17
93	1	1.65457369131036	162	21	1	0	0	1	17
93	2	3.33904922101647	224	22	0	0	0	2	17
93	3	2.16672227298841	278	29	0	0	0	3	17
93	4	3.50974536174908	180	22	0	0	0	4	17
93	5	6.79268169915304	235	28	0	0	0	5	17
93	6	2.86592828249559	240	23	0	0	0	6	17
93	7	2.62772840680555	179	17	0	0	0	7	17
93	7	5.9373678797856	335	31	0	0	0	8	17
93	8	6.74405947886407	272	44	2	0	0	9	17
94	1	2.40845625009388	176	19	1	0	0	1	17
94	2	3.48962452169508	166	17	0	0	0	2	17
94	4	0.761244266293943	256	22	0	0	0	3	17
94	5	3.19804981746711	217	24	0	0	0	4	17
94	6	4.4859191053547	271	28	0	0	0	5	17
94	8	2.98352681193501	233	28	0	0	0	6	17
94	9	6.65503122215159	196	53	2	0	0	7	17
95	2	2.58404382900335	332	18	1	0	0	1	17
95	3	3.23290458950214	313	21	0	0	0	2	17
95	5	1.57088846131228	253	27	0	0	0	3	17
95	6	4.57465533423238	193	17	0	0	0	4	17
95	7	6.89355822093785	108	66	2	0	0	5	17
96	2	2.65245082648471	276	28	1	0	0	1	17
96	4	1.2194526984822	184	22	0	0	0	2	17
96	6	0.0632246693130583	249	29	0	0	0	3	17
96	7	5.07458549994044	207	20	0	0	0	4	17
96	8	2.23335901577957	151	34	0	0	0	5	17
96	9	3.59736052970402	187	15	0	0	0	6	17
96	10	3.40419865562581	233	27	0	0	0	7	17
96	12	2.08382893516682	243	54	2	0	0	8	17
97	1	3.51220966875553	184	16	1	0	0	1	17
97	2	4.21075628069229	172	18	0	0	0	2	17
97	3	3.64066568412818	209	28	0	0	0	3	17
97	4	2.8838906721212	206	26	0	0	0	4	17
97	5	1.8741256238427	218	19	0	0	0	5	17
97	6	2.77493159309961	169	23	0	0	0	6	17
97	8	2.01839575800113	200	21	0	0	0	7	17
97	9	5.48046154156327	153	70	2	0	0	8	17
98	1	2.97382917720824	163	14	1	0	0	1	17
98	2	1.31262461538427	120	24	0	0	0	2	17
98	2	7.9474298437126	256	15	0	0	0	3	17
98	4	1.3436408478301	238	15	0	0	0	4	17
98	4	4.77461555460468	176	23	0	0	0	5	17
98	5	4.12142894929275	229	25	0	0	0	6	17
98	6	4.14672435005195	237	26	0	0	0	7	17
98	8	2.50925060361624	225	22	0	0	0	8	17
98	9	5.72362908511423	199	54	2	0	0	9	17
99	1	2.38490878627636	224	25	1	0	0	1	17
99	2	4.34114102087915	212	24	0	0	0	2	17
99	3	2.33974923263304	181	19	0	0	0	3	17
99	4	3.82331798854284	165	22	0	0	0	4	17
99	5	4.23721440369263	187	15	0	0	0	5	17
99	6	2.78793382365257	178	26	0	0	0	6	17
99	8	2.25384332286194	136	19	2	0	0	7	17
100	1	2.26388228381984	158	18	1	0	0	1	17
100	2	4.53924259520136	192	15	0	0	0	2	17
100	3	3.88621755619533	287	27	0	0	0	3	17
100	5	2.88162596919574	298	35	0	0	0	4	17
100	6	4.63275440991856	220	17	0	0	0	5	17
100	7	1.26516513340175	205	16	0	0	0	6	17
100	8	3.6271957277786	172	28	0	0	0	7	17
100	9	4.91370669868775	137	26	0	0	0	8	17
100	10	3.47279106779024	128	43	2	0	0	9	17
101	1	2.36859353166074	150	27	1	0	0	1	17
101	2	4.72039410215802	192	16	0	0	0	2	17
101	3	1.98729933844879	202	16	0	0	0	3	17
101	3	5.33949507004581	158	20	0	0	0	4	17
101	5	1.18477687402628	191	15	0	0	0	5	17
101	5	5.62849515676498	192	21	0	0	0	6	17
101	6	4.37803888251074	204	27	0	0	0	7	17
101	8	0.590110861696303	295	15	0	0	0	8	17
101	8	5.32326642028056	168	24	0	0	0	9	17
101	10	0.685603114543483	250	48	2	0	0	10	17
102	1	2.93466843571514	26	12	1	0	0	1	17
102	2	2.63872112031095	238	20	0	0	0	2	17
102	3	3.7821601270698	188	14	0	0	0	3	17
102	4	3.17038962244987	181	16	0	0	0	4	17
102	5	3.77021800004877	196	25	0	0	0	5	17
102	6	2.9470876485575	252	26	0	0	0	6	17
102	7	4.97352261189371	305	23	0	0	0	7	17
102	8	3.75675593549386	191	22	0	0	0	8	17
102	9	3.72670815396123	140	59	2	0	0	9	17
103	1	1.91321051539853	161	15	1	0	0	1	17
103	2	3.61362935439683	185	16	0	0	0	2	17
103	3	3.85214917222038	249	21	0	0	0	3	17
103	4	2.35874859732576	378	28	0	0	0	4	17
103	5	3.38842693343759	281	16	0	0	0	5	17
103	7	1.33486990723759	148	25	0	0	0	6	17
103	8	0.633610222255811	114	17	0	0	0	7	17
103	8	4.42394862533547	140	59	2	0	0	8	17
104	1	2.06102769076824	205	21	1	0	0	1	17
104	2	4.16032558213919	241	20	0	0	0	2	17
104	3	0.645112685859203	171	16	0	0	0	3	17
104	4	3.1674528780859	203	32	0	0	0	4	17
104	6	0.406059665605426	223	25	0	0	0	5	17
104	7	3.46961150551215	247	22	0	0	0	6	17
104	8	1.02342741936445	172	37	0	0	0	7	17
104	10	0.61916747642681	180	49	2	0	0	8	17
105	1	2.9331825429108	166	18	1	0	0	1	17
105	2	3.12635129480623	194	17	0	0	0	2	17
105	3	2.2794176726602	213	28	0	0	0	3	17
105	4	3.52565464423969	320	16	0	0	0	4	17
105	5	3.48896186356433	186	14	0	0	0	5	17
105	6	5.41371438838542	161	76	2	0	0	6	17
106	1	3.76478055003099	170	16	1	0	0	1	17
106	2	4.55551597173326	225	19	0	0	0	2	17
106	3	1.39831668720581	251	26	0	0	0	3	17
106	4	2.57874871627428	295	23	0	0	0	4	17
106	5	1.75491557223722	183	24	0	0	0	5	17
106	6	6.01410388294607	233	17	0	0	0	6	17
106	7	3.73948085331358	136	67	2	0	0	7	17
107	1	2.71338085085154	244	26	1	0	0	1	17
107	3	0.323726884787902	235	17	0	0	0	2	17
107	2	4.64361170888878	266	21	0	0	0	3	17
107	3	3.97763338591903	169	19	0	0	0	4	17
107	4	3.55528782214969	223	13	0	0	0	5	17
107	5	3.73373184166849	158	20	0	0	0	6	17
107	6	3.50844057183713	309	27	0	0	0	7	17
107	7	2.04456729255617	262	25	0	0	0	8	17
107	8	4.7841878940817	223	29	0	0	0	9	17
107	10	3.04734088340774	413	26	0	0	0	10	17
107	11	2.82546518440358	337	46	2	0	0	11	17
108	1	2.19657257408835	185	18	1	0	0	1	17
108	2	4.35119875241071	231	18	0	0	0	2	17
108	3	3.02764010708779	209	24	0	0	0	3	17
108	4	2.3668706396129	216	16	0	0	0	4	17
108	4	5.4983897281345	179	23	0	0	0	5	17
108	5	3.06233146763407	219	12	0	0	0	6	17
108	6	2.54888336546719	153	32	0	0	0	7	17
108	9	0.360911704832688	155	18	2	0	0	8	17
109	2	1.73003764380701	221	16	1	0	0	1	17
109	2	6.28263453277759	180	23	0	0	0	2	17
109	3	2.35957747115754	214	24	0	0	0	3	17
109	4	4.94428301253356	178	17	0	0	0	4	17
109	5	4.6269621939864	197	13	0	0	0	5	17
109	6	2.58935843268409	177	26	0	0	0	6	17
109	8	2.56186371482909	572	25	0	0	0	7	17
109	9	5.12342978245579	200	52	2	0	0	8	17
110	1	2.56367223523557	164	26	1	0	0	1	17
110	2	5.70455985656008	131	19	0	0	0	2	17
110	3	3.18855159496889	195	23	0	0	0	3	17
110	5	0.822341788327321	221	28	0	0	0	4	17
110	7	2.06499750516377	313	13	0	0	0	5	17
110	6	3.02889514015988	105	25	0	0	0	6	17
110	8	0.879963354440406	195	16	0	0	0	7	17
110	8	5.22369373543188	166	30	0	0	0	8	17
110	10	3.08663102332503	280	13	0	0	0	9	17
110	10	7.77294179843739	189	24	0	0	0	10	17
110	10	13.2786476756446	318	42	2	0	0	11	17
111	1	3.31056327815168	148	19	1	0	0	1	17
111	2	5.93958572018892	194	19	0	0	0	2	17
111	2	10.9547502140049	308	13	0	0	0	3	17
111	2	15.4715241179802	205	22	0	0	0	4	17
111	3	4.31275182706304	234	20	0	0	0	5	17
111	4	3.64504654728808	240	19	0	0	0	6	17
111	4	1.63812058675103	232	28	0	0	0	7	17
111	5	4.5707859415561	231	19	0	0	0	8	17
111	6	3.54830027208664	167	31	0	0	0	9	17
111	8	0.709716366836801	211	14	0	0	0	10	17
111	8	3.90986602916382	318	25	0	0	0	11	17
111	9	3.93672568514012	389	27	0	0	0	12	17
111	10	4.91215976793319	419	39	2	0	0	13	17
112	1	1.96617106022313	147	22	1	0	0	1	17
112	2	3.97681158594787	189	18	0	0	0	2	17
112	3	1.83957212720998	215	24	0	0	0	3	17
112	4	2.60205609328113	186	18	0	0	0	4	17
112	5	3.92198407789692	197	13	0	0	0	5	17
112	6	2.46138029010035	270	24	0	0	0	6	17
112	7	0.191436738939956	232	22	0	0	0	7	17
112	8	3.62179977120832	445	24	0	0	0	8	17
112	9	5.11155430716462	420	53	2	0	0	9	17
113	1	1.22025636443868	158	18	1	0	0	1	17
113	3	0.928954624105245	240	18	0	0	0	2	17
113	4	1.41802604193799	239	19	0	0	0	3	17
113	5	1.99316534260288	230	19	0	0	0	4	17
113	6	0.986765111098066	120	17	0	0	0	5	17
113	7	2.37539184419438	192	12	0	0	0	6	17
113	7	4.27573075098917	145	68	2	0	0	7	17
114	2	0.79233954497613	209	19	1	0	0	1	17
114	3	1.91258316766471	162	17	0	0	0	2	17
114	3	6.08206435595639	202	16	0	0	0	3	17
114	5	1.7882080313284	231	27	0	0	0	4	17
114	6	5.53856530738994	209	27	0	0	0	5	17
114	7	7.19867406086996	179	17	0	0	0	6	17
114	8	3.8833886240609	221	25	0	0	0	7	17
114	9	3.89127253857441	196	27	0	0	0	8	17
114	11	4.71349034248851	301	45	2	0	0	9	17
