1	1	3.68782610422932	205	16	1	0	0	1	25
1	3	0.938946248032153	120	17	0	0	0	2	25
1	3	6.80361500685103	253	19	0	0	0	3	25
1	4	3.99720940343104	186	17	0	0	0	4	25
1	5	3.2178914246615	144	18	0	0	0	5	25
1	6	5.90539510850795	183	19	0	0	0	6	25
1	8	2.07969003519975	221	16	0	0	0	7	25
1	9	4.29794217087328	278	15	0	0	0	8	25
1	10	3.17152686649933	173	19	0	0	0	9	25
1	11	4.95028295530938	393	44	2	0	0	10	25
2	1	2.39118935167789	160	13	1	0	0	1	25
2	2	2.00303080468439	144	16	0	0	0	2	25
2	3	4.46626246743836	202	18	0	0	0	3	25
2	4	4.17612310731784	173	19	0	0	0	4	25
2	5	3.08259195042774	171	19	0	0	0	5	25
2	7	3.27865321142599	199	16	0	0	0	6	25
2	8	4.71271039545536	214	18	0	0	0	7	25
2	9	5.3762654166203	312	55	2	0	0	8	25
3	1	2.65503184474073	156	14	1	0	0	1	25
3	2	2.75388525868766	118	19	0	0	0	2	25
3	3	5.42026265291497	177	16	0	0	0	3	25
3	4	4.71587180136703	121	16	0	0	0	4	25
3	6	2.8562790218275	193	17	0	0	0	5	25
3	7	3.88408369896933	159	15	0	0	0	6	25
3	8	3.41129333060235	152	20	0	0	0	7	25
3	10	1.65236861840822	229	16	0	0	0	8	25
3	10	7.18580961879343	155	53	2	0	0	9	25
4	1	3.25929713179357	156	16	1	0	0	1	25
4	2	3.71209083218127	148	16	0	0	0	2	25
4	3	2.85325327981263	180	17	0	0	0	3	25
4	4	4.81963353510946	293	17	0	0	0	4	25
4	5	2.31757316575386	157	18	0	0	0	5	25
4	6	4.80204251362011	295	17	0	0	0	6	25
4	8	0.131760260788724	167	17	0	0	0	7	25
4	8	6.05514941201545	525	60	2	0	0	8	25
5	1	4.0605413261801	331	17	1	0	0	1	25
5	2	3.24253183277324	212	16	0	0	0	2	25
5	2	8.97826674161479	107	17	0	0	0	3	25
5	4	1.2472368159797	224	15	0	0	0	4	25
5	4	6.00905454019085	180	18	0	0	0	5	25
5	5	1.68879923899658	284	16	0	0	0	6	25
5	6	1.9755687196739	222	16	0	0	0	7	25
5	7	3.59754619700834	131	60	2	0	0	8	25
6	1	2.33915744232945	171	14	1	0	0	1	25
6	2	1.27207602304406	240	16	0	0	0	2	25
6	3	2.96724803652614	189	16	0	0	0	3	25
6	3	8.09593699453399	110	16	0	0	0	4	25
6	5	0.190703755244613	240	18	0	0	0	5	25
6	6	3.14815241820179	215	21	0	0	0	6	25
6	8	0.265200634486973	176	13	2	0	0	7	25
7	1	2.81638396065682	157	15	1	0	0	1	25
7	2	2.0053936932236	133	17	0	0	0	2	25
7	3	3.31569479289465	253	18	0	0	0	3	25
7	5	2.88317896705121	200	18	0	0	0	4	25
7	6	0.016973105026409	181	18	0	0	0	5	25
7	7	4.03979831747711	400	17	0	0	0	6	25
7	7	10.0223406071309	166	17	0	0	0	7	25
7	9	1.37833996489644	272	16	0	0	0	8	25
7	10	3.35927806608379	209	55	2	0	0	9	25
8	1	3.01260783197358	248	17	1	0	0	1	25
8	3	4.06625356245786	238	18	0	0	0	2	25
8	4	5.10248007881455	177	12	0	0	0	3	25
8	4	4.68024237570353	225	15	0	0	0	4	25
8	5	2.06818685447797	154	17	0	0	0	5	25
8	7	3.34876704728231	143	19	0	0	0	6	25
8	9	1.47915996983647	191	21	0	0	0	7	25
8	11	0.0545513879042119	200	58	2	0	0	8	25
9	1	3.0789416024927	253	17	1	0	0	1	25
9	2	4.11552185425535	158	16	0	0	0	2	25
9	3	3.95005481713451	139	16	0	0	0	3	25
9	4	2.15382192167453	121	17	0	0	0	4	25
9	5	2.48886252148077	186	17	0	0	0	5	25
9	6	5.44205076224171	176	17	0	0	0	6	25
9	7	4.4068645122461	240	70	2	0	0	7	25
10	1	2.61893855594099	159	16	1	0	0	1	25
10	3	0.693304868414998	147	16	0	0	0	2	25
10	3	7.13452999526635	115	18	0	0	0	3	25
10	5	1.965030700434	297	17	0	0	0	4	25
10	4	1.12665739678778	177	19	0	0	0	5	25
10	6	0.0733243003487587	187	19	0	0	0	6	25
10	7	4.80775652476586	197	17	0	0	0	7	25
10	8	3.36240631504916	185	18	0	0	0	8	25
10	10	1.74464387097396	214	52	2	0	0	9	25
11	1	3.22308431495912	152	15	1	0	0	1	25
11	2	3.32405509287491	197	16	0	0	0	2	25
11	2	8.4872462854255	80	32	0	0	0	3	25
11	3	3.37962733837776	186	16	0	0	0	4	25
11	4	2.31026747240685	198	15	0	0	0	5	25
11	5	3.05011036712676	263	17	0	0	0	6	25
11	6	2.61289144516923	129	18	0	0	0	7	25
11	7	4.9207110281568	144	13	0	0	0	8	25
11	7	1.37758976570331	101	18	0	0	0	9	25
11	6	2.0680215114262	134	19	0	0	0	10	25
11	5	1.00365923391655	248	17	0	0	0	11	25
11	6	3.29600790026598	178	18	0	0	0	12	25
11	7	4.66740064066835	191	17	0	0	0	13	25
11	8	7.84147959272377	176	16	0	0	0	14	25
11	9	4.52739467239007	209	52	2	0	0	15	25
12	1	2.28604139294475	151	16	1	0	0	1	25
12	2	0.883164707105607	130	16	0	0	0	2	25
12	3	2.2542801995296	209	15	0	0	0	3	25
12	4	2.74684302555397	211	16	0	0	0	4	25
12	5	2.74506818666123	175	16	0	0	0	5	25
12	6	2.70676782075316	206	16	0	0	0	6	25
12	8	0.695132509339601	296	75	2	0	0	7	25
13	1	2.69759973278269	153	14	1	0	0	1	25
13	2	1.00484804017469	127	18	0	0	0	2	25
13	3	6.49014885164797	239	17	0	0	0	3	25
13	4	4.86037103575654	232	17	0	0	0	4	25
13	5	5.15271390136331	168	16	0	0	0	5	25
13	7	2.1773694686126	215	18	0	0	0	6	25
13	8	2.78888559434563	364	67	2	0	0	7	25
14	1	5.27276925463229	191	14	1	0	0	1	25
14	1	3.36085969652049	97	17	0	0	0	2	25
14	2	2.10477496008389	160	17	0	0	0	3	25
14	2	9.68836141680367	154	14	0	0	0	4	25
14	4	1.42095539951697	189	15	0	0	0	5	25
14	5	3.13418150460348	226	21	0	0	0	6	25
14	6	5.03786431904882	327	18	0	0	0	7	25
14	8	3.21434713620692	163	50	2	0	0	8	25
15	1	2.91495393030345	154	16	1	0	0	1	25
15	2	2.59087834344245	116	17	0	0	0	2	25
15	3	6.86328334896825	159	13	0	0	0	3	25
15	3	4.37773456587456	209	17	0	0	0	4	25
15	4	4.62930696667172	122	16	0	0	0	5	25
15	5	5.64795489958487	180	18	0	0	0	6	25
15	7	1.45350278704427	199	21	0	0	0	7	25
15	8	1.28886836743914	200	20	0	0	0	8	25
15	9	3.9441192583181	419	61	2	0	0	9	25
16	1	2.25163196376525	151	17	1	0	0	1	25
16	2	2.40881624212489	196	18	0	0	0	2	25
16	2	9.8103086152114	150	16	0	0	0	3	25
16	3	4.56629512202926	142	14	0	0	0	4	25
16	4	4.56264304695651	195	17	0	0	0	5	25
16	5	2.81934999767691	202	16	0	0	0	6	25
16	6	5.36057037534192	169	63	2	0	0	7	25
17	1	3.93573758332059	209	17	1	0	0	1	25
17	2	5.52733085304499	151	17	0	0	0	2	25
17	3	4.61855493695475	250	15	0	0	0	3	25
17	4	1.06942965299822	216	16	0	0	0	4	25
17	5	0.955965877510607	141	17	0	0	0	5	25
17	6	2.77369906939566	148	16	0	0	0	6	25
17	8	0.899052194086835	154	16	0	0	0	7	25
17	8	5.21660162811168	313	62	2	0	0	8	25
18	1	1.27582755172625	156	15	1	0	0	1	25
18	2	2.81572866649367	182	17	0	0	0	2	25
18	3	4.3579226185102	230	17	0	0	0	3	25
18	4	4.97457726043649	103	16	0	0	0	4	25
18	5	4.1300629703328	244	16	0	0	0	5	25
18	6	3.13839515275322	159	19	0	0	0	6	25
18	8	0.589412690605968	222	19	0	0	0	7	25
18	10	0.40585511457175	355	64	2	0	0	8	25
19	1	2.83259618701413	153	15	1	0	0	1	25
19	2	2.94157738354988	157	18	0	0	0	2	25
19	3	2.55238620471209	176	17	0	0	0	3	25
19	4	2.39640053082258	191	16	0	0	0	4	25
19	5	4.06156737077981	221	20	0	0	0	5	25
19	7	0.532603708328679	115	16	0	0	0	6	25
19	8	5.45700358180329	237	30	0	0	0	7	25
19	11	1.27424851455726	268	14	0	0	0	8	25
19	11	4.41836371738464	65	17	0	0	0	9	25
19	11	10.1497144657187	275	44	2	0	0	10	25
20	1	1.49205675185658	158	16	1	0	0	1	25
20	2	2.84896569070406	231	14	0	0	0	2	25
20	2	7.96873619058169	115	18	0	0	0	3	25
20	3	3.08943979279138	187	17	0	0	0	4	25
20	4	5.99158630729653	205	18	0	0	0	5	25
20	5	3.75942070921883	152	15	0	0	0	6	25
20	6	4.91719460068271	184	16	0	0	0	7	25
20	7	4.47038291930221	158	24	0	0	0	8	25
20	9	2.79865632485598	240	49	2	0	0	9	25
21	1	2.53818968660198	227	17	1	0	0	1	25
21	2	4.05435515311547	152	18	0	0	0	2	25
21	3	2.02020946983248	237	18	0	0	0	3	25
21	5	1.26519033499062	313	17	0	0	0	4	25
21	6	1.28908350551501	200	20	0	0	0	5	25
21	7	2.90691308514215	219	18	0	0	0	6	25
21	9	1.84634205349721	181	15	0	0	0	7	25
21	9	5.17458425881341	123	58	2	0	0	8	25
22	1	2.046447097091	155	15	1	0	0	1	25
22	2	1.43895389395766	148	15	0	0	0	2	25
22	3	1.16941783996299	217	17	0	0	0	3	25
22	4	0.865969648584723	213	17	0	0	0	4	25
22	5	0.0884253939148039	192	14	0	0	0	5	25
22	5	3.66207449161448	306	13	0	0	0	6	25
22	5	6.35040633170865	27	24	0	0	0	7	25
22	4	3.331968923565	253	17	0	0	0	8	25
22	5	4.18368324590847	207	18	0	0	0	9	25
22	6	3.02511341078207	304	67	2	0	0	10	25
23	1	3.24508564034477	157	14	1	0	0	1	25
23	2	3.08302416373044	181	16	0	0	0	2	25
23	3	4.79609405924566	211	17	0	0	0	3	25
23	4	3.65718695521355	315	17	0	0	0	4	25
23	5	4.74133609887213	168	17	0	0	0	5	25
23	6	4.88141735875979	346	72	2	0	0	6	25
24	2	0.747403132729232	232	16	1	0	0	1	25
24	2	3.35517124622129	147	17	0	0	0	2	25
24	3	4.94733688654378	200	16	0	0	0	3	25
24	5	0.623400582699105	163	15	0	0	0	4	25
24	5	5.55136395804584	240	20	0	0	0	5	25
24	7	1.34138269280083	248	21	0	0	0	6	25
24	9	0.451515438966453	114	20	0	0	0	7	25
24	10	3.1521281839814	113	55	2	0	0	8	25
25	1	2.56890977383591	156	15	1	0	0	1	25
25	2	3.48592369677499	217	18	0	0	0	2	25
25	3	4.50747188460082	151	13	0	0	0	3	25
25	4	3.49899410712533	242	16	0	0	0	4	25
25	3	4.82951698591933	175	16	0	0	0	5	25
25	4	5.3188713232521	227	18	0	0	0	6	25
25	5	3.18116296525113	196	17	0	0	0	7	25
25	7	5.09998574806377	164	18	0	0	0	8	25
25	8	7.9591812021099	272	61	2	0	0	9	25
26	1	2.85257537546568	141	15	1	0	0	1	25
26	2	1.87955061532557	163	17	0	0	0	2	25
26	3	1.04287071269937	183	17	0	0	0	3	25
26	4	3.81525786616839	161	19	0	0	0	4	25
26	6	1.86480502644554	340	19	0	0	0	5	25
26	7	2.44754692795686	228	81	2	0	0	6	25
27	1	2.65561280096881	177	13	1	0	0	1	25
27	2	1.3779535444919	129	16	0	0	0	2	25
27	2	8.53995208768174	151	18	0	0	0	3	25
27	3	5.91175995231606	158	16	0	0	0	4	25
27	4	5.13313815556467	209	26	0	0	0	5	25
27	6	0.147754102945328	186	14	0	0	0	6	25
27	6	5.41171714151278	237	18	0	0	0	7	25
27	7	4.11646386329085	530	61	2	0	0	8	25
28	1	2.70099015557207	158	15	1	0	0	1	25
28	2	3.88220081059262	167	18	0	0	0	2	25
28	3	4.81519048172049	218	15	0	0	0	3	25
28	4	4.11000631912611	368	17	0	0	0	4	25
28	5	2.95579482777975	117	18	0	0	0	5	25
28	7	1.28541668667458	174	17	0	0	0	6	25
28	7	7.8619548198767	146	18	0	0	0	7	25
28	10	1.402929503005	174	18	0	0	0	8	25
28	10	11.6780611572322	179	56	2	0	0	9	25
29	1	1.7366208769381	178	19	1	0	0	1	25
29	2	3.95003146119416	154	18	0	0	0	2	25
29	3	3.88570216856897	167	14	0	0	0	3	25
29	5	0.229082071920857	200	16	0	0	0	4	25
29	5	6.53788773901761	149	18	0	0	0	5	25
29	6	4.67073340411298	320	16	0	0	0	6	25
29	7	4.27975658350624	262	16	0	0	0	7	25
29	7	8.36826966237277	422	65	2	0	0	8	25
30	1	2.11467726109549	166	19	1	0	0	1	25
30	2	4.04560689022765	215	17	0	0	0	2	25
30	3	3.11970954737626	194	15	0	0	0	3	25
30	4	2.48348574060947	190	21	0	0	0	4	25
30	6	0.462706505088136	279	75	2	0	0	5	25
31	2	1.76710710208863	302	16	1	0	0	1	25
31	3	3.01473645470105	312	19	0	0	0	2	25
31	4	3.15215190104209	146	16	0	0	0	3	25
31	5	3.00008594593965	248	18	0	0	0	4	25
31	6	4.82648940221407	112	20	0	0	0	5	25
31	8	2.62232551653869	210	17	0	0	0	6	25
31	9	3.38229479989968	135	62	2	0	0	7	25
33	1	2.48651028075255	162	12	1	0	0	1	25
33	2	0.207767371553928	113	14	0	0	0	2	25
33	3	1.53162139002234	187	16	0	0	0	3	25
33	3	5.65345546673052	132	15	0	0	0	4	25
33	4	5.61221565841697	174	18	0	0	0	5	25
33	6	2.75665230420418	209	17	0	0	0	6	25
33	6	9.3020254811272	174	18	0	0	0	7	25
33	7	6.01714499481022	173	74	2	0	0	8	25
34	1	3.50931575172581	183	15	1	0	0	1	25
34	2	3.34159742179327	205	16	0	0	0	2	25
34	3	3.10365752922371	143	18	0	0	0	3	25
34	5	0.421918801032007	417	15	0	0	0	4	25
34	5	4.39070535846986	110	22	0	0	0	5	25
34	7	4.08916450082324	242	22	0	0	0	6	25
34	8	5.69535909686238	203	61	2	0	0	7	25
35	1	3.08332606335171	250	16	1	0	0	1	25
35	2	4.63431581133045	220	16	0	0	0	2	25
35	3	3.86896827886812	219	19	0	0	0	3	25
35	4	4.64536112826318	277	13	0	0	0	4	25
35	4	7.77260153763928	95	16	0	0	0	5	25
35	5	3.19165523839183	197	69	2	0	0	6	25
36	1	2.16157794976607	252	17	1	0	0	1	25
36	2	5.58266537357122	173	15	0	0	0	2	25
36	3	4.50030689919367	227	16	0	0	0	3	25
36	4	4.93638845183887	176	17	0	0	0	4	25
36	5	4.88758115191013	147	21	0	0	0	5	25
36	6	3.94732263847254	236	16	0	0	0	6	25
36	7	2.01391639350913	321	71	2	0	0	7	25
37	1	2.30026954994537	146	13	1	0	0	1	25
37	2	2.64127825270407	189	18	0	0	0	2	25
37	3	4.60448480281048	192	15	0	0	0	3	25
37	4	4.86189054790884	280	17	0	0	0	4	25
37	3	5.59194698277861	88	16	0	0	0	5	25
37	3	1.81326454901136	156	15	0	0	0	6	25
37	2	3.94158592494205	221	16	0	0	0	7	25
37	3	5.9151223259978	108	29	0	0	0	8	25
37	4	5.2456363546662	192	16	0	0	0	9	25
37	6	0.810271434485912	167	15	0	0	0	10	25
37	6	6.58870274224319	173	15	0	0	0	11	25
37	7	4.89988026046194	400	15	0	0	0	12	25
37	8	3.85336543084122	191	64	2	0	0	13	25
38	1	2.19989110599272	160	14	1	0	0	1	25
38	2	1.8144593173638	138	16	0	0	0	2	25
38	3	2.18110417295247	184	18	0	0	0	3	25
38	4	1.23516477667727	197	16	0	0	0	4	25
38	5	2.77917097066529	214	18	0	0	0	5	25
38	6	3.74245477328077	134	18	0	0	0	6	25
38	8	2.96691255015321	187	16	0	0	0	7	25
38	9	4.87506273714826	194	19	0	0	0	8	25
38	9	11.7575432506856	103	59	2	0	0	9	25
39	1	2.75704886042513	169	16	1	0	0	1	25
39	2	4.04214675584808	191	18	0	0	0	2	25
39	3	2.05240621580742	261	16	0	0	0	3	25
39	4	3.05351809156127	207	18	0	0	0	4	25
39	5	5.18572437250987	318	16	0	0	0	5	25
39	6	3.61994661600329	251	16	0	0	0	6	25
39	7	4.56722927419469	246	18	0	0	0	7	25
39	9	3.97486438415945	267	67	2	0	0	8	25
40	1	3.86185465543531	284	18	1	0	0	1	25
40	3	1.50335618224926	179	17	0	0	0	2	25
40	4	3.05023389449343	220	24	0	0	0	3	25
40	3	0.0755484981928021	185	13	0	0	0	4	25
40	2	2.53779076295905	166	16	0	0	0	5	25
40	3	4.30545157846063	134	19	0	0	0	6	25
40	5	1.86608020402491	233	18	0	0	0	7	25
40	6	3.51264509465545	322	17	0	0	0	8	25
40	7	3.30597567302175	138	16	0	0	0	9	25
40	9	2.23410997586325	211	19	0	0	0	10	25
40	11	0.271771640051156	188	54	2	0	0	11	25
41	1	3.87792966351844	152	14	1	0	0	1	25
41	2	2.38320690509863	155	16	0	0	0	2	25
41	2	8.86791990022175	129	19	0	0	0	3	25
41	3	3.69326632446609	202	20	0	0	0	4	25
41	4	2.49829804268666	201	15	0	0	0	5	25
41	5	2.13516433537006	157	16	0	0	0	6	25
41	6	4.16573455394246	195	20	0	0	0	7	25
41	7	4.25021380907856	376	17	0	0	0	8	25
41	8	4.93310626875609	455	59	2	0	0	9	25
42	2	0.292509604943916	206	16	1	0	0	1	25
42	3	0.476826626574621	156	17	0	0	0	2	25
42	4	1.43206821614876	146	19	0	0	0	3	25
42	6	0.220093490323052	197	12	0	0	0	4	25
42	6	2.68096673069522	93	17	0	0	0	5	25
42	8	1.93599206139334	165	16	0	0	0	6	25
42	8	6.99255028367043	228	19	0	0	0	7	25
42	9	4.57231098646298	586	53	2	0	0	8	25
43	1	2.77440724242479	157	15	1	0	0	1	25
43	2	3.50806252588518	170	17	0	0	0	2	25
43	3	5.27965175011195	164	14	0	0	0	3	25
43	4	3.06293270550668	197	21	0	0	0	4	25
43	5	3.44004797656089	239	18	0	0	0	5	25
43	7	0.5729212872684	189	18	0	0	0	6	25
43	8	4.47597856377251	153	66	2	0	0	7	25
44	1	2.41716435109265	148	15	1	0	0	1	25
44	2	3.4755834476091	162	17	0	0	0	2	25
44	3	3.16850795666687	240	15	0	0	0	3	25
44	4	2.35963504738174	304	18	0	0	0	4	25
44	6	1.93601681734435	206	18	0	0	0	5	25
44	6	10.1322155175731	87	18	0	0	0	6	25
44	7	6.35007244674489	215	18	0	0	0	7	25
44	9	1.2342031027656	267	54	0	0	0	8	25
44	10	6.81156090763398	238	26	2	0	0	9	25
45	1	6.57421110407449	371	17	1	0	0	1	25
45	2	2.97670753067359	237	16	0	0	0	2	25
45	3	2.96170762064867	155	16	0	0	0	3	25
45	5	0.688268608879298	220	15	0	0	0	4	25
45	5	4.92555007059127	161	22	0	0	0	5	25
45	7	0.217577141011134	198	17	2	0	0	6	25
46	1	3.53120727860369	280	17	1	0	0	1	25
46	3	0.667008477495983	152	16	0	0	0	2	25
46	3	5.14942232309841	179	19	0	0	0	3	25
46	4	4.46425183443353	126	25	0	0	0	4	25
46	4	5.89256806438789	161	14	0	0	0	5	25
46	5	3.87116511305794	198	18	0	0	0	6	25
46	6	4.38642255053855	166	15	0	0	0	7	25
46	7	5.24243324622512	276	18	2	0	0	8	25
47	1	2.66373991034925	163	13	1	0	0	1	25
47	2	1.22629510285333	190	15	0	0	0	2	25
47	2	5.14444244117476	152	24	0	0	0	3	25
47	1	3.92730662389658	276	16	0	0	0	4	25
47	2	5.74413315323181	147	18	0	0	0	5	25
47	3	4.82601752039045	158	16	0	0	0	6	25
47	4	3.27156098070554	166	16	0	0	0	7	25
47	4	0.371908460045233	247	16	0	0	0	8	25
47	5	2.54618210764602	216	17	0	0	0	9	25
47	6	4.02153564477339	257	22	0	0	0	10	25
47	8	0.223898211261258	164	15	0	0	0	11	25
47	8	5.69352097110823	176	16	0	0	0	12	25
47	9	4.03439137828536	98	50	2	0	0	13	25
48	1	2.76730541186407	169	14	1	0	0	1	25
48	2	3.68891585175879	175	16	0	0	0	2	25
48	3	4.98563909344375	204	18	0	0	0	3	25
48	4	4.50496752234176	136	29	0	0	0	4	25
48	5	4.4330663762521	205	19	0	0	0	5	25
48	7	0.966211656806991	326	17	0	0	0	6	25
48	8	3.36728141899221	261	13	0	0	0	7	25
48	8	6.19501140830107	142	65	2	0	0	8	25
49	1	4.02968662278727	284	16	1	0	0	1	25
49	2	6.62604821682908	168	12	0	0	0	2	25
49	2	4.80465802690014	253	18	0	0	0	3	25
49	3	3.86946031311527	138	18	0	0	0	4	25
49	4	5.3334357815329	317	19	0	0	0	5	25
49	5	3.0428998847492	220	19	0	0	0	6	25
49	7	0.928443748969585	204	22	0	0	0	7	25
49	8	5.8648928438779	281	18	2	0	0	8	25
50	1	3.58311222190969	153	15	1	0	0	1	25
50	2	3.43610639427789	294	17	0	0	0	2	25
50	3	2.30980285955593	256	15	0	0	0	3	25
50	4	2.69539078068919	178	17	0	0	0	4	25
50	5	3.99232051172294	138	17	0	0	0	5	25
50	7	3.77344329282641	236	21	0	0	0	6	25
50	8	3.28436922677793	204	18	0	0	0	7	25
50	9	5.77485026721843	154	64	2	0	0	8	25
51	1	2.09894958371297	168	18	1	0	0	1	25
51	2	1.79147337842733	136	17	0	0	0	2	25
51	3	3.30510207219049	217	19	0	0	0	3	25
51	4	1.6497959010303	220	25	0	0	0	4	25
51	5	6.09313104883768	86	16	0	0	0	5	25
51	7	0.49211134808138	213	17	0	0	0	6	25
51	8	4.12716915248893	205	21	0	0	0	7	25
51	9	5.91456007747911	139	16	0	0	0	8	25
51	10	4.56784731615335	874	42	2	0	0	9	25
52	1	2.18416600325145	199	14	1	0	0	1	25
52	2	3.41124830278568	197	17	0	0	0	2	25
52	3	4.62427034787834	184	15	0	0	0	3	25
52	4	4.91551881679334	416	14	0	0	0	4	25
52	5	3.08967666514218	214	16	0	0	0	5	25
52	6	5.33608796121553	142	57	0	0	0	6	25
52	6	10.5466277485248	114	30	2	0	0	7	25
53	1	2.77958299219608	156	14	1	0	0	1	25
53	2	1.24428634601645	129	17	0	0	0	2	25
53	3	1.96836755494587	252	15	0	0	0	3	25
53	3	6.64556943578646	194	16	0	0	0	4	25
53	4	2.01835794677027	122	17	0	0	0	5	25
53	5	5.02253729128279	231	13	0	0	0	6	25
53	5	3.90092684095725	166	18	0	0	0	7	25
53	5	10.5046363496222	136	16	0	0	0	8	25
53	6	4.94277743832208	176	16	0	0	0	9	25
53	8	3.43858959246427	191	17	0	0	0	10	25
53	9	3.58756546373479	146	52	2	0	0	11	25
54	1	2.88917013979517	183	15	1	0	0	1	25
54	2	2.66783840348944	148	16	0	0	0	2	25
54	3	2.19660602672957	208	17	0	0	0	3	25
54	4	2.21315377461724	218	17	0	0	0	4	25
54	6	0.980246268445626	182	15	0	0	0	5	25
54	6	5.73129691858776	171	18	0	0	0	6	25
54	7	6.15209641400725	144	17	0	0	0	7	25
54	8	5.58461777749471	521	66	2	0	0	8	25
56	1	1.79794959677383	152	15	1	0	0	1	25
56	2	0.102436675457284	174	16	0	0	0	2	25
56	2	5.18316759704612	142	16	0	0	0	3	25
56	4	0.320238792570308	268	18	0	0	0	4	25
56	5	2.46021155733615	280	16	0	0	0	5	25
56	6	4.64090287359431	535	71	2	0	0	6	25
57	1	2.80009143031202	144	16	1	0	0	1	25
57	2	3.97788124112412	149	17	0	0	0	2	25
57	3	3.30883827665821	156	16	0	0	0	3	25
57	4	2.43861409043893	197	17	0	0	0	4	25
57	5	4.44204008788802	121	16	0	0	0	5	25
57	7	3.36071400856599	466	72	2	0	0	6	25
58	1	3.63975297822617	283	17	1	0	0	1	25
58	3	0.00796047295443714	209	17	0	0	0	2	25
58	4	0.585590810049325	220	16	0	0	0	3	25
58	5	0.752816244959831	184	16	0	0	0	4	25
58	6	2.16555279539898	197	22	0	0	0	5	25
58	8	0.593315065605566	251	15	0	0	0	6	25
58	9	3.75604370725341	191	28	0	0	0	7	25
58	10	3.01821325719357	496	61	2	0	0	8	25
59	1	2.56772364978679	140	14	1	0	0	1	25
59	2	3.8454663513694	193	16	0	0	0	2	25
59	3	2.7378855261486	207	18	0	0	0	3	25
59	4	1.61326748598367	108	17	0	0	0	4	25
59	5	4.0794190610759	137	17	0	0	0	5	25
59	6	4.62383172800764	181	16	0	0	0	6	25
59	8	0.337833056692034	243	17	0	0	0	7	25
59	9	3.34126955876127	395	62	2	0	0	8	25
60	1	1.01930575771257	153	15	1	0	0	1	25
60	2	3.65975766489282	170	17	0	0	0	2	25
60	4	1.23514519282617	164	17	0	0	0	3	25
60	5	3.31295074359514	175	17	0	0	0	4	25
60	7	1.312215231359	189	15	0	0	0	5	25
60	7	7.37353339698166	171	18	0	0	0	6	25
60	9	0.849550606450066	165	15	0	0	0	7	25
60	9	5.76015856629238	281	21	0	0	0	8	25
60	9	15.5675136528444	143	54	2	0	0	9	25
61	1	3.89919918682426	146	12	1	0	0	1	25
61	2	0.96273454441689	131	17	0	0	0	2	25
61	2	7.77135566272773	156	14	0	0	0	3	25
61	3	4.42406342737377	232	16	0	0	0	4	25
61	4	4.04541023541242	261	20	0	0	0	5	25
61	6	0.506088370457292	182	15	0	0	0	6	25
61	6	4.40545031661168	147	17	0	0	0	7	25
61	7	4.27739663189277	84	61	2	0	0	8	25
62	1	3.64947978570126	172	14	1	0	0	1	25
62	2	1.41982856532559	151	16	0	0	0	2	25
62	3	2.62321772123687	187	17	0	0	0	3	25
62	4	2.64698333386332	162	17	0	0	0	4	25
62	3	5.34972131601535	64	18	0	0	0	5	25
62	4	6.41463301423937	141	18	0	0	0	6	25
62	6	2.65679527889006	371	19	0	0	0	7	25
62	7	0.993550388840958	200	20	0	0	0	8	25
62	8	4.53955611074343	595	59	2	0	0	9	25
63	1	2.93441475788131	160	14	1	0	0	1	25
63	2	2.98745388654061	127	19	0	0	0	2	25
63	3	1.5465548071079	194	18	0	0	0	3	25
63	4	3.61017718701623	192	18	0	0	0	4	25
63	5	4.78885982348584	144	18	0	0	0	5	25
63	7	2.75850704708137	186	16	0	0	0	6	25
63	8	4.31518775247969	215	66	2	0	0	7	25
64	1	2.92520461906679	158	13	1	0	0	1	25
64	2	0.735632402589545	145	15	0	0	0	2	25
64	2	5.73844674159773	151	16	0	0	0	3	25
64	3	3.53996392642148	214	15	0	0	0	4	25
64	4	2.73869428108446	283	18	0	0	0	5	25
64	5	1.47056685714051	180	19	0	0	0	6	25
64	7	3.8878110810183	310	21	0	0	0	7	25
64	8	4.56635736254975	189	37	2	0	0	8	25
65	1	3.10357688600197	157	15	1	0	0	1	25
65	2	1.08519901055843	178	16	0	0	0	2	25
65	3	3.02977290400304	285	14	0	0	0	3	25
65	3	7.27937288582325	161	16	0	0	0	4	25
65	4	4.66087973699905	170	16	0	0	0	5	25
65	5	4.86534091015346	269	14	0	0	0	6	25
65	6	2.32717953296378	185	16	0	0	0	7	25
65	7	4.06336632859893	154	16	0	0	0	8	25
65	9	1.21090228320099	205	19	0	0	0	9	25
65	10	5.06951626366936	244	20	0	0	0	10	25
65	11	5.99160834867507	332	47	2	0	0	11	25
66	1	3.42449990916066	273	16	1	0	0	1	25
66	3	1.72247868776321	206	19	0	0	0	2	25
66	4	4.36234719655477	263	17	0	0	0	3	25
66	5	0.284526372328401	159	18	0	0	0	4	25
66	6	3.13256010576151	275	17	0	0	0	5	25
66	7	0.448553319321945	183	15	0	0	0	6	25
66	7	4.99294171971269	180	18	0	0	0	7	25
66	9	2.79594784229994	216	21	0	0	0	8	25
66	10	4.94799798494205	354	22	0	0	0	9	25
66	11	3.21117565804161	434	46	2	0	0	10	25
67	1	3.02253006258979	219	15	1	0	0	1	25
67	2	3.52179269073531	145	17	0	0	0	2	25
67	3	3.04882322833873	142	17	0	0	0	3	25
67	4	4.51151841692626	238	17	0	0	0	4	25
67	4	10.9015110204928	132	17	0	0	0	5	25
67	6	1.98198279109783	179	18	0	0	0	6	25
67	7	2.70789768500254	418	49	2	0	0	7	25
68	1	2.6831586456392	150	16	1	0	0	1	25
68	2	2.15642782254145	141	18	0	0	0	2	25
68	3	2.81808645231649	205	19	0	0	0	3	25
68	5	1.38812963012606	281	19	0	0	0	4	25
68	6	5.33720455644652	143	15	0	0	0	5	25
68	7	5.17128632590175	172	21	0	0	0	6	25
68	8	1.41276061814278	154	64	2	0	0	7	25
69	1	3.26318184984848	159	14	1	0	0	1	25
69	2	1.99726725695655	178	16	0	0	0	2	25
69	2	7.42980312486179	140	15	0	0	0	3	25
69	3	4.1686014556326	238	19	0	0	0	4	25
69	4	3.12861001468264	283	15	0	0	0	5	25
69	5	2.63872929150239	238	17	0	0	0	6	25
69	6	2.08830762188882	171	15	0	0	0	7	25
69	7	3.37933655804954	252	16	2	0	0	8	25
70	1	4.06813939823769	319	17	1	0	0	1	25
70	3	0.825621132971719	148	13	0	0	0	2	25
70	3	4.51009626314044	150	18	0	0	0	3	25
70	5	1.820248038508	171	15	0	0	0	4	25
70	5	8.21806149440818	168	16	0	0	0	5	25
70	6	4.98475567763671	166	18	0	0	0	6	25
70	7	5.00602671550587	178	18	0	0	0	7	25
70	9	2.66382622322999	231	19	0	0	0	8	25
70	10	4.40430792584084	181	51	2	0	0	9	25
71	1	3.79776040627621	167	13	1	0	0	1	25
71	2	1.39057814911939	117	18	0	0	0	2	25
71	3	3.66223339503631	246	17	0	0	0	3	25
71	4	3.31133556202985	267	17	0	0	0	4	25
71	6	0.383931325282902	165	16	0	0	0	5	25
71	7	2.2346841157414	157	18	0	0	0	6	25
71	8	5.50554790231399	195	18	0	0	0	7	25
71	10	2.69893266796134	186	17	0	0	0	8	25
71	11	4.41218116576783	210	48	2	0	0	9	25
72	1	3.20174193824641	166	17	1	0	0	1	25
72	2	2.77700165379792	191	17	0	0	0	2	25
72	3	3.67739851586521	205	19	0	0	0	3	25
72	4	2.69966920581646	250	20	0	0	0	4	25
72	6	2.80108967749402	234	14	0	0	0	5	25
72	6	6.90121408738196	128	17	0	0	0	6	25
72	7	5.62965800589882	684	65	2	0	0	7	25
73	1	3.16512031666934	145	15	1	0	0	1	25
73	2	2.91671639378183	190	16	0	0	0	2	25
73	2	5.88756754971109	134	15	0	0	0	3	25
73	3	3.94221114995889	173	18	0	0	0	4	25
73	5	1.9848527982831	152	16	0	0	0	5	25
73	5	5.8052582507953	264	18	0	0	0	6	25
73	6	5.39916719053872	184	17	0	0	0	7	25
73	8	0.973955132067204	176	20	0	0	0	8	25
73	9	3.86161033669487	214	20	0	0	0	9	25
73	10	5.86146924458444	612	54	2	0	0	10	25
74	1	3.42500277701765	301	16	1	0	0	1	25
74	2	4.6129526719451	206	16	0	0	0	2	25
74	3	3.93308645347133	163	16	0	0	0	3	25
74	4	2.18221221771091	216	17	0	0	0	4	25
74	5	1.32983249146491	206	18	0	0	0	5	25
74	6	3.07282803626731	151	17	0	0	0	6	25
74	7	6.75122668081895	262	16	0	0	0	7	25
74	8	3.61680850689299	186	20	0	0	0	8	25
74	9	2.21425563073717	200	16	0	0	0	9	25
74	10	5.87342187250033	324	54	2	0	0	10	25
75	1	2.62635616003536	161	17	1	0	0	1	25
75	2	2.32150278310291	272	17	0	0	0	2	25
75	3	2.38364062039182	291	19	0	0	0	3	25
75	4	2.61636668629944	190	18	0	0	0	4	25
75	5	2.17368162702769	294	20	0	0	0	5	25
75	6	3.50399981462397	140	17	0	0	0	6	25
75	8	2.58331178082153	174	16	0	0	0	7	25
75	9	4.33586202166043	276	58	2	0	0	8	25
76	1	1.93406435730867	145	15	1	0	0	1	25
76	2	4.40870502823964	177	15	0	0	0	2	25
76	3	3.66457169759087	187	16	0	0	0	3	25
76	4	4.36263361549936	190	17	0	0	0	4	25
76	5	5.33926973911002	136	16	0	0	0	5	25
76	6	5.19176916661672	185	19	0	0	0	6	25
76	7	1.51398783479817	253	17	0	0	0	7	25
76	8	0.680101724341512	208	17	0	0	0	8	25
76	9	3.47854882408865	148	57	2	0	0	9	25
77	1	2.56841535540298	216	14	1	0	0	1	25
77	2	3.46724331611767	172	18	0	0	0	2	25
77	3	4.63915189332329	212	17	0	0	0	3	25
77	4	4.78191487211734	466	17	0	0	0	4	25
77	5	4.97435086872429	234	18	0	0	0	5	25
77	7	4.32427484216169	198	15	0	0	0	6	25
77	7	7.12630893825553	253	48	0	0	0	7	25
77	7	13.8353164715227	139	36	2	0	0	8	25
78	1	2.32174977706745	162	15	1	0	0	1	25
78	2	4.09235745109618	205	17	0	0	0	2	25
78	3	3.5029713967815	166	17	0	0	0	3	25
78	4	4.30178918363526	163	15	0	0	0	4	25
78	6	0.0537392848636955	147	17	0	0	0	5	25
78	7	0.473160539520904	178	17	0	0	0	6	25
78	8	3.88532930985093	219	19	0	0	0	7	25
78	10	2.00211212434806	391	54	2	0	0	8	25
79	1	1.90618735225871	225	16	1	0	0	1	25
79	2	2.7429541728925	104	16	0	0	0	2	25
79	3	3.19567016232759	177	15	0	0	0	3	25
79	4	3.13307873834856	134	26	0	0	0	4	25
79	5	4.99250387749635	157	15	0	0	0	5	25
79	7	0.558034421177581	133	16	0	0	0	6	25
79	8	4.75442775315605	213	21	0	0	0	7	25
79	9	6.71135546569712	249	17	0	0	0	8	25
79	10	5.10713940695859	346	62	2	0	0	9	25
80	1	3.30873444443569	217	17	1	0	0	1	25
80	2	3.20555896032602	211	19	0	0	0	2	25
80	3	3.45238147978671	238	18	0	0	0	3	25
80	4	2.91885477723554	175	16	0	0	0	4	25
80	5	5.9066509057302	81	18	0	0	0	5	25
80	6	4.09689258551225	196	20	0	0	0	6	25
80	8	3.33416436472908	230	19	0	0	0	7	25
80	9	2.52155043138191	358	57	2	0	0	8	25
81	1	2.9858637151774	157	16	1	0	0	1	25
81	2	3.64976300369017	185	18	0	0	0	2	25
81	3	4.06855855230242	231	13	0	0	0	3	25
81	3	0.93680458352901	40	17	0	0	0	4	25
81	2	4.36347235413268	241	15	0	0	0	5	25
81	2	8.55398338777013	206	17	0	0	0	6	25
81	3	7.87015125132166	282	17	0	0	0	7	25
81	4	2.54189048823901	267	15	0	0	0	8	25
81	5	2.52123379288241	107	19	0	0	0	9	25
81	6	6.77135642780922	381	16	0	0	0	10	25
81	7	4.44873300613835	137	18	0	0	0	11	25
81	8	5.33077929727733	268	53	2	0	0	12	25
82	2	0.110036798287183	266	15	1	0	0	1	25
82	2	6.57835872820579	161	17	0	0	0	2	25
82	3	6.12006088811904	180	20	0	0	0	3	25
82	4	3.17582649388351	130	18	0	0	0	4	25
82	6	2.98176352516748	128	17	0	0	0	5	25
82	7	5.06359662744217	237	19	0	0	0	6	25
82	8	5.69210800039582	164	19	0	0	0	7	25
82	10	0.49768341309391	397	49	2	0	0	8	25
83	1	3.17355399113148	170	15	1	0	0	1	25
83	2	1.53590803127736	170	17	0	0	0	2	25
83	2	7.30779526941478	134	17	0	0	0	3	25
83	3	4.07175523112528	152	16	0	0	0	4	25
83	4	4.71992795006372	419	17	0	0	0	5	25
83	5	3.5985440351069	210	18	0	0	0	6	25
83	6	2.33461193251424	240	15	0	0	0	7	25
83	8	0.847212368622422	164	17	0	0	0	8	25
83	8	6.77753048925661	247	26	0	0	0	9	25
83	9	7.60916428663768	295	16	0	0	0	10	25
83	9	10.1037315069698	216	15	0	0	0	11	25
83	9	14.3907540012151	452	52	2	0	0	12	25
84	1	4.29579554800875	146	15	1	0	0	1	25
84	2	2.92039307509549	137	15	0	0	0	2	25
84	3	3.16217757132836	238	17	0	0	0	3	25
84	4	3.33310471172445	318	17	0	0	0	4	25
84	5	4.74060434405692	402	20	0	0	0	5	25
84	6	3.54156633117236	198	15	0	0	0	6	25
84	7	4.49955120054074	305	18	0	0	0	7	25
84	8	5.43616824341007	479	19	0	0	0	8	25
84	9	3.18383500329219	269	16	0	0	0	9	25
84	10	3.70538954623044	191	62	0	0	0	10	25
84	10	5.50472176866606	179	12	2	0	0	11	25
85	1	3.33714194712229	209	18	1	0	0	1	25
85	2	5.73267141100951	432	14	0	0	0	2	25
85	2	8.98056029877625	121	15	0	0	0	3	25
85	3	4.12581167370081	222	17	0	0	0	4	25
85	4	2.67712789587677	182	19	0	0	0	5	25
85	6	2.6579314051196	231	16	0	0	0	6	25
85	7	3.10577033809386	289	17	0	0	0	7	25
85	8	1.9384868205525	266	16	0	0	0	8	25
85	9	1.41028364910744	275	57	2	0	0	9	25
86	1	1.85259996005334	149	15	1	0	0	1	25
86	2	2.73416273412295	172	18	0	0	0	2	25
86	3	2.20830095233396	231	24	0	0	0	3	25
86	2	2.15433517540805	324	19	0	0	0	4	25
86	3	4.01330189709552	146	17	0	0	0	5	25
86	4	4.32062062178738	277	15	0	0	0	6	25
86	4	10.2365944683552	162	18	0	0	0	7	25
86	6	2.54075278434902	213	29	0	0	0	8	25
86	7	0.699236359680071	204	18	0	0	0	9	25
86	8	3.70598588255234	271	19	0	0	0	10	25
86	9	4.41178768780082	140	49	2	0	0	11	25
87	1	3.20748485880904	165	14	1	0	0	1	25
87	2	1.92127357725985	147	15	0	0	0	2	25
87	2	5.71626035124063	205	16	0	0	0	3	25
87	3	4.73787542339414	156	16	0	0	0	4	25
87	4	3.78143351012841	172	20	0	0	0	5	25
87	5	4.29566012253053	211	15	0	0	0	6	25
87	6	3.20024698739871	159	16	0	0	0	7	25
87	7	5.90432243654504	448	58	2	0	0	8	25
88	1	2.03119556908496	146	14	1	0	0	1	25
88	2	2.76468293066137	148	17	0	0	0	2	25
88	3	4.58608560264111	204	18	0	0	0	3	25
88	4	3.07895294390619	187	16	0	0	0	4	25
88	5	5.65138742048293	132	20	0	0	0	5	25
88	6	7.47874232754111	111	18	0	0	0	6	25
88	7	6.59453591518104	160	18	0	0	0	7	25
88	9	3.09362503956072	252	61	2	0	0	8	25
89	1	3.58360756398179	153	14	1	0	0	1	25
89	2	2.06317524798214	178	18	0	0	0	2	25
89	3	4.56704383110628	302	17	0	0	0	3	25
89	4	4.19018387398683	195	19	0	0	0	4	25
89	6	4.13907686667517	194	19	0	0	0	5	25
89	6	12.9427045800257	237	17	0	0	0	6	25
89	7	6.62942372099496	199	19	0	0	0	7	25
89	8	7.29559968528338	309	56	2	0	0	8	25
90	1	3.22745411889628	150	13	1	0	0	1	25
90	2	0.954003845108673	192	19	0	0	0	2	25
90	3	3.11971799260937	224	21	0	0	0	3	25
90	3	11.0689074192196	162	18	0	0	0	4	25
90	5	2.74501534388401	159	16	0	0	0	5	25
90	6	2.40666045760736	209	20	0	0	0	6	25
90	7	3.66884472803213	353	15	0	0	0	7	25
90	8	0.800426264293492	430	60	2	0	0	8	25
91	2	0.397015529917553	151	16	1	0	0	1	25
91	2	3.15145907434635	178	15	0	0	0	2	25
91	2	9.85564812575467	115	19	0	0	0	3	25
91	4	0.141147658228874	311	21	0	0	0	4	25
91	5	5.87662172503769	325	18	0	0	0	5	25
91	7	1.09874623804353	155	16	0	0	0	6	25
91	7	6.97760417289101	231	23	0	0	0	7	25
91	8	6.77926476858556	184	18	0	0	0	8	25
91	10	1.55428105173633	302	17	2	0	0	9	25
92	1	3.32657577935606	146	13	1	0	0	1	25
92	2	1.46878256998025	160	17	0	0	0	2	25
92	3	1.74697724916041	206	19	0	0	0	3	25
92	4	3.81730902008712	348	17	0	0	0	4	25
92	5	2.32535641035065	186	21	0	0	0	5	25
92	6	3.85243910807185	152	17	0	0	0	6	25
92	8	2.47567656659521	174	27	0	0	0	7	25
92	10	0.35226717707701	223	16	0	0	0	8	25
92	10	7.38688781228848	170	54	2	0	0	9	25
93	1	2.85215334733948	151	15	1	0	0	1	25
93	2	2.02599092037417	195	18	0	0	0	2	25
93	2	8.53664121776819	175	19	0	0	0	3	25
93	3	4.25104183005169	75	15	0	0	0	4	25
93	4	2.06253449176438	187	18	0	0	0	5	25
93	5	4.12866299413145	245	24	0	0	0	6	25
93	6	3.33369549782947	281	19	0	0	0	7	25
93	7	5.98627745895647	236	16	0	0	0	8	25
93	7	10.0059042561334	121	18	0	0	0	9	25
93	8	5.04441997315735	359	47	2	0	0	10	25
94	1	3.12595982127823	287	16	1	0	0	1	25
94	2	5.69559197174385	155	16	0	0	0	2	25
94	4	0.547857627272606	171	16	0	0	0	3	25
94	5	3.00715317670256	225	19	0	0	0	4	25
94	6	2.36663587926887	230	19	0	0	0	5	25
94	8	1.31454894132912	207	25	0	0	0	6	25
94	9	1.22627938282676	213	58	2	0	0	7	25
95	1	2.45457545411773	148	15	1	0	0	1	25
95	2	4.46841500862502	127	17	0	0	0	2	25
95	4	3.30134860589169	171	17	0	0	0	3	25
95	5	4.48846094636247	226	17	0	0	0	4	25
95	6	2.08305032528006	161	20	0	0	0	5	25
95	7	6.09282349306159	513	72	2	0	0	6	25
96	1	3.66465610568412	170	13	1	0	0	1	25
96	2	1.73339739628136	80	17	0	0	0	2	25
96	3	3.86895997030661	148	17	0	0	0	3	25
96	5	0.0624326225370169	185	16	0	0	0	4	25
96	7	0.0794215190690011	189	18	0	0	0	5	25
96	7	8.46557447570376	165	16	0	0	0	6	25
96	8	7.47884649387561	148	16	0	0	0	7	25
96	10	2.0336791370064	200	21	0	0	0	8	25
96	12	1.25922904280014	216	49	2	0	0	9	25
97	1	2.70568222599104	166	13	1	0	0	1	25
97	2	3.07774677104317	292	18	0	0	0	2	25
97	3	4.7501882086508	125	18	0	0	0	3	25
97	4	4.07686460483819	234	16	0	0	0	4	25
97	5	2.69878516718745	166	15	0	0	0	5	25
97	6	3.5201096883975	247	18	0	0	0	6	25
97	8	1.46746877185069	239	20	0	0	0	7	25
97	9	6.95777470758185	128	58	2	0	0	8	25
98	1	2.51998708816245	155	13	1	0	0	1	25
98	2	1.00926150707528	145	16	0	0	0	2	25
98	3	0.000189539976418018	195	16	0	0	0	3	25
98	4	3.04969025147147	242	17	0	0	0	4	25
98	5	1.27228375477716	208	25	0	0	0	5	25
98	6	4.7998017158825	215	14	0	0	0	6	25
98	6	1.25191227067262	124	17	0	0	0	7	25
98	6	6.11832876945846	161	15	0	0	0	8	25
98	8	0.780319024808705	177	19	0	0	0	9	25
98	9	6.41807011840865	176	15	0	0	0	10	25
98	10	4.86262531881221	108	54	2	0	0	11	25
99	1	1.51566722011194	162	14	1	0	0	1	25
99	2	2.91972440946847	191	16	0	0	0	2	25
99	3	1.35523027554154	206	17	0	0	0	3	25
99	4	4.22368560521863	147	16	0	0	0	4	25
99	5	5.82463633199222	192	18	0	0	0	5	25
99	7	0.794842548435554	151	18	0	0	0	6	25
99	8	4.27100420184433	183	64	2	0	0	7	25
100	1	2.98827710817568	165	17	1	0	0	1	25
100	2	3.96356294117868	272	17	0	0	0	2	25
100	3	1.93854898284189	403	19	0	0	0	3	25
100	4	1.44351833639666	146	17	0	0	0	4	25
100	5	4.02029993222095	170	21	0	0	0	5	25
100	6	3.6560126922559	206	20	0	0	0	6	25
100	8	0.306643413379788	186	18	0	0	0	7	25
100	8	6.46243692841381	127	19	0	0	0	8	25
100	9	5.80956155620515	200	19	0	0	0	9	25
100	10	3.74748731241561	183	45	2	0	0	10	25
101	1	3.25788905657828	136	16	1	0	0	1	25
101	2	2.99510593619198	154	17	0	0	0	2	25
101	3	0.092619942734018	147	17	0	0	0	3	25
101	3	4.94002378243022	147	18	0	0	0	4	25
101	5	1.09636781387962	253	17	0	0	0	5	25
101	5	7.70018606283702	124	17	0	0	0	6	25
101	6	5.92600339790806	196	18	0	0	0	7	25
101	8	0.601068493211642	169	14	0	0	0	8	25
101	8	4.05158080696128	153	18	0	0	0	9	25
101	10	0.674323693150654	208	55	2	0	0	10	25
102	1	2.581531065749	173	16	1	0	0	1	25
102	2	3.39763781684451	164	17	0	0	0	2	25
102	3	3.88329164148308	175	18	0	0	0	3	25
102	5	2.95315874903463	322	19	0	0	0	4	25
102	6	0.367020330624655	187	19	0	0	0	5	25
102	7	2.07370889047161	213	19	0	0	0	6	25
102	8	5.61734798853286	335	18	0	0	0	7	25
102	9	4.23921767342836	126	45	2	0	0	8	25
103	1	3.76476199598983	156	15	1	0	0	1	25
103	2	3.08308098861016	137	18	0	0	0	2	25
103	3	4.29556083818898	244	19	0	0	0	3	25
103	4	6.77748673246242	249	21	0	0	0	4	25
103	6	1.13348420569673	191	17	0	0	0	5	25
103	7	3.09616876696236	260	19	0	0	0	6	25
103	8	5.20859685214236	200	71	2	0	0	7	25
104	1	2.00048953061923	187	18	1	0	0	1	25
104	2	3.8774388122838	203	19	0	0	0	2	25
104	3	1.06972831836902	193	17	0	0	0	3	25
104	4	4.73190019652247	138	21	0	0	0	4	25
104	5	3.99398897192441	167	19	0	0	0	5	25
104	7	4.6339038151782	250	16	0	0	0	6	25
104	8	2.35401213844307	285	21	0	0	0	7	25
104	9	3.27692114096135	228	62	2	0	0	8	25
105	1	2.11230077291839	154	14	1	0	0	1	25
105	2	2.00319684925489	183	16	0	0	0	2	25
105	3	4.21121139754541	252	15	0	0	0	3	25
105	4	2.12343771709129	190	16	0	0	0	4	25
105	6	1.777168125147	288	16	0	0	0	5	25
105	7	0.594169410644099	87	76	2	0	0	6	25
106	1	2.24651601864025	235	16	1	0	0	1	25
106	2	4.54284083866514	223	17	0	0	0	2	25
106	3	0.36214088764973	163	17	0	0	0	3	25
106	3	7.64524881099351	158	13	0	0	0	4	25
106	4	3.2267527775839	192	17	0	0	0	5	25
106	6	0.313820359064266	222	19	0	0	0	6	25
106	7	3.88598828506656	244	66	2	0	0	7	25
107	1	2.35804137215018	161	14	1	0	0	1	25
107	2	1.49593913415447	150	16	0	0	0	2	25
107	2	7.63715790747665	146	16	0	0	0	3	25
107	3	4.42595989000984	156	17	0	0	0	4	25
107	5	0.69284993945621	196	18	0	0	0	5	25
107	6	2.70142620266415	279	20	0	0	0	6	25
107	7	3.10228894348256	239	22	0	0	0	7	25
107	9	2.16013286891393	165	16	0	0	0	8	25
107	10	6.63415217958391	358	53	2	0	0	9	25
108	1	2.85186807066202	165	17	1	0	0	1	25
108	2	2.77150741382502	198	18	0	0	0	2	25
108	3	2.23185896407813	181	19	0	0	0	3	25
108	4	5.58469856833108	264	16	0	0	0	4	25
108	6	0.543205577880144	180	18	0	0	0	5	25
108	7	3.54878253256902	153	28	0	0	0	6	25
108	9	7.013085501967	333	17	0	0	0	7	25
108	9	12.3781302473508	166	50	2	0	0	8	25
109	1	1.58657840266824	144	14	1	0	0	1	25
109	2	2.44229111191817	193	20	0	0	0	2	25
109	2	12.5414712221827	133	14	0	0	0	3	25
109	3	5.59157787985168	159	17	0	0	0	4	25
109	5	1.1033165899571	146	15	0	0	0	5	25
109	5	5.51918099727482	164	23	0	0	0	6	25
109	7	3.58493021852337	225	18	0	0	0	7	25
109	9	0.380973543273285	231	20	0	0	0	8	25
109	9	7.67646692530252	302	52	2	0	0	9	25
110	1	3.56167428893968	143	13	1	0	0	1	25
110	2	2.56047089514323	158	19	0	0	0	2	25
110	2	9.72382291429676	149	16	0	0	0	3	25
110	3	4.24234134703875	198	19	0	0	0	4	25
110	5	0.083817291771993	129	16	0	0	0	5	25
110	6	0.9411658316385	132	17	0	0	0	6	25
110	7	2.7065189415589	238	28	0	0	0	7	25
110	8	2.13150491914712	223	25	0	0	0	8	25
110	10	2.94070267630741	172	18	0	0	0	9	25
110	10	9.20460737356916	173	45	2	0	0	10	25
111	1	3.62013121834025	161	14	1	0	0	1	25
111	2	2.81019453541376	157	16	0	0	0	2	25
111	2	8.03346457169391	187	16	0	0	0	3	25
111	2	14.7717516000848	100	18	0	0	0	4	25
111	3	5.00472318008542	184	17	0	0	0	5	25
111	5	0.301711318315938	273	18	0	0	0	6	25
111	6	2.68159874714911	175	17	0	0	0	7	25
111	7	1.52160113444552	235	21	0	0	0	8	25
111	8	6.92985951039009	184	20	0	0	0	9	25
111	10	0.55111372563988	232	45	2	0	0	10	25
112	1	3.18733982346021	264	14	1	0	0	1	25
112	2	4.40009793476202	198	18	0	0	0	2	25
112	3	1.98910320620053	221	19	0	0	0	3	25
112	4	2.12300176243298	154	17	0	0	0	4	25
112	5	3.4956490425393	185	18	0	0	0	5	25
112	6	5.05385627201758	161	20	0	0	0	6	25
112	8	4.23149251239374	195	20	0	0	0	7	25
112	9	3.39987244666554	202	62	2	0	0	8	25
113	1	2.40179688250646	156	14	1	0	0	1	25
113	2	3.97439673589543	109	17	0	0	0	2	25
113	4	0.436905323062092	177	16	0	0	0	3	25
113	4	4.87533792806789	161	16	0	0	0	4	25
113	5	3.13546081795357	366	23	0	0	0	5	25
113	7	0.306264620739967	186	16	0	0	0	6	25
113	7	4.16237530508079	114	64	2	0	0	7	25
114	1	2.34542455710471	221	17	1	0	0	1	25
114	2	4.53899550647475	148	17	0	0	0	2	25
114	3	5.93975842674263	207	17	0	0	0	3	25
114	5	2.90820388612337	233	17	0	0	0	4	25
114	6	5.10884931613691	150	18	0	0	0	5	25
114	7	6.62927973805927	253	19	0	0	0	6	25
114	8	5.45392080908641	334	14	0	0	0	7	25
114	9	1.96111488714814	150	15	0	0	0	8	25
114	10	0.261741176946089	136	18	0	0	0	9	25
114	11	6.27499582967721	347	19	2	0	0	10	25
