1	1	2.81593087385409	159	13	1	0	0	1	9
1	2	1.79410806763917	170	16	0	0	0	2	9
1	3	2.20311862346716	291	14	0	0	0	3	9
1	3	5.60994590562768	219	18	0	0	0	4	9
1	2	3.90749408048578	195	15	0	0	0	5	9
1	3	5.85950492252596	249	12	0	0	0	6	9
1	3	8.89716622815467	160	17	0	0	0	7	9
1	4	4.13034467282705	184	15	0	0	0	8	9
1	6	2.38958507264033	211	13	0	0	0	9	9
1	6	4.51760977203958	334	33	0	0	0	10	9
1	9	3.25848378264345	295	14	0	0	0	11	9
1	10	0.261400927556679	172	14	0	0	0	12	9
1	10	4.9163624192588	199	21	0	0	0	13	9
1	11	7.77856497187167	507	33	2	0	0	14	9
2	2	0.67669021897018	379	16	1	0	0	1	9
2	3	3.55572612653486	229	17	0	0	0	2	9
2	4	4.6488175119739	266	21	0	0	0	3	9
2	2	1.7645460863132	232	35	0	0	0	4	9
2	4	7.5130089041777	222	16	0	0	0	5	9
2	5	2.13841191329993	215	15	0	0	0	6	9
2	6	3.95536766131409	279	18	0	0	0	7	9
2	7	5.96924943244085	232	14	0	0	0	8	9
2	8	3.47517524450086	194	17	0	0	0	9	9
2	7	4.06053020851687	243	18	0	0	0	10	9
2	8	3.95976102841087	181	17	0	0	0	11	9
2	9	4.32727400073782	311	17	0	0	0	12	9
2	10	3.22210883698426	521	38	2	0	0	13	9
3	1	3.91504408093169	270	14	1	0	0	1	9
3	2	4.82695696735755	205	16	0	0	0	2	9
3	3	5.5895707802847	211	13	0	0	0	3	9
3	4	3.8737521879375	211	13	0	0	0	4	9
3	5	2.07804438960738	176	14	0	0	0	5	9
3	4	3.26294628437608	168	13	0	0	0	6	9
3	6	1.78983854409307	223	14	0	0	0	7	9
3	6	5.79968056478538	207	17	0	0	0	8	9
3	8	2.09379649860784	301	14	0	0	0	9	9
3	7	3.21518613095395	177	19	0	0	0	10	9
3	9	2.37537326361053	183	13	2	0	0	11	9
4	1	2.88095006649382	234	15	1	0	0	1	9
4	2	3.52318024053238	264	15	0	0	0	2	9
4	3	3.96352492808364	440	17	0	0	0	3	9
4	4	5.31337690772489	347	19	0	0	0	4	9
4	5	5.27497780835256	248	16	0	0	0	5	9
4	7	0.0583705974277109	173	17	0	0	0	6	9
4	8	0.965408247429878	208	18	2	0	0	7	9
5	1	3.79748166585341	370	17	1	0	0	1	9
5	2	0.0909805041737854	162	15	0	0	0	2	9
5	1	5.91116636688821	325	21	0	0	0	3	9
5	2	3.58243163581938	216	15	0	0	0	4	9
5	2	8.6020418277476	204	16	0	0	0	5	9
5	4	0.817519634729251	195	14	0	0	0	6	9
5	4	5.07217516750097	265	17	0	0	0	7	9
5	5	0.784448480699211	200	14	0	0	0	8	9
5	5	4.12599712540396	222	17	0	0	0	9	9
5	6	3.12813530443236	589	15	0	0	0	10	9
5	7	4.22631322033703	386	22	2	0	0	11	9
6	1	3.44436902995221	460	14	1	0	0	1	9
6	2	3.94947074074298	156	16	0	0	0	2	9
6	3	2.10664380411617	222	15	0	0	0	3	9
6	3	5.5197756011039	210	16	0	0	0	4	9
6	4	2.79171374929138	281	14	0	0	0	5	9
6	5	2.24340797890909	240	16	0	0	0	6	9
6	6	4.18001553695649	398	16	0	0	0	7	9
6	7	2.54533665231429	378	15	0	0	0	8	9
6	8	2.05873054661788	310	14	2	0	0	9	9
7	1	1.94663209468126	226	17	1	0	0	1	9
7	2	1.42924798722379	216	14	0	0	0	2	9
7	1	1.79607761255465	228	16	0	0	0	3	9
7	2	2.5731510578189	365	14	0	0	0	4	9
7	3	1.45573888486251	325	17	0	0	0	5	9
7	4	0.520050742197782	358	14	0	0	0	6	9
7	5	2.33785812207498	208	12	0	0	0	7	9
7	5	4.31465792446397	386	14	0	0	0	8	9
7	6	1.56874900381081	270	16	0	0	0	9	9
7	7	2.44247442320921	190	12	0	0	0	10	9
7	7	5.98637219076045	194	13	0	0	0	11	9
7	7	9.49270652257837	262	17	0	0	0	12	9
7	9	2.37775072152726	459	15	0	0	0	13	9
7	10	4.84578951308504	409	31	2	0	0	14	9
8	1	2.83451641257852	199	16	1	0	0	1	9
8	2	3.78109908569604	268	14	0	0	0	2	9
8	3	4.37691237032413	314	20	0	0	0	3	9
8	4	2.30277553852648	331	15	0	0	0	4	9
8	5	1.88884757179767	219	15	0	0	0	5	9
8	6	1.32278762059286	163	15	0	0	0	6	9
8	7	5.76269900775515	186	16	0	0	0	7	9
8	9	0.520203171297908	291	16	0	0	0	8	9
8	9	6.11251092609018	186	17	0	0	0	9	9
8	11	1.87203337880783	327	40	2	0	0	10	9
9	1	3.88498406717554	288	14	1	0	0	1	9
9	2	4.97954864613712	174	16	0	0	0	2	9
9	3	5.54288686835207	149	12	0	0	0	3	9
9	3	3.58298117201775	226	17	0	0	0	4	9
9	4	4.96653971425258	268	15	0	0	0	5	9
9	5	3.18034516414627	178	20	0	0	0	6	9
9	7	4.22177790454589	351	23	2	0	0	7	9
10	2	1.75277031864971	340	17	1	0	0	1	9
10	3	3.08861769759096	211	17	0	0	0	2	9
10	4	1.83782085450366	105	20	0	0	0	3	9
10	2	3.73950049700215	221	19	0	0	0	4	9
10	3	4.11243649153039	243	17	0	0	0	5	9
10	4	3.08404990122654	226	15	0	0	0	6	9
10	5	3.26582013722509	228	15	0	0	0	7	9
10	6	4.50827433704399	154	15	0	0	0	8	9
10	7	3.1373879883904	200	17	0	0	0	9	9
10	8	3.37728462391533	235	15	0	0	0	10	9
10	9	4.35567409032956	201	17	0	0	0	11	9
10	10	4.39151367847808	228	36	2	0	0	12	9
11	2	1.0865437858738	319	16	1	0	0	1	9
11	2	5.44577793357894	195	16	0	0	0	2	9
11	2	10.5485870616976	223	16	0	0	0	3	9
11	3	3.54350229538977	375	16	0	0	0	4	9
11	5	0.953873669961467	249	16	0	0	0	5	9
11	5	4.93767199246213	204	15	0	0	0	6	9
11	6	4.71102174767293	213	19	0	0	0	7	9
11	8	0.925017667468637	588	17	2	0	0	8	9
13	1	3.00418175081722	165	12	1	0	0	1	9
13	2	0.543220258783549	86	14	0	0	0	2	9
13	3	0.865784745663404	235	17	0	0	0	3	9
13	3	5.48581136600114	254	30	0	0	0	4	9
13	4	4.57251432654448	226	15	0	0	0	5	9
13	5	5.06946993502788	191	16	0	0	0	6	9
13	7	0.526378660229966	271	15	0	0	0	7	9
13	7	6.75128501513973	275	15	0	0	0	8	9
13	8	4.01627127546817	142	42	2	0	0	9	9
14	1	5.01538915582933	321	16	1	0	0	1	9
14	1	9.44733637315221	349	16	0	0	0	2	9
14	2	4.00119049265049	290	14	0	0	0	3	9
14	2	7.18813384138048	125	15	0	0	0	4	9
14	3	2.16360490466468	193	16	0	0	0	5	9
14	4	2.21466570720077	436	17	0	0	0	6	9
14	5	5.58988942112774	222	15	0	0	0	7	9
14	5	9.02279018540867	198	15	0	0	0	8	9
14	5	4.41883517801762	229	15	0	0	0	9	9
14	5	8.69948356808163	303	16	0	0	0	10	9
14	6	4.14400378777646	391	18	0	0	0	11	9
14	8	0.879626426380128	187	13	2	0	0	12	9
15	1	1.5650067855604	169	17	1	0	0	1	9
15	2	1.99315134016797	207	14	0	0	0	2	9
15	3	2.08647437067702	391	16	0	0	0	3	9
15	4	2.7448861906305	352	20	0	0	0	4	9
15	5	3.41819030488841	289	16	0	0	0	5	9
15	6	3.78585491492413	270	15	0	0	0	6	9
15	7	5.24998636194505	549	18	0	0	0	7	9
15	8	3.25692693982273	501	16	0	0	0	8	9
15	8	7.27990165632218	166	18	0	0	0	9	9
15	9	4.19754762621596	675	33	2	0	0	10	9
16	1	2.19879786414094	156	12	1	0	0	1	9
16	2	3.44169327476993	330	13	0	0	0	2	9
16	2	5.06004735454917	325	18	0	0	0	3	9
16	3	1.17935356264934	227	18	0	0	0	4	9
16	4	5.45683477353305	252	14	0	0	0	5	9
16	4	7.81037301989272	153	18	0	0	0	6	9
16	5	3.24281572084874	227	15	0	0	0	7	9
16	6	6.35799206700176	269	14	0	0	0	8	9
16	6	12.9929444310255	154	48	2	0	0	9	9
17	1	3.80721985106356	176	14	1	0	0	1	9
17	2	4.09284366224892	725	15	0	0	0	2	9
17	3	1.3538762035314	196	12	0	0	0	3	9
17	3	5.69534767162986	146	15	0	0	0	4	9
17	4	4.08231237414293	183	16	0	0	0	5	9
17	6	1.75023200479336	304	14	0	0	0	6	9
17	7	0.0658387138973922	181	15	0	0	0	7	9
17	8	0.901572166709229	167	14	0	0	0	8	9
17	8	5.051357423421	258	18	0	0	0	9	9
17	9	4.68076011352241	599	43	2	0	0	10	9
18	1	2.12169434013776	148	12	1	0	0	1	9
18	2	2.85909486375749	206	15	0	0	0	2	9
18	3	0.843202884308994	162	13	0	0	0	3	9
18	3	3.32458794652484	211	19	0	0	0	4	9
18	4	5.34752156864852	136	13	0	0	0	5	9
18	5	4.63433744478971	203	15	0	0	0	6	9
18	6	3.64167170319706	243	21	0	0	0	7	9
18	4	2.49241768522188	252	17	0	0	0	8	9
18	5	3.63548865984194	236	12	0	0	0	9	9
18	5	5.61638583894819	247	17	0	0	0	10	9
18	7	0.586876872228459	194	14	0	0	0	11	9
18	7	5.67925080074929	243	19	0	0	0	12	9
18	9	2.97521697613411	269	16	0	0	0	13	9
18	10	3.55920953652821	372	46	2	0	0	14	9
19	1	2.18733036145568	217	14	1	0	0	1	9
19	2	2.47503311233595	213	20	0	0	0	2	9
19	3	4.25611831992865	274	15	0	0	0	3	9
19	4	2.54274914739653	477	13	0	0	0	4	9
19	5	2.52983443019912	295	17	0	0	0	5	9
19	6	2.82300695870072	228	16	0	0	0	6	9
19	7	2.53634652565233	343	17	0	0	0	7	9
19	8	4.31878699036315	462	17	0	0	0	8	9
19	9	2.3140268609859	240	15	0	0	0	9	9
19	10	3.49986172444187	266	14	0	0	0	10	9
19	11	4.74933172157034	483	36	2	0	0	11	9
20	2	0.398913969285786	364	18	1	0	0	1	9
20	2	5.57458435883746	243	14	0	0	0	2	9
20	2	8.81961770076305	336	15	0	0	0	3	9
20	3	3.42959546856582	280	17	0	0	0	4	9
20	4	5.05185084161349	337	16	0	0	0	5	9
20	5	3.74238371895626	280	16	0	0	0	6	9
20	6	4.22477411618456	504	16	0	0	0	7	9
20	5	2.85645159520209	159	22	0	0	0	8	9
20	7	3.15318897878751	261	17	0	0	0	9	9
20	8	5.08871639124118	355	16	0	0	0	10	9
20	10	1.9201364996843	101	20	2	0	0	11	9
22	1	2.70038882270455	240	14	1	0	0	1	9
22	2	3.8651895544026	218	14	0	0	0	2	9
22	3	3.28907320019789	271	18	0	0	0	3	9
22	4	5.71349284308963	422	17	0	0	0	4	9
22	5	5.59004778973758	345	12	0	0	0	5	9
22	5	8.21835863776505	122	15	0	0	0	6	9
22	6	5.88548208936118	651	12	0	0	0	7	9
22	7	4.6492224924732	316	40	2	0	0	8	9
23	2	0.457286442629993	425	12	1	0	0	1	9
23	2	4.45557239488699	166	14	0	0	0	2	9
23	3	3.10196118336171	262	15	0	0	0	3	9
23	2	3.43680198816583	145	14	0	0	0	4	9
23	3	3.45640331483446	84	15	0	0	0	5	9
23	4	3.86621152958833	202	15	0	0	0	6	9
23	5	3.12878244626336	194	18	0	0	0	7	9
23	6	4.79169085924514	305	17	0	0	0	8	9
23	7	3.48002619715407	177	47	2	0	0	9	9
24	1	2.14405207615346	149	13	1	0	0	1	9
24	2	3.33806854556315	186	15	0	0	0	2	9
24	3	4.90874586603604	224	20	0	0	0	3	9
24	5	1.06489576539025	366	15	0	0	0	4	9
24	5	5.43105915631168	292	16	0	0	0	5	9
24	6	4.04202137049288	204	17	0	0	0	6	9
24	8	0.625808870885521	191	14	0	0	0	7	9
24	9	0.216939704027027	172	24	0	0	0	8	9
24	10	4.78576730191708	204	15	2	0	0	9	9
25	1	2.04270435939543	150	15	1	0	0	1	9
25	2	2.93847124511376	298	14	0	0	0	2	9
25	3	3.56018526433036	208	16	0	0	0	3	9
25	2	4.67725643352605	331	15	0	0	0	4	9
25	3	4.42385315475985	237	17	0	0	0	5	9
25	4	6.74796094559133	330	18	0	0	0	6	9
25	5	0.0770354340784252	154	16	0	0	0	7	9
25	6	2.47556090028957	238	13	0	0	0	8	9
25	7	4.50374091719277	556	17	0	0	0	9	9
25	8	6.04677515663207	344	15	0	0	0	10	9
25	8	10.675377496751	209	17	0	0	0	11	9
25	8	4.14880371792242	178	17	0	0	0	12	9
25	8	9.41542394598946	666	41	2	0	0	13	9
26	2	0.925413277698681	544	15	1	0	0	1	9
26	2	4.34813891514204	260	15	0	0	0	2	9
26	3	2.75107657490298	384	17	0	0	0	3	9
26	4	2.96335836942308	425	14	0	0	0	4	9
26	5	2.82296123355627	264	20	0	0	0	5	9
26	6	5.57217630674131	152	13	2	0	0	6	9
27	2	0.13238056586124	311	14	1	0	0	1	9
27	2	5.41722079203464	179	13	0	0	0	2	9
27	3	0.403684238670394	204	16	0	0	0	3	9
27	3	4.84206150006503	193	18	0	0	0	4	9
27	2	7.44863195996732	204	18	0	0	0	5	9
27	4	0.919546500314027	166	27	0	0	0	6	9
27	4	8.51060566538945	205	14	0	0	0	7	9
27	4	11.6845906840172	192	15	0	0	0	8	9
27	6	2.97945651295595	391	15	0	0	0	9	9
27	6	6.44708620430902	263	18	0	0	0	10	9
27	7	6.16282091918401	328	12	2	0	0	11	9
28	2	0.127991545712575	211	15	1	0	0	1	9
28	2	5.04165941663086	253	17	0	0	0	2	9
28	1	2.04744566208683	206	17	0	0	0	3	9
28	3	0.747861090581864	184	13	0	0	0	4	9
28	3	4.06834320584312	243	17	0	0	0	5	9
28	4	4.50156442262232	308	19	0	0	0	6	9
28	3	2.27444085013121	226	16	0	0	0	7	9
28	4	3.47438612114638	319	16	0	0	0	8	9
28	4	8.02586151706055	199	14	0	0	0	9	9
28	5	4.65745905833319	185	14	0	0	0	10	9
28	7	1.72900348599069	252	18	0	0	0	11	9
28	8	3.98126786248758	262	15	0	0	0	12	9
28	9	3.47885356610641	193	20	0	0	0	13	9
28	10	8.87224955204874	340	14	0	0	0	14	9
28	10	12.0194328373764	91	35	2	0	0	15	9
29	2	0.887307798024267	313	15	1	0	0	1	9
29	2	5.35875376896001	233	15	0	0	0	2	9
29	3	1.84230067115277	227	12	0	0	0	3	9
29	3	3.3176717159804	97	14	0	0	0	4	9
29	4	3.94680250110105	295	15	0	0	0	5	9
29	5	5.27313346974552	388	18	0	0	0	6	9
29	6	3.47921341960318	225	12	0	0	0	7	9
29	6	4.98538290173747	231	18	0	0	0	8	9
29	7	6.1967984426301	833	14	2	0	0	9	9
30	1	2.61853001499549	159	15	1	0	0	1	9
30	2	1.64128059078939	135	13	0	0	0	2	9
30	2	4.66639083810151	532	21	0	0	0	3	9
30	4	0.37839195295237	301	15	0	0	0	4	9
30	4	3.0801328511443	240	16	0	0	0	5	9
30	5	3.22129476838745	312	21	0	0	0	6	9
30	7	2.16727690142579	230	13	0	0	0	7	9
30	7	5.29382368829101	140	56	2	0	0	8	9
31	1	2.48267234163359	143	12	1	0	0	1	9
31	2	2.43733856803738	148	13	0	0	0	2	9
31	3	4.95033607003279	469	15	0	0	0	3	9
31	4	4.11502478132024	224	16	0	0	0	4	9
31	6	0.652920142281801	229	16	0	0	0	5	9
31	7	1.39262099657208	223	16	0	0	0	6	9
31	8	1.57879463606514	213	14	0	0	0	7	9
31	8	6.73954945034347	275	15	0	0	0	8	9
31	9	5.41980989975855	183	19	2	0	0	9	9
32	2	1.74264403106645	364	18	1	0	0	1	9
32	4	0.0138595192693174	255	15	0	0	0	2	9
32	4	3.29520076676272	584	12	0	0	0	3	9
32	5	2.17046806169674	208	19	0	0	0	4	9
32	6	4.25199495814741	268	15	0	0	0	5	9
32	8	0.14464870095253	185	19	2	0	0	6	9
33	1	4.67038542125374	326	12	1	0	0	1	9
33	2	2.6008992458228	219	14	0	0	0	2	9
33	3	2.71901167044416	293	14	0	0	0	3	9
33	3	5.53918942948803	117	16	0	0	0	4	9
33	4	5.59339772118255	259	16	0	0	0	5	9
33	5	3.49145366437733	300	17	0	0	0	6	9
33	6	5.2607913298998	239	13	0	0	0	7	9
33	6	9.01653239200823	381	17	0	0	0	8	9
33	7	5.87340088374913	270	36	2	0	0	9	9
34	1	2.60022906819358	152	12	1	0	0	1	9
34	2	1.50213875877671	27	14	0	0	0	2	9
34	2	3.34946677368134	176	16	0	0	0	3	9
34	3	0.0880944053642452	159	13	0	0	0	4	9
34	3	3.66245435224846	239	12	0	0	0	5	9
34	2	4.41570269945078	752	16	0	0	0	6	9
34	3	4.72429079259746	457	15	0	0	0	7	9
34	5	0.552165334811434	165	14	0	0	0	8	9
34	5	6.59778771409765	175	18	0	0	0	9	9
34	7	0.14786376664415	338	13	0	0	0	10	9
34	7	5.11391754890792	192	12	0	0	0	11	9
34	7	8.45999322715215	158	21	0	0	0	12	9
34	8	4.70168336993083	450	13	2	0	0	13	9
35	1	3.74326512590051	166	14	1	0	0	1	9
35	2	2.8309632698074	262	12	0	0	0	2	9
35	1	3.74231564253569	152	17	0	0	0	3	9
35	2	5.79660423169844	455	16	0	0	0	4	9
35	3	3.55148430913687	272	17	0	0	0	5	9
35	4	3.36090713599697	264	14	0	0	0	6	9
35	4	7.83741023996845	182	18	0	0	0	7	9
35	5	3.08698298945092	432	17	0	0	0	8	9
35	6	5.10223859595135	467	54	2	0	0	9	9
36	1	2.5797922173515	172	18	1	0	0	1	9
36	2	2.40722062811255	473	16	0	0	0	2	9
36	3	3.17189808213152	255	13	0	0	0	3	9
36	4	1.99896876537241	345	17	0	0	0	4	9
36	5	4.1015335067641	370	19	0	0	0	5	9
36	6	4.44971273187548	329	17	0	0	0	6	9
36	7	4.91810875223018	509	18	0	0	0	7	9
36	8	3.06141921225935	178	21	2	0	0	8	9
37	1	3.29675684217364	254	16	1	0	0	1	9
37	2	4.80337778455578	238	15	0	0	0	2	9
37	3	3.76379908877425	177	17	0	0	0	3	9
37	2	3.1172191335354	218	20	0	0	0	4	9
37	3	4.30574701307341	219	17	0	0	0	5	9
37	4	4.44142787042074	226	18	0	0	0	6	9
37	5	4.38353999587707	281	13	0	0	0	7	9
37	6	3.84449238167144	174	14	0	0	0	8	9
37	5	4.92624646960758	306	14	0	0	0	9	9
37	6	4.3707729538437	300	17	0	0	0	10	9
37	7	4.76078141224571	269	16	0	0	0	11	9
37	8	4.93032502313145	335	42	2	0	0	12	9
38	1	3.07955616270192	154	12	1	0	0	1	9
38	2	2.88355494313873	175	17	0	0	0	2	9
38	3	4.75148222967982	240	17	0	0	0	3	9
38	3	9.91540165175684	243	16	0	0	0	4	9
38	5	0.425217065727338	237	15	0	0	0	5	9
38	5	5.86990002798848	212	14	0	0	0	6	9
38	6	4.96283488580957	247	16	0	0	0	7	9
38	8	2.70482424320653	230	17	0	0	0	8	9
38	9	4.04774867929518	212	16	2	0	0	9	9
39	2	0.0701287626288831	286	13	1	0	0	1	9
39	2	4.94268036657013	225	12	0	0	0	2	9
39	2	7.27819455019198	310	18	0	0	0	3	9
39	2	2.85186439799145	233	15	0	0	0	4	9
39	2	7.98978389985859	431	15	0	0	0	5	9
39	3	2.86979612102732	601	16	0	0	0	6	9
39	4	4.31541223777458	268	16	0	0	0	7	9
39	5	5.18539498117752	219	19	0	0	0	8	9
39	7	1.2969659131486	201	12	0	0	0	9	9
39	7	4.15113937971182	291	17	0	0	0	10	9
39	9	0.551372247282416	266	15	0	0	0	11	9
39	9	5.47752743866295	102	37	2	0	0	12	9
40	1	2.15682493452914	184	15	1	0	0	1	9
40	2	1.52443018741906	141	14	0	0	0	2	9
40	3	1.93153010192327	227	12	0	0	0	3	9
40	3	3.41305573121645	302	14	0	0	0	4	9
40	4	2.72781092533842	192	18	0	0	0	5	9
40	5	5.52875127829611	127	14	0	0	0	6	9
40	6	4.56836412707344	367	20	0	0	0	7	9
40	8	0.828095200005919	326	17	0	0	0	8	9
40	9	0.566003217361867	152	15	0	0	0	9	9
40	9	5.29079847107641	164	16	0	0	0	10	9
40	10	5.98767338413745	187	14	0	0	0	11	9
40	11	5.52964030019939	387	37	2	0	0	12	9
41	2	0.0620191416237503	285	15	1	0	0	1	9
41	2	6.26044526020996	190	16	0	0	0	2	9
41	2	11.8461833295878	363	17	0	0	0	3	9
41	2	5.22794230887666	144	17	0	0	0	4	9
41	1	1.42423039861023	176	23	0	0	0	5	9
41	3	6.36137864575721	417	15	0	0	0	6	9
41	4	3.5598787672352	382	20	0	0	0	7	9
41	3	5.86580046801828	157	16	0	0	0	8	9
41	5	0.834349319105968	162	16	0	0	0	9	9
41	6	2.70952787809074	186	14	0	0	0	10	9
41	6	6.97469047596678	186	21	0	0	0	11	9
41	8	4.84325632732362	247	41	2	0	0	12	9
42	2	0.580466323997825	150	14	1	0	0	1	9
42	3	1.97260238020681	783	16	0	0	0	2	9
42	4	3.31707966933027	355	16	0	0	0	3	9
42	5	1.58799766702577	237	15	0	0	0	4	9
42	6	2.14648486184888	207	16	0	0	0	5	9
42	7	3.33367915521376	235	18	0	0	0	6	9
42	8	5.20842893212102	327	13	0	0	0	7	9
42	8	8.55954654235393	438	19	0	0	0	8	9
42	9	5.62852110248059	362	45	2	0	0	9	9
43	1	3.67410399764776	242	14	1	0	0	1	9
43	2	3.09503644891083	201	15	0	0	0	2	9
43	3	3.6536792407278	254	16	0	0	0	3	9
43	4	4.49595557618886	221	12	0	0	0	4	9
43	4	6.89459553221241	268	12	0	0	0	5	9
43	4	3.46680960291997	384	14	0	0	0	6	9
43	4	7.89094975963235	252	17	0	0	0	7	9
43	6	0.352384448749945	307	16	0	0	0	8	9
43	6	5.15095232357271	157	15	0	0	0	9	9
43	7	4.35036535584368	439	18	0	0	0	10	9
43	8	6.44948204280809	145	43	2	0	0	11	9
44	1	1.92300196154974	172	16	1	0	0	1	9
44	2	4.93211880954914	603	15	0	0	0	2	9
44	3	2.7227838721592	157	16	0	0	0	3	9
44	4	3.16736772819422	209	16	0	0	0	4	9
44	3	4.39168586255983	286	17	0	0	0	5	9
44	4	4.07224418665282	303	16	0	0	0	6	9
44	6	0.910983077250421	256	19	0	0	0	7	9
44	6	10.7224728688598	162	17	0	0	0	8	9
44	7	5.28304895223118	219	21	0	0	0	9	9
44	9	0.213774539297447	479	14	0	0	0	10	9
44	9	4.00808185827918	260	15	0	0	0	11	9
44	10	3.87813514238223	646	43	2	0	0	12	9
45	1	5.77287433343008	316	17	1	0	0	1	9
45	2	0.139026696328074	110	13	0	0	0	2	9
45	2	6.93484670575708	199	16	0	0	0	3	9
45	4	3.08853050833568	248	17	0	0	0	4	9
45	5	7.17265740898438	322	17	0	0	0	5	9
45	4	3.60808398434892	229	16	0	0	0	6	9
45	5	7.39119045226835	220	15	0	0	0	7	9
45	6	4.91611243854277	208	16	0	0	0	8	9
45	7	3.89497964642942	442	43	2	0	0	9	9
46	1	2.52357976767235	138	12	1	0	0	1	9
46	2	0.139995561912656	141	16	0	0	0	2	9
46	3	0.39782845787704	295	15	0	0	0	3	9
46	3	5.9567295787856	225	16	0	0	0	4	9
46	4	4.38786953012459	199	16	0	0	0	5	9
46	5	3.53975512320176	206	14	0	0	0	6	9
46	5	5.58246027003042	279	18	0	0	0	7	9
46	6	4.16489837737754	208	15	0	0	0	8	9
46	7	4.70708269253373	278	17	0	0	0	9	9
46	8	5.59834674117155	733	41	2	0	0	10	9
47	1	3.29677004367113	327	16	1	0	0	1	9
47	2	4.91532287723385	265	12	0	0	0	2	9
47	2	5.48118934966624	39	17	0	0	0	3	9
47	1	3.45227334299125	204	16	0	0	0	4	9
47	2	8.61694561876357	179	13	0	0	0	5	9
47	3	3.62238248251379	264	19	0	0	0	6	9
47	2	4.0815395291429	256	17	0	0	0	7	9
47	3	1.81796616967767	192	18	0	0	0	8	9
47	4	2.87335952627473	285	18	0	0	0	9	9
47	5	4.24794676387683	430	17	0	0	0	10	9
47	6	6.50081902579404	412	19	0	0	0	11	9
47	7	4.36514388420619	271	14	0	0	0	12	9
47	8	3.72528611589223	201	19	0	0	0	13	9
47	9	3.4714846177958	133	20	2	0	0	14	9
48	1	2.98042297805659	161	12	1	0	0	1	9
48	2	2.86142362141982	147	14	0	0	0	2	9
48	2	5.93589135818183	206	13	0	0	0	3	9
48	3	3.99300170573406	228	19	0	0	0	4	9
48	4	3.90820608101785	402	19	0	0	0	5	9
48	5	5.56241444172338	223	20	0	0	0	6	9
48	7	1.84326193039306	303	15	0	0	0	7	9
48	8	4.40571430628188	207	49	2	0	0	8	9
49	1	4.66802249266766	412	18	1	0	0	1	9
49	1	5.72164404322393	95	14	0	0	0	2	9
49	2	4.95582837471738	445	14	0	0	0	3	9
49	3	4.37526847678237	453	17	0	0	0	4	9
49	4	5.90983524476178	233	17	0	0	0	5	9
49	4	11.6446598512121	171	18	0	0	0	6	9
49	5	6.12667879555374	319	17	0	0	0	7	9
49	7	0.650078403996304	252	15	0	0	0	8	9
49	7	4.7648745321203	240	18	0	0	0	9	9
49	8	7.38616586918943	358	14	0	0	0	10	9
49	8	11.7813934204169	159	36	2	0	0	11	9
50	1	1.44100651866756	160	14	1	0	0	1	9
50	2	0.92925972212106	157	13	0	0	0	2	9
50	2	4.74658136535436	922	14	0	0	0	3	9
50	3	4.38419101783074	226	16	0	0	0	4	9
50	4	3.03658493189141	142	16	0	0	0	5	9
50	3	3.37334484956227	560	17	0	0	0	6	9
50	5	1.76749036367983	286	14	0	0	0	7	9
50	6	1.48452768684365	194	13	0	0	0	8	9
50	7	0.649955252185464	368	17	0	0	0	9	9
50	7	6.09202600899152	371	19	0	0	0	10	9
50	8	3.41935932915658	319	16	0	0	0	11	9
50	9	5.5113157518208	394	13	2	0	0	12	9
51	1	3.29824181855656	365	17	1	0	0	1	9
51	3	2.69712937972508	184	14	0	0	0	2	9
51	3	6.8993880241178	267	16	0	0	0	3	9
51	4	3.39906594855711	189	16	0	0	0	4	9
51	5	2.62247087876312	208	12	0	0	0	5	9
51	5	0.680795745691285	81	19	0	0	0	6	9
51	7	1.69809826673009	182	18	0	0	0	7	9
51	5	5.31717372266576	239	18	0	0	0	8	9
51	7	2.66624400950968	230	14	0	0	0	9	9
51	8	3.11285435571335	229	13	0	0	0	10	9
51	8	7.72514388104901	151	19	0	0	0	11	9
51	7	3.08028454170562	206	15	0	0	0	12	9
51	8	7.29896348854527	236	16	0	0	0	13	9
51	9	5.47231044224463	178	18	0	0	0	14	9
51	8	6.29289722791873	283	18	0	0	0	15	9
51	8	0.547263438813388	229	27	0	0	0	16	9
51	10	4.1603963742964	265	16	0	0	0	17	9
51	11	6.91090723965317	557	58	2	0	0	18	9
52	2	0.678621772211045	283	12	1	0	0	1	9
52	2	4.50566637725569	194	15	0	0	0	2	9
52	1	3.29438582458533	176	17	0	0	0	3	9
52	2	6.4983980525285	273	12	0	0	0	4	9
52	2	8.29939156910405	144	15	0	0	0	5	9
52	3	4.38434945628978	250	18	0	0	0	6	9
52	4	4.85411231731996	529	16	0	0	0	7	9
52	5	4.10523396078497	261	15	0	0	0	8	9
52	6	5.78547635464929	738	56	2	0	0	9	9
53	1	2.40219267248176	252	19	1	0	0	1	9
53	2	4.87731737387367	231	15	0	0	0	2	9
53	3	3.66388864256442	376	18	0	0	0	3	9
53	4	2.58617923944257	274	15	0	0	0	4	9
53	5	5.45325462962501	306	16	0	0	0	5	9
53	5	0.822656046366319	223	16	0	0	0	6	9
53	5	5.00021577021107	198	14	0	0	0	7	9
53	5	10.0812530361582	202	19	0	0	0	8	9
53	7	1.05084688961506	297	15	0	0	0	9	9
53	8	2.02497393614613	227	16	0	0	0	10	9
53	9	0.0674373109359294	150	16	2	0	0	11	9
54	1	2.48912483570166	166	17	1	0	0	1	9
54	2	3.84634262463078	282	16	0	0	0	2	9
54	3	2.17103252676316	221	14	0	0	0	3	9
54	3	4.27975936746225	198	14	0	0	0	4	9
54	4	2.39171860716306	210	17	0	0	0	5	9
54	5	3.48793347016908	274	14	0	0	0	6	9
54	6	4.97078065690584	404	14	0	0	0	7	9
54	7	4.57379278331064	164	18	0	0	0	8	9
54	8	4.83478422672488	310	35	2	0	0	9	9
55	1	2.53216094570234	169	16	1	0	0	1	9
55	2	4.63575630937703	519	18	0	0	0	2	9
55	3	4.43171985028312	184	16	0	0	0	3	9
55	4	5.37213678425178	280	14	0	0	0	4	9
55	6	0.285006180172786	220	13	0	0	0	5	9
55	6	2.54255519178696	461	17	0	0	0	6	9
55	7	4.86620530788787	206	16	0	0	0	7	9
55	6	3.2068851836957	149	21	0	0	0	8	9
55	9	1.63519226945937	324	13	0	0	0	9	9
55	9	5.99359732843004	166	15	0	0	0	10	9
55	10	5.13814856484532	333	35	2	0	0	11	9
56	1	2.25569333299063	169	13	1	0	0	1	9
56	2	2.86053100903518	201	17	0	0	0	2	9
56	3	2.96341418963857	325	14	0	0	0	3	9
56	4	3.49049648246728	210	14	0	0	0	4	9
56	5	3.43697831383906	119	18	0	0	0	5	9
56	6	4.56137439259328	229	18	2	0	0	6	9
57	1	3.54980249376968	191	18	1	0	0	1	9
57	2	4.73123982804827	221	16	0	0	0	2	9
57	3	4.9622533172369	255	15	0	0	0	3	9
57	4	3.79925774270669	279	15	0	0	0	4	9
57	6	0.321765015367419	283	18	0	0	0	5	9
57	7	2.2025134426076	232	12	0	0	0	6	9
57	7	0.79999941913411	207	16	0	0	0	7	9
57	7	6.08917686506175	298	13	0	0	0	8	9
57	7	10.4648845796473	261	44	2	0	0	9	9
59	1	3.55852922564372	382	18	1	0	0	1	9
59	2	3.45309052197263	185	13	0	0	0	2	9
59	2	7.81266404013149	141	15	0	0	0	3	9
59	3	3.81585878459737	183	15	0	0	0	4	9
59	4	2.96497222944163	296	15	0	0	0	5	9
59	5	2.99838649923913	253	15	0	0	0	6	9
59	6	2.71508349105716	296	17	0	0	0	7	9
59	5	1.74084238801152	198	21	0	0	0	8	9
59	7	1.41117962822318	208	16	0	0	0	9	9
59	8	3.68658590153791	262	13	0	0	0	10	9
59	9	3.50348211615346	669	46	2	0	0	11	9
60	1	1.89618676714599	159	21	1	0	0	1	9
60	2	3.22516810661182	239	18	0	0	0	2	9
60	4	3.65295640123077	247	17	0	0	0	3	9
60	6	0.365739414468408	275	14	0	0	0	4	9
60	7	1.49492830759846	170	14	0	0	0	5	9
60	7	5.43508454412222	208	18	0	0	0	6	9
60	6	2.80568580375984	404	20	0	0	0	7	9
60	7	5.58159236307256	275	17	0	0	0	8	9
60	8	4.86003607395105	304	19	0	0	0	9	9
60	9	6.46442435099743	267	14	0	0	0	10	9
60	9	12.6703501224983	356	41	2	0	0	11	9
61	1	2.50402995827608	336	16	1	0	0	1	9
61	2	4.69135527755134	197	12	0	0	0	2	9
61	2	6.38574985228479	122	15	0	0	0	3	9
61	3	4.39025826309808	156	14	0	0	0	4	9
61	3	0.797368303174153	282	18	0	0	0	5	9
61	4	4.05048352247104	342	12	0	0	0	6	9
61	4	7.69925636425614	172	19	0	0	0	7	9
61	6	2.51101472391747	378	18	0	0	0	8	9
61	7	5.72306833206676	153	44	2	0	0	9	9
62	2	0.168630345957354	320	15	1	0	0	1	9
62	2	4.27532694605179	263	16	0	0	0	2	9
62	3	4.29561844607815	374	15	0	0	0	3	9
62	4	5.79708725214005	255	15	0	0	0	4	9
62	6	1.6922156359069	210	15	0	0	0	5	9
62	6	5.23715074313805	205	14	0	0	0	6	9
62	6	6.30149334785528	608	18	0	0	0	7	9
62	7	4.04365512891673	202	18	0	0	0	8	9
62	8	6.01413415651768	265	14	2	0	0	9	9
63	1	3.75574027467519	332	15	1	0	0	1	9
63	2	5.52217065752484	507	16	0	0	0	2	9
63	3	4.01565083325841	458	16	0	0	0	3	9
63	4	4.38718398706988	275	17	0	0	0	4	9
63	5	4.65548875299282	254	16	0	0	0	5	9
63	7	2.15247541014105	270	13	0	0	0	6	9
63	8	1.11493581417017	175	14	0	0	0	7	9
63	8	5.30440186779015	476	18	0	0	0	8	9
63	9	4.06255143578164	489	37	2	0	0	9	9
64	1	3.7589142867364	315	15	1	0	0	1	9
64	2	4.32631094590761	374	18	0	0	0	2	9
64	3	3.98809253401123	491	17	0	0	0	3	9
64	4	3.30369868711568	272	14	0	0	0	4	9
64	5	1.83016720204614	211	15	0	0	0	5	9
64	6	2.80229341983795	299	16	0	0	0	6	9
64	7	4.47210127464496	221	20	0	0	0	7	9
64	8	3.15431976900436	312	13	0	0	0	8	9
64	8	5.36639639548957	222	19	0	0	0	9	9
64	9	4.43078713002615	170	17	2	0	0	10	9
65	1	3.96362118585967	251	14	1	0	0	1	9
65	2	2.60059448308311	316	16	0	0	0	2	9
65	3	4.33346172422171	204	14	0	0	0	3	9
65	3	8.14169611223042	229	17	0	0	0	4	9
65	4	3.3885637188796	610	16	0	0	0	5	9
65	3	9.49503213074058	193	22	0	0	0	6	9
65	5	5.42345446837135	266	15	0	0	0	7	9
65	6	3.9843690758571	283	14	0	0	0	8	9
65	7	3.27847162936814	157	18	0	0	0	9	9
65	9	1.92035889369436	291	16	0	0	0	10	9
65	10	4.55226337676868	293	23	0	0	0	11	9
65	11	4.76225857925601	435	30	2	0	0	12	9
66	1	2.15718499664217	168	16	1	0	0	1	9
66	2	3.01257961033843	298	16	0	0	0	2	9
66	3	4.94561287527904	169	16	0	0	0	3	9
66	4	3.36173794628121	224	14	0	0	0	4	9
66	4	7.88600783259608	287	14	0	0	0	5	9
66	5	3.21603011502884	578	19	0	0	0	6	9
66	6	6.29098823899403	459	16	0	0	0	7	9
66	7	3.82850783201866	310	18	0	0	0	8	9
66	9	1.44072505738586	204	16	0	0	0	9	9
66	9	5.11717059905641	520	17	0	0	0	10	9
66	10	5.70125254942104	253	21	0	0	0	11	9
66	11	3.39805219275877	204	34	2	0	0	12	9
67	2	1.4604875643272	649	16	1	0	0	1	9
67	3	3.81586381909437	309	19	0	0	0	2	9
67	2	3.09974356158637	223	21	0	0	0	3	9
67	4	5.19756014295854	340	12	0	0	0	4	9
67	4	8.94452421297319	904	16	0	0	0	5	9
67	5	3.92541837575845	174	19	0	0	0	6	9
67	4	2.43029818637297	279	20	0	0	0	7	9
67	6	0.983009949559346	304	15	0	0	0	8	9
67	6	5.55573521624319	346	18	0	0	0	9	9
67	7	5.2622149863746	388	42	2	0	0	10	9
69	1	3.62166778137907	149	13	1	0	0	1	9
69	2	1.63217159267515	121	14	0	0	0	2	9
69	2	5.46151921432465	196	16	0	0	0	3	9
69	3	4.09824047307484	241	17	0	0	0	4	9
69	4	4.69250177009962	595	15	0	0	0	5	9
69	5	4.29234825121239	189	16	0	0	0	6	9
69	6	4.95237628370523	316	18	0	0	0	7	9
69	7	4.30779928108677	269	18	2	0	0	8	9
70	1	4.22306169546209	319	17	1	0	0	1	9
70	2	3.28925220435485	262	15	0	0	0	2	9
70	3	2.41997031355277	237	17	0	0	0	3	9
70	4	3.24147443450056	306	15	0	0	0	4	9
70	5	3.84959874115884	298	14	0	0	0	5	9
70	5	6.19676341838203	347	17	0	0	0	6	9
70	6	5.26367087755352	226	16	0	0	0	7	9
70	7	4.73916823696345	241	16	0	0	0	8	9
70	9	0.844805263448507	237	14	2	0	0	9	9
71	1	3.73260256578214	219	13	1	0	0	1	9
71	2	1.72732208785601	196	12	0	0	0	2	9
71	2	4.03211995773017	236	15	0	0	0	3	9
71	3	3.32562268199399	220	16	0	0	0	4	9
71	4	2.50564216659404	466	17	0	0	0	5	9
71	5	3.42779635824263	348	12	0	0	0	6	9
71	6	2.25979598821141	361	16	0	0	0	7	9
71	7	5.14174432051368	173	13	0	0	0	8	9
71	8	3.89413075032644	337	14	0	0	0	9	9
71	7	3.88625483843498	185	15	0	0	0	10	9
71	8	4.08864354342222	166	14	0	0	0	11	9
71	10	0.0561864203773439	196	15	0	0	0	12	9
71	10	3.9378765579313	342	16	0	0	0	13	9
71	11	4.25974293262698	177	48	2	0	0	14	9
72	1	3.19216566719115	300	16	1	0	0	1	9
72	2	4.32443860592321	248	15	0	0	0	2	9
72	3	3.65306203393266	314	17	0	0	0	3	9
72	4	5.82419777358882	256	19	0	0	0	4	9
72	6	0.763838980579749	318	16	0	0	0	5	9
72	6	5.77337553957477	450	18	0	0	0	6	9
72	7	5.90830580773763	407	50	2	0	0	7	9
75	1	3.69012938230298	312	13	1	0	0	1	9
75	2	3.37348660733551	260	14	0	0	0	2	9
75	3	1.19690428581089	365	18	0	0	0	3	9
75	4	2.6790560958907	288	17	0	0	0	4	9
75	4	5.49532679561526	141	12	0	0	0	5	9
75	5	2.46409763605334	219	15	0	0	0	6	9
75	5	7.53137694089673	193	13	0	0	0	7	9
75	6	3.80622064997442	145	15	0	0	0	8	9
75	8	0.987601313972846	352	17	0	0	0	9	9
75	9	3.50944928638637	571	40	2	0	0	10	9
76	2	1.655299247941	350	17	1	0	0	1	9
76	2	5.93077907757834	194	15	0	0	0	2	9
76	3	2.61490849521942	197	15	0	0	0	3	9
76	4	1.34652964607812	281	19	0	0	0	4	9
76	5	3.68871592287906	177	17	0	0	0	5	9
76	6	5.4013566179201	432	16	0	0	0	6	9
76	7	0.843370834598318	298	17	0	0	0	7	9
76	7	7.17771844705567	170	19	0	0	0	8	9
76	7	0.727160253562033	140	20	0	0	0	9	9
76	6	3.41876384732313	190	15	0	0	0	10	9
76	6	9.75571349798702	172	16	0	0	0	11	9
76	7	2.59889039583504	248	13	0	0	0	12	9
76	7	5.68469147593714	153	17	0	0	0	13	9
76	8	2.98467951593921	277	15	0	0	0	14	9
76	9	2.08623490179889	257	42	2	0	0	15	9
77	1	2.04234056011774	202	16	1	0	0	1	9
77	2	2.52733870246448	195	16	0	0	0	2	9
77	2	7.08381450455636	133	15	0	0	0	3	9
77	3	2.06802334776148	411	18	0	0	0	4	9
77	4	2.87140606855974	224	12	0	0	0	5	9
77	4	4.78716895799153	140	15	0	0	0	6	9
77	5	3.35010668844916	217	15	0	0	0	7	9
77	6	2.92162071657367	435	18	0	0	0	8	9
77	7	4.84850602643564	255	13	2	0	0	9	9
78	1	2.6939336094074	167	17	1	0	0	1	9
78	2	3.95825343742035	263	13	0	0	0	2	9
78	2	4.4270624902565	211	15	0	0	0	3	9
78	3	1.40782082267106	354	18	0	0	0	4	9
78	4	1.8526120360475	260	17	0	0	0	5	9
78	5	2.27115113683976	214	14	0	0	0	6	9
78	6	2.33032820071094	142	17	0	0	0	7	9
78	7	3.07242678641342	165	16	0	0	0	8	9
78	8	4.07759133423679	150	22	0	0	0	9	9
78	10	3.73084511468187	247	33	2	0	0	10	9
79	2	0.234972417587414	350	13	1	0	0	1	9
79	2	3.8405802375637	149	16	0	0	0	2	9
79	3	2.20060767163523	223	15	0	0	0	3	9
79	4	1.36320205708034	262	14	0	0	0	4	9
79	5	1.00774635607377	194	16	0	0	0	5	9
79	6	2.32865394023247	251	16	0	0	0	6	9
79	7	3.97953413310461	249	13	0	0	0	7	9
79	8	4.8950662240386	181	20	0	0	0	8	9
79	9	4.5447319529485	383	18	0	0	0	9	9
79	10	3.26588305737823	740	41	2	0	0	10	9
80	1	1.6096987540368	229	15	1	0	0	1	9
80	2	2.1748794419691	231	17	0	0	0	2	9
80	3	2.79715761425905	280	15	0	0	0	3	9
80	3	5.55907294969074	224	17	0	0	0	4	9
80	4	3.17124804388732	190	16	0	0	0	5	9
80	5	6.28554110182449	264	17	0	0	0	6	9
80	6	5.59718717145734	204	18	0	0	0	7	9
80	7	3.48002391704358	270	14	0	0	0	8	9
80	8	3.45593784819357	284	12	0	0	0	9	9
80	8	6.91860038926825	323	18	0	0	0	10	9
80	9	3.44447948154993	708	36	2	0	0	11	9
82	1	3.66639129212126	317	14	1	0	0	1	9
82	2	3.97721241344698	317	18	0	0	0	2	9
82	3	4.23991551157087	236	18	0	0	0	3	9
82	3	10.3719734714832	197	17	0	0	0	4	9
82	4	4.62602935614996	214	15	0	0	0	5	9
82	6	0.0315426632296294	206	19	0	0	0	6	9
82	7	1.45332266204059	188	14	0	0	0	7	9
82	7	5.41513018216938	200	15	0	0	0	8	9
82	8	3.56544433603995	281	25	0	0	0	9	9
82	9	2.73933472041972	500	18	0	0	0	10	9
82	10	3.16699052834883	483	34	2	0	0	11	9
83	1	2.93484259885736	143	12	1	0	0	1	9
83	2	2.63996461546049	200	17	0	0	0	2	9
83	3	2.01511554629542	169	16	0	0	0	3	9
83	2	5.90849011973478	269	17	0	0	0	4	9
83	3	2.7190002980642	300	14	0	0	0	5	9
83	3	5.80901801190339	41	17	0	0	0	6	9
83	4	2.55604297132231	176	15	0	0	0	7	9
83	4	7.10158229293302	184	17	0	0	0	8	9
83	3	4.30973370070569	252	16	0	0	0	9	9
83	4	5.96567504131235	377	19	0	0	0	10	9
83	5	5.65524100814946	291	18	0	0	0	11	9
83	7	0.0546951794531196	201	13	0	0	0	12	9
83	7	3.73487104126252	557	17	0	0	0	13	9
83	8	5.70708081428893	255	14	0	0	0	14	9
83	8	9.50738463364542	169	22	0	0	0	15	9
83	9	5.26481213909574	204	18	2	0	0	16	9
84	1	4.81451296573505	281	19	1	0	0	1	9
84	3	1.56312029156834	183	15	0	0	0	2	9
84	3	4.89103799592704	302	14	0	0	0	3	9
84	4	2.06651300447993	317	19	0	0	0	4	9
84	5	3.27957567875274	203	12	0	0	0	5	9
84	5	5.32099648029543	262	21	0	0	0	6	9
84	6	3.7993065000046	332	16	0	0	0	7	9
84	7	3.67909747036174	433	20	0	0	0	8	9
84	8	3.43464003340341	687	18	0	0	0	9	9
84	9	3.58969506039284	234	16	2	0	0	10	9
85	1	3.80436499300413	301	16	1	0	0	1	9
85	2	4.99538359465078	270	16	0	0	0	2	9
85	2	7.26791586447507	523	16	0	0	0	3	9
85	3	3.71785913989879	377	20	0	0	0	4	9
85	2	3.12750749406405	358	13	0	0	0	5	9
85	2	5.59795188927092	125	16	0	0	0	6	9
85	3	3.57462947862223	353	16	0	0	0	7	9
85	4	2.70581893832423	213	15	0	0	0	8	9
85	5	1.11404529237188	555	16	0	0	0	9	9
85	6	0.279563423478976	190	19	0	0	0	10	9
85	6	4.14172398904338	470	24	0	0	0	11	9
85	8	1.52426683763042	243	15	0	0	0	12	9
85	9	2.16351035027765	292	38	2	0	0	13	9
86	1	2.32980710105039	189	15	1	0	0	1	9
86	2	3.78103193384595	220	14	0	0	0	2	9
86	2	0.843103888444602	143	14	0	0	0	3	9
86	2	4.23283704440109	253	15	0	0	0	4	9
86	3	4.51496961084194	542	16	0	0	0	5	9
86	4	5.40011994843371	225	14	0	0	0	6	9
86	4	8.20846374612302	237	14	0	0	0	7	9
86	4	4.23269165819511	331	15	0	0	0	8	9
86	4	9.84134823200293	194	18	0	0	0	9	9
86	6	0.627784811193123	318	16	0	0	0	10	9
86	6	6.0569111185614	247	20	0	0	0	11	9
86	8	1.73218824504875	345	13	0	0	0	12	9
86	8	4.51826168131083	474	17	0	0	0	13	9
86	9	4.84238242218271	351	39	2	0	0	14	9
87	2	1.77756457286887	337	15	1	0	0	1	9
87	2	5.57150883902796	359	18	0	0	0	2	9
87	3	4.9951670167502	372	17	0	0	0	3	9
87	4	6.60605901340023	369	16	0	0	0	4	9
87	5	3.96420639078133	197	16	0	0	0	5	9
87	6	4.50920614064671	243	18	0	0	0	6	9
87	7	5.50386291113682	161	17	2	0	0	7	9
88	1	3.10223639174365	299	17	1	0	0	1	9
88	3	2.48278553062119	189	13	0	0	0	2	9
88	3	5.51590013387613	196	17	0	0	0	3	9
88	4	2.99436072353274	216	16	0	0	0	4	9
88	5	3.07540158554912	316	13	0	0	0	5	9
88	5	5.5044147844892	158	21	0	0	0	6	9
88	6	5.45040565426461	123	17	0	0	0	7	9
88	7	3.99524702969939	275	18	0	0	0	8	9
88	8	3.53169246320613	246	17	0	0	0	9	9
88	9	3.07820819248445	510	41	2	0	0	10	9
89	2	0.24548875563778	289	14	1	0	0	1	9
89	2	5.09869957319461	272	16	0	0	0	2	9
89	3	4.68870292068459	269	12	0	0	0	3	9
89	3	6.44620927725919	288	14	0	0	0	4	9
89	4	4.05600758874789	218	15	0	0	0	5	9
89	6	0.654173235176131	301	16	0	0	0	6	9
89	6	6.77857912424952	398	15	0	0	0	7	9
89	6	12.6398624733556	233	17	0	0	0	8	9
89	7	5.28263208130375	216	19	0	0	0	9	9
89	8	6.28958443109877	757	39	2	0	0	10	9
90	1	2.00482050701976	341	15	1	0	0	1	9
90	2	2.24303411715664	170	19	0	0	0	2	9
90	3	5.01697832741775	205	17	0	0	0	3	9
90	3	10.6480332938954	263	16	0	0	0	4	9
90	5	1.01351705682464	375	15	0	0	0	5	9
90	5	4.13612151984125	342	15	0	0	0	6	9
90	6	4.11518682399765	219	20	0	0	0	7	9
90	7	5.09203259903006	619	16	0	0	0	8	9
90	9	0.629205349599943	209	12	0	0	0	9	9
90	9	2.70386795559898	354	43	2	0	0	10	9
91	1	2.20441571669653	174	13	1	0	0	1	9
91	2	1.35545197082683	254	13	0	0	0	2	9
91	2	4.95999144506641	160	15	0	0	0	3	9
91	2	9.7923126143869	244	15	0	0	0	4	9
91	3	3.54081470076926	503	18	0	0	0	5	9
91	5	3.5875001733657	250	17	0	0	0	6	9
91	6	3.7900190402288	234	12	0	0	0	7	9
91	7	3.50353513401933	193	17	0	0	0	8	9
91	8	0.697539356769994	173	15	0	0	0	9	9
91	7	7.81713398988359	219	25	0	0	0	10	9
91	8	3.12219365919009	188	20	0	0	0	11	9
91	9	2.27443275065161	190	19	2	0	0	12	9
92	1	2.56173339509405	266	14	1	0	0	1	9
92	2	4.43374325381592	281	19	0	0	0	2	9
92	3	4.46816757507622	273	18	0	0	0	3	9
92	4	4.87785735540092	210	15	0	0	0	4	9
92	5	2.66826737183146	320	23	0	0	0	5	9
92	3	3.06788391107693	321	21	0	0	0	6	9
92	5	2.58094778936356	300	17	0	0	0	7	9
92	6	3.03540270868689	312	14	0	0	0	8	9
92	8	0.113614313537255	213	13	0	0	0	9	9
92	8	4.53353226324543	106	17	0	0	0	10	9
92	9	4.30609212419949	231	19	0	0	0	11	9
92	10	7.30651908135042	191	19	2	0	0	12	9
93	1	2.16124324896373	204	14	1	0	0	1	9
93	2	3.19263155898079	228	16	0	0	0	2	9
93	3	0.888171345228329	188	16	0	0	0	3	9
93	2	4.98132492555305	286	23	0	0	0	4	9
93	4	1.8637685731519	839	15	0	0	0	5	9
93	4	5.33429728611372	166	17	0	0	0	6	9
93	5	7.7006212642882	323	13	0	0	0	7	9
93	5	3.92779325856827	261	17	0	0	0	8	9
93	5	9.80375124560669	285	18	0	0	0	9	9
93	6	0.534225159557536	99	14	0	0	0	10	9
93	6	5.80781405395828	401	17	0	0	0	11	9
93	7	7.93849923275411	471	18	0	0	0	12	9
93	8	5.4250072138384	405	49	2	0	0	13	9
94	1	2.01224158424884	168	13	1	0	0	1	9
94	2	1.92168713454157	139	15	0	0	0	2	9
94	2	5.81618271837942	156	16	0	0	0	3	9
94	3	3.97364391456358	185	17	0	0	0	4	9
94	2	3.91922098887153	209	16	0	0	0	5	9
94	3	2.37356045539491	462	17	0	0	0	6	9
94	2	3.67639879672788	251	16	0	0	0	7	9
94	3	2.07685508509167	260	14	0	0	0	8	9
94	4	1.06455471948721	190	14	0	0	0	9	9
94	5	1.30456715193577	252	16	0	0	0	10	9
94	5	8.12569018430077	151	12	0	0	0	11	9
94	5	5.56197331473231	295	17	0	0	0	12	9
94	6	3.38517307303846	268	16	0	0	0	13	9
94	7	2.18909374554642	323	15	0	0	0	14	9
94	8	4.56166944513097	341	15	2	0	0	15	9
95	2	0.662152217468247	299	17	1	0	0	1	9
95	3	1.94361330755055	202	17	0	0	0	2	9
95	4	3.80331973056309	247	15	0	0	0	3	9
95	5	5.40109556121752	392	16	0	0	0	4	9
95	6	4.57938614976592	236	16	0	0	0	5	9
95	7	5.09976959438063	309	15	0	0	0	6	9
95	7	9.93074423843063	203	40	2	0	0	7	9
96	2	0.577177097322419	201	12	1	0	0	1	9
96	2	2.172272749478	224	19	0	0	0	2	9
96	4	3.59507881104946	269	14	0	0	0	3	9
96	6	2.62949285423383	215	18	0	0	0	4	9
96	7	2.704326082021	224	15	0	0	0	5	9
96	7	5.48802681779489	286	22	0	0	0	6	9
96	8	5.66828616219573	216	18	0	0	0	7	9
96	7	7.82677603024058	241	16	0	0	0	8	9
96	8	5.3727494624909	169	18	0	0	0	9	9
96	10	1.00833306787536	233	16	0	0	0	10	9
96	11	0.305465515935794	440	21	0	0	0	11	9
96	12	5.8332379066851	272	37	2	0	0	12	9
98	1	2.08266800874844	140	12	1	0	0	1	9
98	2	0.793662032810971	116	15	0	0	0	2	9
98	2	5.68786507495679	306	17	0	0	0	3	9
98	4	1.72871186537668	350	16	0	0	0	4	9
98	4	7.60728328372352	366	15	0	0	0	5	9
98	5	2.05542585509829	192	19	0	0	0	6	9
98	6	4.7492788375821	741	19	0	0	0	7	9
98	8	2.25921110599302	298	16	0	0	0	8	9
98	9	5.0549636753276	166	19	0	0	0	9	9
98	10	5.70965725835413	178	20	2	0	0	10	9
99	1	2.77940746746026	149	14	1	0	0	1	9
99	2	0.623625288950279	134	15	0	0	0	2	9
99	2	5.34248823230155	192	15	0	0	0	3	9
99	3	3.66801562043838	244	16	0	0	0	4	9
99	4	3.7411357043311	342	16	0	0	0	5	9
99	5	3.71858978411183	271	18	0	0	0	6	9
99	6	3.58203054452315	423	16	0	0	0	7	9
99	7	2.43959971354343	257	15	0	0	0	8	9
99	8	4.94138977117836	235	14	0	0	0	9	9
99	8	7.29290110687725	118	43	2	0	0	10	9
101	2	0.158594976877794	278	15	1	0	0	1	9
101	2	6.11358990077861	282	16	0	0	0	2	9
101	3	3.862567655975	241	21	0	0	0	3	9
101	4	1.85962140071206	174	15	0	0	0	4	9
101	5	3.93229684839025	220	17	0	0	0	5	9
101	5	6.23596007563174	581	18	0	0	0	6	9
101	6	4.3135039662011	243	17	0	0	0	7	9
101	7	3.10792433540337	331	16	0	0	0	8	9
101	6	3.16311395703815	194	15	0	0	0	9	9
101	7	2.63286500936374	255	15	0	0	0	10	9
101	8	2.94295622664504	194	17	0	0	0	11	9
101	9	4.08323156763799	943	38	2	0	0	12	9
102	1	2.79131338885054	151	13	1	0	0	1	9
102	2	2.93530308571644	204	14	0	0	0	2	9
102	2	5.90507201128639	132	15	0	0	0	3	9
102	3	3.20511831040494	254	16	0	0	0	4	9
102	4	2.85874744015746	201	13	0	0	0	5	9
102	5	2.03586605400778	329	14	0	0	0	6	9
102	5	6.62009818595834	334	15	0	0	0	7	9
102	6	3.05376069643535	427	19	0	0	0	8	9
102	7	4.81210456113331	240	17	0	0	0	9	9
102	8	4.81818496948108	317	19	0	0	0	10	9
102	9	4.40363060124218	139	43	2	0	0	11	9
103	2	0.779242354445159	345	17	1	0	0	1	9
103	3	0.155014061136171	310	15	0	0	0	2	9
103	3	5.99896736303344	314	16	0	0	0	3	9
103	4	5.93530145008117	685	14	0	0	0	4	9
103	4	8.78476153314114	175	16	0	0	0	5	9
103	5	3.87744106026366	439	14	0	0	0	6	9
103	6	3.27968940092251	102	15	0	0	0	7	9
103	7	3.05479610222392	271	18	0	0	0	8	9
103	8	5.21016603079624	571	44	2	0	0	9	9
104	1	2.56465901457705	179	16	1	0	0	1	9
104	2	4.37489940389059	188	12	0	0	0	2	9
104	2	6.44391001039185	167	17	0	0	0	3	9
104	3	3.88586488296278	292	15	0	0	0	4	9
104	4	5.26594390626997	175	20	0	0	0	5	9
104	6	2.00484042707831	233	13	0	0	0	6	9
104	6	3.52921677101403	397	15	0	0	0	7	9
104	7	4.80858584749512	255	12	0	0	0	8	9
104	7	7.43064742721617	217	17	0	0	0	9	9
104	8	4.8587224513758	322	25	0	0	0	10	9
104	10	0.605454207630828	340	14	0	0	0	11	9
104	10	4.15588091011159	174	37	2	0	0	12	9
105	1	3.41304730065167	214	14	1	0	0	1	9
105	2	4.89097070414573	219	17	0	0	0	2	9
105	3	4.40778494300321	295	15	0	0	0	3	9
105	4	2.265240004519	202	16	0	0	0	4	9
105	6	0.0344638577662408	337	14	0	0	0	5	9
105	6	4.08592508570291	280	14	0	0	0	6	9
105	7	3.84343288443051	253	52	2	0	0	7	9
106	1	2.27369976951741	257	13	1	0	0	1	9
106	2	3.2117487823125	525	17	0	0	0	2	9
106	3	2.03284431062639	210	13	0	0	0	3	9
106	4	1.83887764276005	458	22	0	0	0	4	9
106	3	2.41574395960197	260	20	0	0	0	5	9
106	4	2.63823819998652	186	14	0	0	0	6	9
106	5	0.0823116600513458	334	15	0	0	0	7	9
106	6	1.88195716799237	156	21	0	0	0	8	9
106	7	2.15005078166723	564	49	2	0	0	9	9
107	2	0.0171519110444933	317	17	1	0	0	1	9
107	2	5.47158134775236	171	16	0	0	0	2	9
107	1	2.78771340963431	187	16	0	0	0	3	9
107	2	4.75271600857377	193	14	0	0	0	4	9
107	2	6.82963152090088	216	21	0	0	0	5	9
107	1	1.47566050314344	191	21	0	0	0	6	9
107	3	3.97056748531759	243	15	0	0	0	7	9
107	4	3.37647177907638	206	16	0	0	0	8	9
107	5	3.04053534753621	231	16	0	0	0	9	9
107	6	3.76682315208018	252	13	0	0	0	10	9
107	6	5.1163701210171	166	20	0	0	0	11	9
107	7	3.46327556995675	320	26	0	0	0	12	9
107	10	4.01030192291364	627	32	2	0	0	13	9
108	1	3.57816003332846	234	16	1	0	0	1	9
108	2	4.79814004898071	261	14	0	0	0	2	9
108	2	8.84943748824298	162	14	0	0	0	3	9
108	3	3.64471422415227	158	17	0	0	0	4	9
108	2	4.36592071154155	291	19	0	0	0	5	9
108	3	3.15486023132689	266	17	0	0	0	6	9
108	4	5.23765302356333	302	17	0	0	0	7	9
108	5	1.32143032853492	200	17	0	0	0	8	9
108	6	3.77877521445043	162	17	0	0	0	9	9
108	8	1.7461801385507	216	15	0	0	0	10	9
108	9	3.18300619604997	172	14	2	0	0	11	9
109	1	2.44874622789212	159	13	1	0	0	1	9
109	2	1.66072012204677	158	14	0	0	0	2	9
109	2	6.80352874984965	211	17	0	0	0	3	9
109	2	12.6969199571759	169	15	0	0	0	4	9
109	3	3.38481507450342	173	18	0	0	0	5	9
109	4	3.3652979186736	413	15	0	0	0	6	9
109	5	2.57873060135171	222	18	0	0	0	7	9
109	6	3.31157644768246	279	15	0	0	0	8	9
109	7	2.14481291500852	406	15	0	0	0	9	9
109	8	3.24874022323638	304	18	0	0	0	10	9
109	9	4.32815237762406	648	40	2	0	0	11	9
110	1	3.43364699068479	164	18	1	0	0	1	9
110	2	3.44924310408533	203	15	0	0	0	2	9
110	2	7.1967774934601	325	17	0	0	0	3	9
110	3	3.40142318233848	307	18	0	0	0	4	9
110	4	3.27189033990726	241	13	0	0	0	5	9
110	5	3.21962164179422	187	17	0	0	0	6	9
110	6	3.21252644388005	407	17	0	0	0	7	9
110	7	5.9992132014595	369	29	0	0	0	8	9
110	8	3.77652362268418	244	18	0	0	0	9	9
110	9	3.99748088372871	247	15	0	0	0	10	9
110	10	5.8437110921368	291	13	2	0	0	11	9
111	2	0.456323019461706	272	15	1	0	0	1	9
111	2	6.10364023386501	190	14	0	0	0	2	9
111	2	10.5453249714337	220	13	0	0	0	3	9
111	2	14.2681915129069	400	15	0	0	0	4	9
111	3	4.47631788416766	194	22	0	0	0	5	9
111	2	10.1608946279157	97	17	0	0	0	6	9
111	2	2.60163915436715	166	12	0	0	0	7	9
111	1	3.89301561634056	211	17	0	0	0	8	9
111	2	7.41350511531346	192	17	0	0	0	9	9
111	2	13.2947512303945	247	16	0	0	0	10	9
111	3	5.76062583457679	247	15	0	0	0	11	9
111	5	0.366591094760224	269	18	0	0	0	12	9
111	3	5.47885216935538	202	16	0	0	0	13	9
111	4	3.70507131842896	200	14	0	0	0	14	9
111	5	4.34299980360083	369	15	0	0	0	15	9
111	6	3.14311684458517	611	20	0	0	0	16	9
111	5	4.3340321991127	65	15	0	0	0	17	9
111	4	1.00095302774571	221	15	0	0	0	18	9
111	5	3.3707790337503	188	15	0	0	0	19	9
111	6	4.86978880967945	198	16	0	0	0	20	9
111	7	3.680360985687	213	14	0	0	0	21	9
111	8	3.85162381920964	201	14	0	0	0	22	9
111	8	5.08202130976133	282	20	0	0	0	23	9
111	9	4.15473085292615	484	16	0	0	0	24	9
111	10	3.61605971259996	317	33	2	0	0	25	9
112	1	2.53380266344175	201	15	1	0	0	1	9
112	2	3.29061062936671	327	16	0	0	0	2	9
112	1	2.81885994621553	181	16	0	0	0	3	9
112	2	4.63255120394751	310	19	0	0	0	4	9
112	3	4.46153362980112	324	14	0	0	0	5	9
112	4	3.84313904587179	253	14	0	0	0	6	9
112	5	2.37489915499464	198	16	0	0	0	7	9
112	4	1.75795508432202	178	17	0	0	0	8	9
112	6	1.80838785413653	199	13	0	0	0	9	9
112	6	4.05296493181959	160	16	0	0	0	10	9
112	7	3.7698916872032	205	13	0	0	0	11	9
112	8	3.56892846594565	207	27	0	0	0	12	9
112	9	5.04977372358553	282	40	2	0	0	13	9
113	1	2.51191430701874	149	12	1	0	0	1	9
113	2	2.85354571533389	195	17	0	0	0	2	9
113	4	1.15172277484089	229	15	0	0	0	3	9
113	4	5.55473030847497	158	17	0	0	0	4	9
113	3	3.78135644341819	169	17	0	0	0	5	9
113	4	5.66594871296547	271	16	0	0	0	6	9
113	5	4.92301278142259	188	18	0	0	0	7	9
113	4	5.32011048961431	287	22	0	0	0	8	9
113	5	4.51676211529411	237	18	0	0	0	9	9
113	7	1.576661209343	328	14	0	0	0	10	9
113	7	5.38784719561227	336	50	2	0	0	11	9
114	1	2.61741480673663	204	13	1	0	0	1	9
114	2	2.52083876170218	179	16	0	0	0	2	9
114	3	4.68932940112427	227	21	0	0	0	3	9
114	4	2.02798080351204	331	14	0	0	0	4	9
114	6	2.13663573213853	439	14	0	0	0	5	9
114	7	3.69750324869528	232	12	0	0	0	6	9
114	7	5.31347126862966	226	15	0	0	0	7	9
114	8	2.38672267692164	346	19	0	0	0	8	9
114	9	1.44843721436337	260	15	0	0	0	9	9
114	10	1.15926677850075	508	16	0	0	0	10	9
114	11	4.4579646429047	962	45	2	0	0	11	9
