1	1	3.36333988164552	240	19	1	0	0	1	28
1	3	0.361444000620395	599	20	0	0	0	2	28
1	3	9.1962655831594	149	19	0	0	0	3	28
1	5	0.525150532601401	227	18	0	0	0	4	28
1	6	1.98571262764744	420	15	0	0	0	5	28
1	5	2.80393834970891	158	13	0	0	0	6	28
1	4	4.51035850774497	160	22	0	0	0	7	28
1	7	0.377326731104404	370	20	0	0	0	8	28
1	9	2.88955976720899	196	12	0	0	0	9	28
1	9	0.352058810181916	158	22	0	0	0	10	28
1	10	3.67775677982718	366	20	2	0	0	11	28
2	1	1.61539736692794	191	20	1	0	0	1	28
2	3	3.12172181392089	189	22	0	0	0	2	28
2	4	5.76646025571972	86	25	0	0	0	3	28
2	2	2.72400027583353	219	21	0	0	0	4	28
2	4	2.77881400310434	267	25	0	0	0	5	28
2	6	1.83997394749895	293	20	0	0	0	6	28
2	7	5.55615780642256	210	27	0	0	0	7	28
2	9	5.59979266161099	162	19	2	0	0	8	28
3	8	0.972750985063612	193	37	1	0	0	1	28
3	3	0.975203690584749	161	14	0	0	0	2	28
3	2	1.07449930137955	192	23	0	0	0	3	28
3	4	4.05294126179069	227	19	0	0	0	4	28
3	6	3.35647451062687	226	19	0	0	0	5	28
3	8	2.61811833386309	144	22	0	0	0	6	28
3	6	3.92326897871681	158	13	0	0	0	7	28
3	5	2.71545502962545	234	23	0	0	0	8	28
3	7	3.90543744876049	272	31	0	0	0	9	28
3	10	1.35007853270508	178	19	0	0	0	10	28
3	10	8.15559649071656	201	43	2	0	0	11	28
4	1	3.44456524867564	239	19	1	0	0	1	28
4	2	6.53227159706876	255	19	0	0	0	2	28
4	4	2.25428557954729	316	21	0	0	0	3	28
4	5	4.57357345055789	169	19	0	0	0	4	28
4	4	4.61444914713502	165	26	0	0	0	5	28
4	7	1.67106763459742	202	23	0	0	0	6	28
4	8	5.00368933659047	172	25	2	0	0	7	28
5	1	4.04156881570816	253	24	1	0	0	1	28
5	2	8.66858379286714	166	19	0	0	0	2	28
5	2	2.86395435873419	127	22	0	0	0	3	28
5	1	1.80579108418897	342	20	0	0	0	4	28
5	2	5.31592776463367	263	24	0	0	0	5	28
5	4	3.15469249105081	384	22	0	0	0	6	28
5	5	4.83007391868159	265	24	0	0	0	7	28
5	4	6.88576820283197	157	26	0	0	0	8	28
5	6	0.471004607155919	56	19	0	0	0	9	28
5	7	4.04995679389685	240	16	0	0	0	10	28
5	7	1.21020546508953	129	49	2	0	0	11	28
6	1	3.63483972498216	288	20	1	0	0	1	28
6	2	7.96771098603494	192	19	0	0	0	2	28
6	3	7.83612540317699	208	24	0	0	0	3	28
6	5	3.08578379824758	263	17	0	0	0	4	28
6	6	4.72183321695775	298	25	0	0	0	5	28
6	8	0.657688580686226	118	28	2	0	0	6	28
7	1	2.63163859280758	256	21	1	0	0	1	28
7	3	1.45922853634693	186	21	0	0	0	2	28
7	5	1.52746127452701	288	24	0	0	0	3	28
7	6	2.27863817312755	283	19	0	0	0	4	28
7	7	1.4589572690893	142	17	0	0	0	5	28
7	7	6.98830238659866	266	22	0	0	0	6	28
7	6	3.20179570652544	205	20	0	0	0	7	28
7	7	5.09867291757837	304	35	0	0	0	8	28
7	9	2.6027217481751	380	16	0	0	0	9	28
7	10	3.33321323641576	328	15	0	0	0	10	28
7	10	7.04345293110237	220	46	2	0	0	11	28
11	1	1.65100028086454	180	21	1	0	0	1	28
11	2	7.9378650886938	406	22	0	0	0	2	28
11	3	3.75585506856441	214	20	0	0	0	3	28
11	4	3.15074804937467	198	18	0	0	0	4	28
11	6	0.456638867734	194	16	0	0	0	5	28
11	5	1.78617690270767	234	24	0	0	0	6	28
11	7	3.6678796201013	236	21	0	0	0	7	28
11	6	2.46732960059308	218	20	0	0	0	8	28
11	7	3.33658074820414	193	17	0	0	0	9	28
11	8	3.26145513681695	159	19	0	0	0	10	28
11	9	4.11839319113642	251	43	2	0	0	11	28
13	2	2.00757016707212	397	22	1	0	0	1	28
13	4	2.34626344963908	172	20	0	0	0	2	28
13	3	3.399191808654	249	24	0	0	0	3	28
13	5	1.37396322493441	251	19	0	0	0	4	28
13	6	1.70689728646539	259	15	0	0	0	5	28
13	7	2.50181939150207	174	23	0	0	0	6	28
13	8	4.26837709546089	74	55	2	0	0	7	28
14	1	5.89098565513268	403	18	1	0	0	1	28
14	2	3.14621122600511	195	26	0	0	0	2	28
14	4	3.35494263330474	424	19	0	0	0	3	28
14	5	4.91415589209646	232	19	0	0	0	4	28
14	5	0.938723569503054	77	16	0	0	0	5	28
14	4	0.322665461804718	291	24	0	0	0	6	28
14	2	5.84208587487228	252	23	0	0	0	7	28
14	4	3.0116086632479	259	19	0	0	0	8	28
14	5	8.28455496719107	252	19	0	0	0	9	28
14	6	5.42248522536829	179	20	0	0	0	10	28
14	8	2.52130386489443	226	54	2	0	0	11	28
15	1	2.00484934868291	200	19	1	0	0	1	28
15	3	2.66417608130723	336	21	0	0	0	2	28
15	4	3.655935770832	168	21	0	0	0	3	28
15	6	0.182415968272835	227	21	0	0	0	4	28
15	7	5.05761643312871	326	21	0	0	0	5	28
15	8	5.39855411089957	255	22	0	0	0	6	28
15	9	5.88206913950853	421	34	2	0	0	7	28
17	1	3.24323687213473	105	23	1	0	0	1	28
17	3	3.37396992510185	153	18	0	0	0	2	28
17	2	2.92362631368451	336	21	0	0	0	3	28
17	3	2.58304688590579	188	21	0	0	0	4	28
17	2	2.74697786173783	181	21	0	0	0	5	28
17	4	1.40802336437628	265	18	0	0	0	6	28
17	5	2.55682811350562	197	18	0	0	0	7	28
17	6	4.02867818553932	196	23	0	0	0	8	28
17	8	2.10096163884737	264	15	0	0	0	9	28
17	8	6.06691386061721	154	15	0	0	0	10	28
17	9	3.7730942661874	382	56	2	0	0	11	28
18	1	2.61591062718071	175	17	1	0	0	1	28
18	2	4.56754074222408	224	18	0	0	0	2	28
18	3	5.95494716754183	245	22	0	0	0	3	28
18	5	3.43066546111368	300	20	0	0	0	4	28
18	7	1.74916707025841	253	25	0	0	0	5	28
18	9	2.20715736458078	304	19	0	0	0	6	28
18	10	3.42774168914184	149	17	2	0	0	7	28
21	1	3.16328004025854	186	20	1	0	0	1	28
21	2	6.84074017289095	296	21	0	0	0	2	28
21	3	4.44180234079249	234	18	0	0	0	3	28
21	5	2.44353984016925	223	21	0	0	0	4	28
21	6	4.37087717303075	226	36	0	0	0	5	28
21	8	3.33950067963451	248	16	0	0	0	6	28
21	7	4.01186661585234	159	20	0	0	0	7	28
21	9	3.12228483799845	332	53	2	0	0	8	28
22	1	3.2930078539066	211	25	1	0	0	1	28
22	3	3.18220751569606	184	18	0	0	0	2	28
22	3	0.944050094811246	237	22	0	0	0	3	28
22	4	4.60566268861294	410	22	0	0	0	4	28
22	5	6.21539334417321	260	22	0	0	0	5	28
22	6	5.45788980065845	268	18	0	0	0	6	28
22	7	3.07718064100482	377	15	0	0	0	7	28
22	7	6.66221584845334	388	57	2	0	0	8	28
23	1	3.76956490194425	215	17	1	0	0	1	28
23	2	4.99048995529301	326	21	0	0	0	2	28
23	4	2.6848763320595	203	19	0	0	0	3	28
23	5	3.49684071494266	182	22	0	0	0	4	28
23	6	4.24222678435035	248	19	0	0	0	5	28
23	7	4.05255556362681	177	52	2	0	0	6	28
24	1	1.59513902617618	243	23	1	0	0	1	28
24	3	0.956613304326311	249	26	0	0	0	2	28
24	5	0.79056544136256	295	27	0	0	0	3	28
24	6	4.19150930503383	196	18	0	0	0	4	28
24	8	0.331289008259773	248	17	0	0	0	5	28
24	8	3.13011583057232	226	21	0	0	0	6	28
24	10	2.96106956154108	373	23	2	0	0	7	28
25	1	3.63985176198184	293	24	1	0	0	1	28
25	4	4.94065657793544	199	15	0	0	0	2	28
25	4	1.85388737963513	160	15	0	0	0	3	28
25	3	2.73285538819619	261	22	0	0	0	4	28
25	4	6.95763133396395	242	19	0	0	0	5	28
25	6	1.42143544647843	224	19	0	0	0	6	28
25	7	4.44579271250404	261	22	0	0	0	7	28
25	8	6.1303363442421	456	14	0	0	0	8	28
25	8	4.28088047588244	207	55	2	0	0	9	28
26	1	2.90011720266193	251	21	1	0	0	1	28
26	3	2.95151462918147	228	20	0	0	0	2	28
26	5	0.974706591572613	357	12	0	0	0	3	28
26	4	3.24930724897422	121	28	0	0	0	4	28
26	7	0.777375442907214	266	15	2	0	0	5	28
27	1	2.77105022221804	240	18	1	0	0	1	28
27	2	4.1341402779799	402	33	0	0	0	2	28
27	4	1.95452528842725	222	19	0	0	0	3	28
27	4	8.56842166325077	194	22	0	0	0	4	28
27	6	3.19734430778772	328	15	0	0	0	5	28
27	6	0.388028595363721	208	18	0	0	0	6	28
27	6	4.65063289529644	288	23	0	0	0	7	28
27	7	6.7938917838037	356	47	2	0	0	8	28
29	1	3.92650838219561	181	19	1	0	0	1	28
29	2	5.47142896568403	180	19	0	0	0	2	28
29	4	1.26163883227855	290	19	0	0	0	3	28
29	2	2.10004534665495	174	18	0	0	0	4	28
29	2	5.04131684382446	208	19	0	0	0	5	28
29	4	0.652148180874065	213	20	0	0	0	6	28
29	5	3.5930299363099	202	19	0	0	0	7	28
29	5	8.32553201215342	252	20	0	0	0	8	28
29	7	0.722904774360359	229	19	0	0	0	9	28
29	7	6.7287079594098	178	23	0	0	0	10	28
29	8	2.0028865870554	259	47	2	0	0	11	28
30	1	2.56917200377211	163	24	1	0	0	1	28
30	4	4.60766785033047	153	22	0	0	0	2	28
30	2	6.93753501912579	196	17	0	0	0	3	28
30	4	0.805517657427117	333	16	0	0	0	4	28
30	4	5.37466426892206	161	20	0	0	0	5	28
30	7	1.68677288503386	432	59	2	0	0	6	28
31	1	1.55297618173063	169	21	1	0	0	1	28
31	3	3.19670905265957	168	20	0	0	0	2	28
31	2	1.38610263704322	252	22	0	0	0	3	28
31	3	7.04658610466868	258	18	0	0	0	4	28
31	4	4.87949997046962	299	22	0	0	0	5	28
31	5	4.7668500803411	333	21	0	0	0	6	28
31	7	0.271100451704115	282	27	0	0	0	7	28
31	8	4.65074710128829	366	38	2	0	0	8	28
33	1	4.3748417685274	238	22	1	0	0	1	28
33	3	0.0078408180270344	323	13	0	0	0	2	28
33	2	3.50473414338194	275	26	0	0	0	3	28
33	4	4.11185470898636	258	19	0	0	0	4	28
33	6	0.391792341833934	186	20	0	0	0	5	28
33	6	6.59045452089049	220	22	0	0	0	6	28
33	7	4.68753471085802	699	21	0	0	0	7	28
33	7	10.7289335294627	192	61	2	0	0	8	28
34	1	3.06468180380762	227	17	1	0	0	1	28
34	2	6.5537004689686	252	21	0	0	0	2	28
34	5	0.105820893775672	287	21	0	0	0	3	28
34	5	6.41659821290523	153	19	0	0	0	4	28
34	7	0.239000925095752	218	20	0	0	0	5	28
34	7	7.60297021479346	319	24	0	0	0	6	28
34	8	5.92201171652414	382	17	0	0	0	7	28
34	8	10.2356725526042	319	48	2	0	0	8	28
35	1	2.07371334638447	185	18	1	0	0	1	28
35	2	6.18038049479946	224	15	0	0	0	2	28
35	2	3.40057055721991	217	15	0	0	0	3	28
35	1	3.3667219588533	154	21	0	0	0	4	28
35	3	3.03544045984745	227	21	0	0	0	5	28
35	4	6.40822353330441	238	21	0	0	0	6	28
35	5	3.52401237282902	210	19	0	0	0	7	28
35	6	4.05792036931962	402	54	2	0	0	8	28
36	1	1.5773456057068	218	17	1	0	0	1	28
36	2	2.29005248029716	394	20	0	0	0	2	28
36	3	6.7199350730516	248	18	0	0	0	3	28
36	4	5.94620929821394	167	16	0	0	0	4	28
36	5	3.97187405754812	186	23	0	0	0	5	28
36	6	3.58158697071485	378	18	0	0	0	6	28
36	7	1.86994567350484	297	21	0	0	0	7	28
36	8	2.36442076228559	210	22	2	0	0	8	28
38	1	3.98076891107485	288	21	1	0	0	1	28
38	2	6.69259940064512	167	19	0	0	0	2	28
38	3	7.13692498579621	181	21	0	0	0	3	28
38	4	4.63697020686232	302	26	0	0	0	4	28
38	6	5.54176053777337	177	15	0	0	0	5	28
38	6	1.70826723659411	168	20	0	0	0	6	28
38	8	3.33934898115695	386	23	0	0	0	7	28
38	9	8.29262423608452	296	12	2	0	0	8	28
39	1	3.54788834229112	250	25	1	0	0	1	28
39	3	0.268509361660108	168	19	0	0	0	2	28
39	2	5.26541705103591	86	12	0	0	0	3	28
39	2	3.39366364548914	251	21	0	0	0	4	28
39	3	0.403374910354614	122	18	0	0	0	5	28
39	2	6.02166232466698	173	23	0	0	0	6	28
39	4	2.68101169820875	280	16	0	0	0	7	28
39	3	5.50887045683339	190	19	0	0	0	8	28
39	5	3.60596577101387	277	18	0	0	0	9	28
39	6	2.67963998578489	310	22	0	0	0	10	28
39	8	1.12583825457841	260	15	0	0	0	11	28
39	9	2.53788693971001	328	43	2	0	0	12	28
40	1	3.7191862212494	241	19	1	0	0	1	28
40	3	2.65584226348437	296	23	0	0	0	2	28
40	5	1.24103813734837	288	21	0	0	0	3	28
40	6	6.66956059448421	313	15	0	0	0	4	28
40	8	1.87720202212222	305	18	0	0	0	5	28
40	9	2.49346761545166	167	23	0	0	0	6	28
40	11	1.00595129607245	294	22	2	0	0	7	28
43	2	0.923419106984511	500	19	1	0	0	1	28
43	3	1.73206019960344	282	18	0	0	0	2	28
43	2	2.92147207818925	271	21	0	0	0	3	28
43	4	4.39319318626076	287	24	0	0	0	4	28
43	6	1.55045047099702	384	22	0	0	0	5	28
43	8	0.37076109321788	167	23	2	0	0	6	28
44	2	0.913307796232402	274	20	1	0	0	1	28
44	3	1.55577800958417	325	24	0	0	0	2	28
44	4	4.55460151308216	235	19	0	0	0	3	28
44	6	1.44140408118255	185	20	0	0	0	4	28
44	6	8.70400459854864	286	25	0	0	0	5	28
44	7	6.77754134894349	209	21	0	0	0	6	28
44	9	2.0588332018815	306	41	2	0	0	7	28
48	1	1.61664796620607	242	19	1	0	0	1	28
48	2	5.16696861782111	162	17	0	0	0	2	28
48	2	0.392436426598579	256	24	0	0	0	3	28
48	3	4.51410223171115	180	16	0	0	0	4	28
48	4	3.53734977706335	224	20	0	0	0	5	28
48	5	4.09761336888187	188	22	0	0	0	6	28
48	7	2.54002891201526	238	18	0	0	0	7	28
48	8	3.01388557767496	305	19	2	0	0	8	28
51	1	2.4116609795019	173	18	1	0	0	1	28
51	2	4.88078292785212	194	19	0	0	0	2	28
51	3	5.83717665472068	177	23	0	0	0	3	28
51	5	1.10235279123299	381	30	0	0	0	4	28
51	7	2.83289616950788	285	19	0	0	0	5	28
51	8	5.53118758113123	307	30	0	0	0	6	28
51	9	5.99744907673448	190	20	0	0	0	7	28
51	10	4.43073969846591	195	23	0	0	0	8	28
51	11	4.53698212793097	188	42	2	0	0	9	28
53	1	3.06182509940118	165	16	1	0	0	1	28
53	2	4.53465583082289	299	23	0	0	0	2	28
53	4	1.01166804204695	189	15	0	0	0	3	28
53	5	2.34750237478875	142	23	0	0	0	4	28
53	3	3.51400499790907	282	20	0	0	0	5	28
53	5	2.30243322625756	248	17	0	0	0	6	28
53	5	7.0392392447684	241	13	0	0	0	7	28
53	5	4.87524349428713	88	23	0	0	0	8	28
53	7	1.16330210026354	221	21	0	0	0	9	28
53	8	6.9542650738731	157	18	0	0	0	10	28
53	9	4.8135435716249	84	50	2	0	0	11	28
54	1	3.53589272289537	179	21	1	0	0	1	28
54	3	1.21456381888129	367	31	0	0	0	2	28
54	4	4.7193916044198	238	20	0	0	0	3	28
54	6	1.35490709496662	282	20	0	0	0	4	28
54	7	3.22788372868672	181	16	2	0	0	5	28
55	1	2.9966201451607	104	23	1	0	0	1	28
55	3	0.254698494682088	146	19	0	0	0	2	28
55	2	1.69827898521908	256	24	0	0	0	3	28
55	4	0.0526188707444817	213	19	0	0	0	4	28
55	5	0.378266395302489	154	18	0	0	0	5	28
55	6	2.39366233418696	309	24	0	0	0	6	28
55	8	3.80227986187674	207	15	0	0	0	7	28
55	9	1.52009480097331	367	20	0	0	0	8	28
55	10	0.245966181624681	523	19	0	0	0	9	28
55	10	6.63358178222552	256	50	2	0	0	10	28
56	1	3.55813022959046	251	20	1	0	0	1	28
56	3	1.4456448610872	201	18	0	0	0	2	28
56	4	4.76373757002875	246	21	0	0	0	3	28
56	6	0.11436282703653	176	20	0	0	0	4	28
56	6	6.31813945993781	310	21	0	0	0	5	28
56	7	3.74721615994349	195	29	2	0	0	6	28
57	2	0.18884050915949	89	26	1	0	0	1	28
57	5	2.21134888613597	132	25	0	0	0	2	28
57	2	4.30519276438281	356	19	0	0	0	3	28
57	3	5.12132170749828	202	22	0	0	0	4	28
57	5	3.90933859022334	211	21	0	0	0	5	28
57	7	2.52569615468383	149	17	2	0	0	6	28
59	1	3.8558237706311	322	23	1	0	0	1	28
59	3	6.03520862292498	258	20	0	0	0	2	28
59	5	2.50210865819827	277	23	0	0	0	3	28
59	6	6.576187485829	262	21	0	0	0	4	28
59	8	3.33646675990894	283	21	0	0	0	5	28
59	9	5.28988663759083	106	54	2	0	0	6	28
61	1	3.11861707898788	262	19	1	0	0	1	28
61	2	5.7261822046712	350	19	0	0	0	2	28
61	3	3.60244808415882	332	20	0	0	0	3	28
61	4	4.1995720542036	302	23	0	0	0	4	28
61	6	0.899823960382491	293	31	0	0	0	5	28
61	6	7.21922398661263	140	14	0	0	0	6	28
61	7	3.44565388513729	153	24	2	0	0	7	28
62	2	0.193548100301996	471	18	1	0	0	1	28
62	3	1.24054514779709	358	21	0	0	0	2	28
62	4	5.97265132470056	293	20	0	0	0	3	28
62	6	2.13713327562436	384	27	0	0	0	4	28
62	8	0.214276273967698	342	23	2	0	0	5	28
63	1	3.13594990270212	186	20	1	0	0	1	28
63	2	7.24705091142096	278	22	0	0	0	2	28
63	4	2.28884787508287	314	20	0	0	0	3	28
63	5	4.49967757216655	183	22	0	0	0	4	28
63	8	0.672322422498837	267	16	0	0	0	5	28
63	8	5.49419388663955	160	55	2	0	0	6	28
64	2	2.87124014366418	339	21	1	0	0	1	28
64	3	2.56402486260049	127	17	0	0	0	2	28
64	2	5.59836440952495	415	22	0	0	0	3	28
64	4	0.429128832183778	248	19	0	0	0	4	28
64	5	1.5071293595247	277	22	0	0	0	5	28
64	7	0.569902978371829	272	17	0	0	0	6	28
64	7	4.16561061143875	287	24	0	0	0	7	28
64	8	4.00728807947598	349	25	0	0	0	8	28
64	9	4.21288088336587	444	17	0	0	0	9	28
64	9	9.28293094970286	302	48	2	0	0	10	28
65	1	5.96010489785112	279	19	1	0	0	1	28
65	3	2.40102921333164	252	23	0	0	0	2	28
65	4	2.40564190107398	311	21	0	0	0	3	28
65	3	5.99580948613584	129	26	0	0	0	4	28
65	5	4.6821647407487	226	19	0	0	0	5	28
65	7	0.263714857632294	211	21	0	0	0	6	28
65	9	1.37490346073173	256	17	0	0	0	7	28
65	10	3.54945337120444	168	22	0	0	0	8	28
65	11	4.45345636107959	191	43	2	0	0	9	28
67	1	3.11623126966879	150	14	1	0	0	1	28
67	2	1.78816109383479	216	24	0	0	0	2	28
67	4	2.99897399102338	171	14	0	0	0	3	28
67	3	5.13739097327925	206	21	0	0	0	4	28
67	4	6.48052241350524	244	22	0	0	0	5	28
67	6	1.22784516424872	264	23	2	0	0	6	28
68	1	2.94161015585996	227	25	1	0	0	1	28
68	3	1.90440520085394	243	20	0	0	0	2	28
68	2	3.82601775974035	90	20	0	0	0	3	28
68	1	3.17765667056665	267	24	0	0	0	4	28
68	3	5.62665194412693	193	22	0	0	0	5	28
68	5	2.25982627691701	267	21	0	0	0	6	28
68	6	5.07938861823641	222	26	0	0	0	7	28
68	7	6.3735057131853	293	29	0	0	0	8	28
68	8	2.02196386596188	699	46	2	0	0	9	28
69	1	2.46208774927072	218	20	1	0	0	1	28
69	2	7.41276358091272	263	21	0	0	0	2	28
69	3	6.54528825730085	209	18	0	0	0	3	28
69	4	4.39648172818124	216	18	0	0	0	4	28
69	5	4.55310751195066	207	22	0	0	0	5	28
69	7	1.20878493785858	292	13	2	0	0	6	28
70	1	5.14431871776469	385	23	1	0	0	1	28
70	3	4.62896657572128	270	22	0	0	0	2	28
70	5	2.8966498808004	292	25	0	0	0	3	28
70	6	4.32155251340009	316	22	0	0	0	4	28
70	8	0.900992394657806	204	19	0	0	0	5	28
70	9	1.01168451667763	341	24	0	0	0	6	28
70	10	4.50191379804164	174	21	2	0	0	7	28
73	1	2.14549160865135	131	52	1	0	0	1	28
73	8	5.69270635256544	104	40	0	0	0	2	28
73	3	0.120097771054134	212	20	0	0	0	3	28
73	4	1.59394829021767	205	18	0	0	0	4	28
73	5	3.28667954355478	247	21	0	0	0	5	28
73	6	4.92201488441788	335	21	0	0	0	6	28
73	8	1.96300548897125	268	25	0	0	0	7	28
73	9	4.76462195976637	335	12	0	0	0	8	28
73	9	1.29303190275095	148	22	0	0	0	9	28
73	10	2.45358659513295	56	17	0	0	0	10	28
73	10	9.31336278957315	247	42	2	0	0	11	28
74	1	3.06333339004777	219	17	1	0	0	1	28
74	2	4.88929080334492	166	13	0	0	0	2	28
74	2	2.12128110579215	156	20	0	0	0	3	28
74	4	0.422533055068925	263	24	0	0	0	4	28
74	6	1.44844552665018	297	20	0	0	0	5	28
74	7	4.98945735068992	273	23	0	0	0	6	28
74	8	5.14479041309096	257	20	0	0	0	7	28
74	10	0.281936796847731	222	17	0	0	0	8	28
74	10	6.82103718584403	108	53	2	0	0	9	28
76	1	2.31101133790798	361	21	1	0	0	1	28
76	4	0.525586732896045	292	21	0	0	0	2	28
76	5	6.95487730158493	180	16	0	0	0	3	28
76	6	4.1838593930006	299	21	0	0	0	4	28
76	5	3.85276780021377	273	23	0	0	0	5	28
76	6	7.87061610352248	225	22	0	0	0	6	28
76	7	2.01024680980481	182	20	0	0	0	7	28
76	8	3.7408637451008	245	18	0	0	0	8	28
76	9	3.37422051583417	283	48	2	0	0	9	28
78	1	2.50607601180673	298	18	1	0	0	1	28
78	2	4.93812524247915	676	20	0	0	0	2	28
78	3	6.69340183632448	285	21	0	0	0	3	28
78	5	1.9912433216814	209	18	0	0	0	4	28
78	6	3.42861566063948	266	18	0	0	0	5	28
78	8	0.79912898177281	277	19	0	0	0	6	28
78	8	6.80262156180106	164	21	0	0	0	7	28
78	10	3.80005204793997	159	49	2	0	0	8	28
79	1	2.97566531039774	289	21	1	0	0	1	28
79	3	2.00131245469674	210	22	0	0	0	2	28
79	5	2.49850994185545	314	23	0	0	0	3	28
79	7	1.16503862268291	450	21	0	0	0	4	28
79	8	4.96788412239403	276	29	0	0	0	5	28
79	9	5.78772721393034	264	21	2	0	0	6	28
80	6	7.03947241487913	159	37	1	0	0	1	28
80	2	8.87352691218257	139	15	0	0	0	2	28
80	2	0.852582881227136	275	20	0	0	0	3	28
80	3	1.72848440916277	248	24	0	0	0	4	28
80	5	1.44174585491419	296	23	0	0	0	5	28
80	6	4.7972302287817	241	19	0	0	0	6	28
80	8	0.029353758553043	215	18	0	0	0	7	28
80	8	5.99069464020431	241	22	0	0	0	8	28
80	9	5.5983999511227	374	35	2	0	0	9	28
81	1	1.7493659700267	77	35	1	0	0	1	28
81	5	4.46649005962536	152	33	0	0	0	2	28
81	2	5.31146018719301	330	18	0	0	0	3	28
81	1	3.23165697488002	228	23	0	0	0	4	28
81	3	4.85838134028018	257	24	0	0	0	5	28
81	5	1.06368959019892	364	19	0	0	0	6	28
81	6	2.35592290875502	177	20	0	0	0	7	28
81	7	5.21956360246986	332	17	0	0	0	8	28
81	8	3.1579891256988	151	41	2	0	0	9	28
82	1	3.5159694547765	229	28	1	0	0	1	28
82	3	8.42172088474035	102	13	0	0	0	2	28
82	3	5.89266916876659	298	30	0	0	0	3	28
82	5	3.68413804960437	131	17	0	0	0	4	28
82	4	4.69486177782528	149	22	0	0	0	5	28
82	7	2.90827040886506	157	17	0	0	0	6	28
82	6	1.0114569128491	160	22	0	0	0	7	28
82	7	6.57668679510243	229	20	0	0	0	8	28
82	8	5.4541392182	230	20	0	0	0	9	28
82	10	0.760546167148277	388	25	2	0	0	10	28
85	1	3.57199025689624	181	19	1	0	0	1	28
85	2	5.67465682257898	336	19	0	0	0	2	28
85	3	3.00942857051268	395	23	0	0	0	3	28
85	5	0.683557285461575	248	23	0	0	0	4	28
85	7	0.294905732851475	251	14	0	0	0	5	28
85	6	2.81544311973266	252	21	0	0	0	6	28
85	4	3.97268297546543	275	16	0	0	0	7	28
85	6	0.142465140204877	141	17	0	0	0	8	28
85	6	4.2378600940574	152	24	0	0	0	9	28
85	9	0.185515296412632	280	16	0	0	0	10	28
85	9	4.31430852320045	102	54	2	0	0	11	28
86	1	3.94637713488191	186	20	1	0	0	1	28
86	2	6.80557576566935	318	19	0	0	0	2	28
86	3	6.81490965140983	209	21	0	0	0	3	28
86	4	6.92821323149838	358	21	0	0	0	4	28
86	6	0.870947622694075	265	19	0	0	0	5	28
86	6	6.71191100822762	209	25	0	0	0	6	28
86	8	4.7664176824037	271	17	0	0	0	7	28
86	9	2.06304925354198	206	47	2	0	0	8	28
87	1	3.76784576568753	185	24	1	0	0	1	28
87	2	7.84642625367269	229	15	0	0	0	2	28
87	2	4.16478752717376	272	22	0	0	0	3	28
87	3	7.28054588311352	146	21	0	0	0	4	28
87	5	0.715756195597351	242	21	0	0	0	5	28
87	6	3.93139883014373	275	25	0	0	0	6	28
87	7	7.85223586368375	183	19	2	0	0	7	28
89	1	3.17035103868693	308	19	1	0	0	1	28
89	2	6.29419050179422	270	20	0	0	0	2	28
89	4	2.0663781594485	198	18	0	0	0	3	28
89	6	0.361200660699978	215	19	0	0	0	4	28
89	6	6.19282181048766	337	17	0	0	0	5	28
89	6	11.837585281115	151	23	0	0	0	6	28
89	7	5.41493484843522	165	20	0	0	0	7	28
89	8	4.21568423323333	694	49	2	0	0	8	28
91	1	2.1139835130889	187	18	1	0	0	1	28
91	2	6.00622786907479	261	21	0	0	0	2	28
91	4	1.15539378998801	252	20	0	0	0	3	28
91	5	4.43876637727953	236	20	0	0	0	4	28
91	7	3.04000708204694	308	19	0	0	0	5	28
91	7	9.31738691334613	208	24	0	0	0	6	28
91	7	1.63141635269858	175	28	0	0	0	7	28
91	8	4.16621891013347	259	20	0	0	0	8	28
91	10	2.9577001882717	326	18	0	0	0	9	28
91	10	7.67058493080549	151	40	2	0	0	10	28
92	1	1.72906545409933	248	20	1	0	0	1	28
92	2	4.57313834200613	362	19	0	0	0	2	28
92	4	0.874058635439724	160	21	0	0	0	3	28
92	2	4.14085894543678	200	13	0	0	0	4	28
92	2	1.76961118308827	130	26	0	0	0	5	28
92	5	0.983542180620134	281	20	0	0	0	6	28
92	6	1.08223633118905	184	18	0	0	0	7	28
92	7	3.55932359676808	195	23	0	0	0	8	28
92	9	3.71794222621247	195	21	0	0	0	9	28
92	10	4.58806267217733	473	22	2	0	0	10	28
93	1	1.89700055355206	276	19	1	0	0	1	28
93	2	6.08251464390196	314	19	0	0	0	2	28
93	3	6.08918861811981	183	19	0	0	0	3	28
93	5	1.5926160197705	270	23	0	0	0	4	28
93	5	11.5242389782798	164	21	0	0	0	5	28
93	7	0.407416180940345	234	18	2	0	0	6	28
94	1	2.84859853074886	248	22	1	0	0	1	28
94	3	1.56879712780938	283	19	0	0	0	2	28
94	5	1.54580904077739	162	17	0	0	0	3	28
94	4	0.324179735500365	213	26	0	0	0	4	28
94	6	3.45273066079244	350	18	0	0	0	5	28
94	8	0.664477521320805	264	19	2	0	0	6	28
96	1	1.17238091421314	178	18	1	0	0	1	28
96	3	1.09937508171424	300	24	0	0	0	2	28
96	5	1.67141518252902	166	12	0	0	0	3	28
96	4	2.18822420760989	147	22	0	0	0	4	28
96	7	1.94645247864537	234	17	0	0	0	5	28
96	6	2.48844783334062	266	23	0	0	0	6	28
96	8	0.420335547532886	185	17	0	0	0	7	28
96	8	5.58765424578451	131	21	0	0	0	8	28
96	10	1.8089916408062	315	30	0	0	0	9	28
96	12	2.90541453403421	264	43	2	0	0	10	28
97	1	3.42444296227768	252	19	1	0	0	1	28
97	2	4.57250237022527	297	24	0	0	0	2	28
97	3	6.44776912266389	173	22	0	0	0	3	28
97	4	6.29101437167265	301	17	0	0	0	4	28
97	6	0.340823285514489	183	24	0	0	0	5	28
97	8	3.48054934851825	244	61	2	0	0	6	28
98	2	0.344690445344895	278	19	1	0	0	1	28
98	2	7.2604752345942	396	19	0	0	0	2	28
98	4	3.67484033270739	338	24	0	0	0	3	28
98	5	4.77608304377645	337	21	0	0	0	4	28
98	6	5.97729761037044	278	22	0	0	0	5	28
98	8	1.56201919284649	300	30	0	0	0	6	28
98	10	0.00402788608334959	149	14	2	0	0	7	28
99	1	3.89620331511833	216	19	1	0	0	1	28
99	2	7.67060865787789	246	17	0	0	0	2	28
99	3	5.68446988705546	215	18	0	0	0	3	28
99	5	2.72032169857994	275	23	0	0	0	4	28
99	6	4.95433676964603	255	20	0	0	0	5	28
99	8	1.77746719680727	296	17	2	0	0	6	28
100	1	3.85548524511978	327	20	1	0	0	1	28
100	3	1.33563509071246	158	17	0	0	0	2	28
100	2	2.60988465161063	218	20	0	0	0	3	28
100	3	4.26188765373081	162	20	0	0	0	4	28
100	5	0.523882528068498	229	28	0	0	0	5	28
100	6	0.286978198215365	162	17	0	0	0	6	28
100	6	6.34533690777607	199	22	0	0	0	7	28
100	8	1.54343211860396	221	13	0	0	0	8	28
100	7	2.98946836963296	119	33	0	0	0	9	28
100	9	6.50535280024633	235	18	0	0	0	10	28
100	10	3.16132636205293	164	27	2	0	0	11	28
101	1	1.85952624422498	84	31	1	0	0	1	28
101	5	4.93429779168218	103	31	0	0	0	2	28
101	2	3.82232831674628	259	16	0	0	0	3	28
101	1	2.84311498817988	268	20	0	0	0	4	28
101	3	2.61614808556624	237	21	0	0	0	5	28
101	5	1.8463412807323	294	24	0	0	0	6	28
101	6	5.78309513372369	212	15	0	0	0	7	28
101	6	1.90177672891878	86	23	0	0	0	8	28
101	4	3.08746295887977	251	25	0	0	0	9	28
101	6	3.11278280941769	199	19	0	0	0	10	28
101	8	2.83902240823954	169	21	0	0	0	11	28
101	9	4.82690047379583	281	49	2	0	0	12	28
102	1	2.95205590082332	239	22	1	0	0	1	28
102	3	0.0900836840737611	222	20	0	0	0	2	28
102	4	0.4653024233412	190	19	0	0	0	3	28
102	5	2.15201764018275	315	23	0	0	0	4	28
102	6	2.62462387583219	317	23	0	0	0	5	28
102	7	3.35905493167229	173	19	0	0	0	6	28
102	8	5.77788250660524	465	20	2	0	0	7	28
103	1	3.6950670958031	296	21	1	0	0	1	28
103	3	0.533834530971944	215	14	0	0	0	2	28
103	2	3.222918900894	151	26	0	0	0	3	28
103	4	3.53909849352203	283	25	0	0	0	4	28
103	5	2.98385379044339	244	22	0	0	0	5	28
103	7	3.04339697607793	440	23	0	0	0	6	28
103	8	4.82250400050543	154	51	2	0	0	7	28
104	1	2.50199875258841	110	26	1	0	0	1	28
104	4	0.794845523079857	120	24	0	0	0	2	28
104	2	2.16812164289877	246	19	0	0	0	3	28
104	2	9.43668976519257	189	16	0	0	0	4	28
104	2	5.51613239687867	217	18	0	0	0	5	28
104	4	0.199522568145767	200	17	0	0	0	6	28
104	4	5.96870530885644	213	23	0	0	0	7	28
104	5	3.14246455975808	202	19	0	0	0	8	28
104	7	2.28145365184173	272	25	0	0	0	9	28
104	8	3.12532060290687	312	24	0	0	0	10	28
104	10	1.59777172026224	322	41	2	0	0	11	28
106	1	1.51445251400582	253	24	1	0	0	1	28
106	3	0.884562919614837	165	19	0	0	0	2	28
106	2	2.08104572910815	309	20	0	0	0	3	28
106	3	3.72786322957836	169	22	0	0	0	4	28
106	4	6.49538473179564	278	24	0	0	0	5	28
106	7	1.6009374903515	176	21	2	0	0	6	28
107	1	1.83775992807932	102	31	1	0	0	1	28
107	6	1.11587696103379	126	33	0	0	0	2	28
107	2	4.65579095180146	344	13	0	0	0	3	28
107	2	1.10625191754662	187	22	0	0	0	4	28
107	3	4.93394869472831	203	20	0	0	0	5	28
107	5	2.61651100008748	325	12	0	0	0	6	28
107	5	0.592878415482119	173	22	0	0	0	7	28
107	6	4.22680476983078	190	21	0	0	0	8	28
107	8	1.89511662349105	247	30	0	0	0	9	28
107	10	4.96544425142929	328	22	0	0	0	10	28
107	11	4.70556335058063	241	38	2	0	0	11	28
108	1	2.4407112558838	154	26	1	0	0	1	28
108	3	6.0500158444047	134	26	0	0	0	2	28
108	2	1.93233667314053	432	20	0	0	0	3	28
108	3	3.72885556542315	193	22	0	0	0	4	28
108	4	4.3994663967751	317	20	0	0	0	5	28
108	5	2.27931052097119	315	25	0	0	0	6	28
108	8	1.59536970639601	272	21	0	0	0	7	28
108	9	3.47800720972009	324	18	2	0	0	8	28
110	1	3.39536886871792	169	20	1	0	0	1	28
110	2	6.42350461194292	221	21	0	0	0	2	28
110	3	5.00041631283239	259	21	0	0	0	3	28
110	5	1.77584317582659	232	20	0	0	0	4	28
110	7	1.51143059087917	199	19	0	0	0	5	28
110	7	6.88285782886669	192	22	0	0	0	6	28
110	8	5.69414334651083	231	20	0	0	0	7	28
110	10	1.47700021625496	123	32	2	0	0	8	28
111	2	11.7511518690735	145	24	1	0	0	1	28
111	1	3.44901737710461	261	19	0	0	0	2	28
111	2	7.79609567951411	280	24	0	0	0	3	28
111	3	4.20447307429276	201	17	0	0	0	4	28
111	5	1.11660414608195	283	26	0	0	0	5	28
111	6	3.86376906884834	262	27	0	0	0	6	28
111	8	2.32940851640888	200	15	0	0	0	7	28
111	7	3.54983264789917	109	23	0	0	0	8	28
111	9	3.037001544144	232	17	0	0	0	9	28
111	10	1.07308215042576	197	43	2	0	0	10	28
112	1	1.80243453290313	248	17	1	0	0	1	28
112	2	3.99005696550012	280	19	0	0	0	2	28
112	3	3.7443848750554	171	19	0	0	0	3	28
112	4	3.82839562464505	154	19	0	0	0	4	28
112	6	0.959765584208071	278	28	0	0	0	5	28
112	8	1.68498081807047	156	19	2	0	0	6	28
113	2	1.43146425229497	224	20	1	0	0	1	28
113	4	0.367974951863289	142	17	0	0	0	2	28
113	3	1.10583792254329	264	23	0	0	0	3	28
113	5	0.243212544126436	286	14	0	0	0	4	28
113	4	5.38261606148444	137	22	0	0	0	5	28
113	6	2.59087913297117	190	20	0	0	0	6	28
113	7	5.84080096473917	374	24	2	0	0	7	28
114	1	2.21404091990553	274	19	1	0	0	1	28
114	3	2.22456322121434	164	18	0	0	0	2	28
114	2	2.15126134920865	204	21	0	0	0	3	28
114	3	5.51804040488787	188	24	0	0	0	4	28
114	6	0.274394434178248	284	16	0	0	0	5	28
114	6	5.78242027037777	451	19	0	0	0	6	28
114	7	5.70267527131364	321	22	0	0	0	7	28
114	8	5.00342432479374	267	22	0	0	0	8	28
114	7	4.72944947751239	211	14	0	0	0	9	28
114	7	5.32423638808541	174	29	0	0	0	10	28
114	9	3.68597336485982	412	24	0	0	0	11	28
114	11	3.38974250783212	355	15	2	0	0	12	28
