1	1	2.83412048686296	222	14	1	0	0	1	5
1	2	2.9565127233509	315	14	0	0	0	2	5
1	3	5.67561191157438	535	19	0	0	0	3	5
1	4	2.24793569976464	206	22	0	0	0	4	5
1	3	4.71843662369065	536	29	0	0	0	5	5
1	4	3.8094869828783	426	14	0	0	0	6	5
1	5	2.36875606025569	257	14	0	0	0	7	5
1	6	2.03350294334814	232	15	0	0	0	8	5
1	7	2.14365035411902	381	19	0	0	0	9	5
1	6	2.01509322691709	463	32	0	0	0	10	5
1	9	0.290546141564846	356	23	0	0	0	11	5
1	10	3.76337880128995	234	19	2	0	0	12	5
2	1	2.27006792556494	272	14	1	0	0	1	5
2	2	3.70431183371693	245	16	0	0	0	2	5
2	3	4.19001743383706	225	14	0	0	0	3	5
2	4	2.82101713540033	315	23	0	0	0	4	5
2	4	11.8191012707539	133	13	0	0	0	5	5
2	5	2.09900713618845	475	13	0	0	0	6	5
2	6	2.07165264058858	409	19	0	0	0	7	5
2	7	3.02048943680711	506	33	0	0	0	8	5
2	9	3.08717700978741	501	21	0	0	0	9	5
2	10	2.27567716152407	161	34	2	0	0	10	5
5	1	3.90230473922566	458	15	1	0	0	1	5
5	1	6.68718030233867	154	14	0	0	0	2	5
5	2	2.53920734766871	274	13	0	0	0	3	5
5	2	6.16445785784163	154	14	0	0	0	4	5
5	3	0.626370169920847	222	18	0	0	0	5	5
5	4	2.40894121001475	975	14	0	0	0	6	5
5	4	6.77514264150523	241	15	0	0	0	7	5
5	5	1.42368009407073	302	18	0	0	0	8	5
5	6	2.19324140483513	534	20	0	0	0	9	5
5	7	3.19542399607599	322	42	0	0	0	10	5
5	7	7.2315762382932	121	29	0	0	0	11	5
5	7	7.43226011958905	91	50	2	0	0	12	5
7	1	3.48421940696426	477	13	1	0	0	1	5
7	2	2.10854990337975	260	13	0	0	0	2	5
7	3	1.89833145821467	317	14	0	0	0	3	5
7	4	1.04796693567187	437	20	0	0	0	4	5
7	5	3.16171729774214	210	12	0	0	0	5	5
7	5	5.90384190203622	178	16	0	0	0	6	5
7	6	2.52046506432816	400	20	0	0	0	7	5
7	7	2.52330526337028	245	12	0	0	0	8	5
7	7	6.82219098019414	159	13	0	0	0	9	5
7	7	10.4359952649102	128	18	0	0	0	10	5
7	9	1.56066378508694	573	14	2	0	0	11	5
8	1	2.98586660972796	264	15	1	0	0	1	5
8	2	3.41536734602414	245	12	0	0	0	2	5
8	3	3.70304900500923	215	15	0	0	0	3	5
8	4	1.06929254136048	235	16	0	0	0	4	5
8	5	1.63817564980127	230	13	0	0	0	5	5
8	6	0.198184333974496	285	13	0	0	0	6	5
8	7	3.56886902544647	199	16	0	0	0	7	5
8	8	1.73655850952491	408	17	0	0	0	8	5
8	9	3.87004214152694	213	14	0	0	0	9	5
8	10	1.80000669090077	695	53	2	0	0	10	5
9	1	1.37139967898838	142	12	1	0	0	1	5
9	2	0.657863321946934	147	12	0	0	0	2	5
9	2	4.53750154958107	204	17	0	0	0	3	5
9	4	1.72140608076006	419	25	0	0	0	4	5
9	5	2.37976528913714	372	26	0	0	0	5	5
9	7	3.50052856933326	963	36	2	0	0	6	5
10	1	2.81684882310219	267	13	1	0	0	1	5
10	2	3.95376355014741	400	17	0	0	0	2	5
10	3	4.1222358297091	138	17	0	0	0	3	5
10	4	2.9376309781801	584	15	0	0	0	4	5
10	5	1.77873829263262	465	23	0	0	0	5	5
10	7	0.63317370112054	353	17	0	0	0	6	5
10	8	1.13949389522895	559	23	0	0	0	7	5
10	9	3.85794038278982	265	16	0	0	0	8	5
10	10	4.40708963316865	856	12	0	0	0	9	5
10	10	8.46696537057869	820	47	2	0	0	10	5
11	2	1.45664377487265	640	15	1	0	0	1	5
11	1	3.51881691790186	213	33	0	0	0	2	5
11	2	10.1577598252334	155	15	0	0	0	3	5
11	3	1.88946094410494	358	16	0	0	0	4	5
11	4	0.851131840609014	226	14	0	0	0	5	5
11	4	3.73398082028143	399	16	0	0	0	6	5
11	5	3.96012590778992	166	12	0	0	0	7	5
11	6	2.65726079582237	408	17	0	0	0	8	5
11	7	2.06767729530111	312	16	0	0	0	9	5
11	8	3.90970849455334	382	30	0	0	0	10	5
11	9	3.97211328172125	379	13	2	0	0	11	5
12	1	1.44761872291565	349	15	1	0	0	1	5
12	2	2.45455799275078	217	13	0	0	0	2	5
12	3	2.55627559730783	576	13	0	0	0	3	5
12	4	3.00561908469535	169	14	0	0	0	4	5
12	5	2.37411664798856	182	17	0	0	0	5	5
12	6	3.02300431439653	818	14	0	0	0	6	5
12	8	4.03649832145311	810	60	2	0	0	7	5
13	1	1.98197671817616	234	15	1	0	0	1	5
13	2	1.94715300854295	323	15	0	0	0	2	5
13	3	3.09497594228014	253	17	0	0	0	3	5
13	4	0.212979453150183	370	15	0	0	0	4	5
13	3	3.9726454031188	182	27	0	0	0	5	5
13	5	0.0992885329760611	218	18	0	0	0	6	5
13	6	1.53198962798342	437	16	0	0	0	7	5
13	8	0.412372732069343	315	13	0	0	0	8	5
13	8	4.6159371312242	881	64	2	0	0	9	5
14	1	4.12092140689492	393	26	1	0	0	1	5
14	2	2.53137061721645	192	14	0	0	0	2	5
14	1	8.35353215923533	379	17	0	0	0	3	5
14	2	4.47538134548813	161	20	0	0	0	4	5
14	3	1.24174872320145	650	14	0	0	0	5	5
14	4	2.07380039081909	220	12	0	0	0	6	5
14	5	1.75266330176964	193	13	0	0	0	7	5
14	5	4.67415191209875	206	13	0	0	0	8	5
14	5	7.93898245156743	144	15	0	0	0	9	5
14	6	2.60840018512681	276	14	0	0	0	10	5
14	7	2.1254326812923	418	18	0	0	0	11	5
14	8	2.77043793792836	397	36	2	0	0	12	5
16	1	2.8597193993628	249	12	1	0	0	1	5
16	2	3.28481814358383	424	19	0	0	0	2	5
16	3	2.51094883447513	344	22	0	0	0	3	5
16	4	4.96026470279321	329	20	0	0	0	4	5
16	5	1.09991424879991	461	15	0	0	0	5	5
16	6	5.17438983195461	199	17	0	0	0	6	5
16	6	12.5937486388721	242	12	0	0	0	7	5
16	6	15.3829480088316	324	56	2	0	0	8	5
17	2	1.02288676751778	900	13	1	0	0	1	5
17	3	1.86648976104334	200	12	0	0	0	2	5
17	4	1.37375195324421	464	12	0	0	0	3	5
17	5	1.22109909146093	488	15	0	0	0	4	5
17	6	1.71414818242192	277	15	0	0	0	5	5
17	7	3.09322163462639	985	16	0	0	0	6	5
17	9	3.62481178948656	375	54	2	0	0	7	5
18	2	2.57416301965714	644	15	1	0	0	1	5
18	1	2.9358276501298	202	25	0	0	0	2	5
18	3	1.56864059343934	258	13	0	0	0	3	5
18	3	5.26136161666363	134	13	0	0	0	4	5
18	4	2.40246391738765	149	14	0	0	0	5	5
18	5	2.3953285117168	239	17	0	0	0	6	5
18	6	1.68763381079771	683	28	0	0	0	7	5
18	7	6.00263629085384	238	16	0	0	0	8	5
18	8	2.42611526395194	310	13	0	0	0	9	5
18	9	2.16488709277473	303	16	0	0	0	10	5
18	10	3.7172586414963	746	45	2	0	0	11	5
19	1	1.16428151889704	200	13	1	0	0	1	5
19	2	1.96183331613429	160	17	0	0	0	2	5
19	3	1.21856436762027	405	14	0	0	0	3	5
19	4	2.39789949334227	306	14	0	0	0	4	5
19	5	2.61409352789633	628	21	0	0	0	5	5
19	6	2.29427623515949	341	12	0	0	0	6	5
19	7	0.176900770980865	334	33	0	0	0	7	5
19	9	2.23824299126863	370	31	0	0	0	8	5
19	11	5.19965949794278	185	18	2	0	0	9	5
23	1	2.08855149708688	382	12	1	0	0	1	5
23	2	3.85154195758514	269	22	0	0	0	2	5
23	4	0.928513938793913	205	21	0	0	0	3	5
23	5	1.06028142082505	365	27	0	0	0	4	5
23	6	3.67719533760101	413	29	0	0	0	5	5
23	7	4.51338547677733	426	52	2	0	0	6	5
24	2	1.27620081300847	580	16	1	0	0	1	5
24	3	2.02249320223927	218	16	0	0	0	2	5
24	4	1.18881123675965	290	15	0	0	0	3	5
24	5	1.97020990704186	244	21	0	0	0	4	5
24	6	1.60417678463273	279	15	0	0	0	5	5
24	5	2.15816745860502	265	13	0	0	0	6	5
24	4	2.44934235163964	196	34	0	0	0	7	5
24	6	5.15257701836526	503	21	0	0	0	8	5
24	8	1.69071309245192	202	21	0	0	0	9	5
24	10	1.01598334265873	478	12	0	0	0	10	5
24	10	5.09068939485587	387	68	2	0	0	11	5
25	1	1.44957611011341	279	13	1	0	0	1	5
25	2	1.27700155600905	380	17	0	0	0	2	5
25	3	2.47327133221552	409	13	0	0	0	3	5
25	4	2.22565093939193	380	21	0	0	0	4	5
25	4	9.79158623260446	390	12	0	0	0	5	5
25	5	0.835109886713326	260	17	0	0	0	6	5
25	7	0.402871816186234	370	19	0	0	0	7	5
25	8	4.86474931612611	200	20	2	0	0	8	5
26	1	2.69176825857721	347	13	1	0	0	1	5
26	2	1.57019934710115	173	16	0	0	0	2	5
26	3	1.85945041035302	205	17	0	0	0	3	5
26	4	2.54830773966387	745	14	0	0	0	4	5
26	5	2.8163192148786	222	18	0	0	0	5	5
26	6	2.22211104724556	331	15	0	0	0	6	5
26	7	2.59506327938288	162	25	2	0	0	7	5
27	2	0.691266646143049	428	12	1	0	0	1	5
27	2	5.1292874168139	210	14	0	0	0	2	5
27	3	1.01592143531889	389	15	0	0	0	3	5
27	2	6.93277528765611	441	24	0	0	0	4	5
27	4	3.53539503505453	216	14	0	0	0	5	5
27	4	6.77480157231912	146	27	0	0	0	6	5
27	5	2.40807270188816	343	16	0	0	0	7	5
27	6	2.45032121101394	163	17	2	0	0	8	5
28	1	2.84810238331556	174	13	1	0	0	1	5
28	1	3.25726811122149	690	14	0	0	0	2	5
28	2	3.88671166915447	195	14	0	0	0	3	5
28	3	2.94506802083924	396	17	0	0	0	4	5
28	4	2.83224266883917	381	12	0	0	0	5	5
28	4	4.58736703358591	238	13	0	0	0	6	5
28	5	0.0890675871632993	413	18	0	0	0	7	5
28	6	1.75237618247047	587	13	0	0	0	8	5
28	7	2.34386160806753	294	14	0	0	0	9	5
28	8	0.543733130209148	133	23	0	0	0	10	5
28	6	2.25323176500387	339	36	0	0	0	11	5
28	10	0.529644589638337	385	32	0	0	0	12	5
28	10	11.9292028185446	244	13	0	0	0	13	5
28	10	14.227594597498	163	50	2	0	0	14	5
29	1	2.40836160629988	238	13	1	0	0	1	5
29	2	6.54229515651241	912	17	0	0	0	2	5
29	4	1.61068377178162	535	13	0	0	0	3	5
29	3	1.96919489325956	271	18	0	0	0	4	5
29	4	2.38598546199501	156	13	0	0	0	5	5
29	5	3.41238849726506	221	28	0	0	0	6	5
29	6	4.95909890136681	181	16	0	0	0	7	5
29	7	3.17520327540115	221	12	0	0	0	8	5
29	7	7.00592936645262	340	13	0	0	0	9	5
29	8	1.11867724475451	363	53	2	0	0	10	5
30	1	1.29715686314739	305	14	1	0	0	1	5
30	2	2.73078426718712	184	15	0	0	0	2	5
30	3	1.87361606885679	189	14	0	0	0	3	5
30	2	5.14050005492754	535	15	0	0	0	4	5
30	3	2.42819140921347	187	14	0	0	0	5	5
30	4	3.54317248938605	396	17	0	0	0	6	5
30	5	2.6883548873011	181	14	0	0	0	7	5
30	6	1.51463383506052	276	29	2	0	0	8	5
31	2	0.908720866311342	561	13	1	0	0	1	5
31	3	3.50640107993968	609	15	0	0	0	2	5
31	4	2.11807797010988	489	20	0	0	0	3	5
31	3	5.58733454486355	514	14	0	0	0	4	5
31	4	2.85481090191752	374	15	0	0	0	5	5
31	5	1.72786471946165	287	15	0	0	0	6	5
31	6	0.852641849312931	335	17	0	0	0	7	5
31	7	1.1039111209102	230	15	0	0	0	8	5
31	8	3.47134901070967	578	12	0	0	0	9	5
31	9	2.63451302540489	311	12	0	0	0	10	5
31	9	5.72659817524254	613	12	0	0	0	11	5
31	9	7.47575656394474	265	53	2	0	0	12	5
33	1	1.34105541277677	367	13	1	0	0	1	5
33	2	2.37556306645274	505	18	0	0	0	2	5
33	4	0.627115501556545	365	16	0	0	0	3	5
33	5	1.54070501960814	203	14	0	0	0	4	5
33	6	4.73739120247774	398	17	2	0	0	5	5
34	1	2.90983367688023	288	14	1	0	0	1	5
34	2	2.14038256974891	369	15	0	0	0	2	5
34	3	2.100924664177	272	18	0	0	0	3	5
34	2	4.5750028626062	462	15	0	0	0	4	5
34	3	3.43078573746607	272	15	0	0	0	5	5
34	4	2.10424085543491	259	14	0	0	0	6	5
34	5	2.7768054837361	189	14	0	0	0	7	5
34	4	2.00552265555598	115	24	0	0	0	8	5
34	6	0.409651797031984	278	18	0	0	0	9	5
34	7	3.96804207609966	400	29	0	0	0	10	5
34	8	4.95416923984885	314	13	0	0	0	11	5
34	8	11.4995426353998	772	57	2	0	0	12	5
35	1	3.30990209430456	516	19	1	0	0	1	5
35	2	7.13802739256062	795	14	0	0	0	2	5
35	4	1.97801768220961	199	12	0	0	0	3	5
35	4	4.47807230940089	234	18	0	0	0	4	5
35	4	10.6894102930091	144	12	0	0	0	5	5
35	5	1.56340102362446	555	17	0	0	0	6	5
35	6	5.03319589025341	516	69	2	0	0	7	5
36	1	2.14766740403138	246	12	1	0	0	1	5
36	2	2.71084670256823	592	16	0	0	0	2	5
36	3	3.67871308512986	309	15	0	0	0	3	5
36	4	1.66484869061969	118	15	0	0	0	4	5
36	3	4.4139602323994	278	14	0	0	0	5	5
36	4	3.46252116467804	280	12	0	0	0	6	5
36	5	2.95468866429292	444	22	0	0	0	7	5
36	6	1.92715125600807	405	14	0	0	0	8	5
36	7	2.86098256194964	348	14	2	0	0	9	5
40	1	2.93464061198756	340	14	1	0	0	1	5
40	3	0.926788396202028	573	12	0	0	0	2	5
40	4	2.84584020846523	224	19	0	0	0	3	5
40	5	2.41857211547904	257	17	0	0	0	4	5
40	6	6.13650058628991	945	18	0	0	0	5	5
40	9	0.0161952453199774	458	20	0	0	0	6	5
40	10	3.48032822599635	231	18	0	0	0	7	5
40	11	2.31545742391609	417	12	0	0	0	8	5
40	11	5.54876359016635	254	55	2	0	0	9	5
41	1	2.38988019246608	289	12	1	0	0	1	5
41	2	2.81962830666453	238	13	0	0	0	2	5
41	2	6.57447776338086	160	13	0	0	0	3	5
41	2	9.56410712841898	186	26	0	0	0	4	5
41	2	2.73466937546618	93	13	0	0	0	5	5
41	1	2.12220127927139	304	34	0	0	0	6	5
41	2	13.652259425493	145	12	0	0	0	7	5
41	3	1.78374896431342	405	13	0	0	0	8	5
41	3	4.02965099038556	130	14	0	0	0	9	5
41	4	1.92345744697377	461	17	0	0	0	10	5
41	5	2.5505950525403	333	18	0	0	0	11	5
41	6	4.8226693070028	383	28	0	0	0	12	5
41	7	5.77764047193341	377	14	0	0	0	13	5
41	8	3.0684607909061	764	53	2	0	0	14	5
43	2	1.86389031261206	524	18	1	0	0	1	5
43	3	4.90583428787068	713	18	0	0	0	2	5
43	4	3.16638721874915	583	14	0	0	0	3	5
43	5	0.0708410229999572	488	18	0	0	0	4	5
43	6	5.13836222561076	217	14	0	0	0	5	5
43	7	3.31625103042461	148	15	0	0	0	6	5
43	8	3.56365037546493	172	14	0	0	0	7	5
43	8	7.04430681327358	231	48	2	0	0	8	5
44	1	1.99912347854115	245	12	1	0	0	1	5
44	2	2.82182355737314	353	15	0	0	0	2	5
44	1	2.21104920236394	196	25	0	0	0	3	5
44	3	1.11251944396645	238	17	0	0	0	4	5
44	4	5.68707257369533	705	14	0	0	0	5	5
44	4	3.10896012885496	306	14	0	0	0	6	5
44	5	2.96654420625418	170	16	0	0	0	7	5
44	6	3.04773701238446	166	16	0	0	0	8	5
44	6	7.73877992294729	151	17	0	0	0	9	5
44	7	2.91800305829383	214	16	0	0	0	10	5
44	8	2.58855051500723	237	12	0	0	0	11	5
44	8	5.83823098707944	168	12	0	0	0	12	5
44	9	3.24829130480066	280	15	0	0	0	13	5
44	10	4.17747546359897	919	58	2	0	0	14	5
45	1	5.76310009439476	394	14	1	0	0	1	5
45	1	9.26869646459818	151	14	0	0	0	2	5
45	2	3.3111975339707	233	14	0	0	0	3	5
45	3	1.51766569400206	278	12	0	0	0	4	5
45	4	2.04276872286573	347	12	0	0	0	5	5
45	5	2.96199223748408	128	14	0	0	0	6	5
45	5	4.98932121065445	178	15	0	0	0	7	5
45	4	2.61852135043591	193	31	0	0	0	8	5
45	6	3.06461387104355	400	14	0	0	0	9	5
45	7	4.6006342896726	550	61	2	0	0	10	5
47	1	3.06023166701198	409	12	1	0	0	1	5
47	2	5.51289170491509	353	18	0	0	0	2	5
47	3	4.05827704980038	436	16	0	0	0	3	5
47	4	2.89490499929525	464	27	0	0	0	4	5
47	6	4.02455246751197	376	19	0	0	0	5	5
47	7	3.8647637211252	274	17	0	0	0	6	5
47	8	4.15662263892591	333	13	2	0	0	7	5
51	1	3.22140202531591	624	24	1	0	0	1	5
51	3	3.09811278735287	314	12	0	0	0	2	5
51	3	6.1637653009966	331	16	0	0	0	3	5
51	4	1.55736586963758	328	26	0	0	0	4	5
51	5	7.43685514922254	399	13	0	0	0	5	5
51	7	0.0427471101284027	409	15	0	0	0	6	5
51	7	2.41688514337875	222	21	0	0	0	7	5
51	8	4.37875423370861	202	13	0	0	0	8	5
51	8	7.55962518742308	147	18	0	0	0	9	5
51	9	3.22052868944593	479	24	0	0	0	10	5
51	10	4.0260117247235	588	33	0	0	0	11	5
51	11	7.62148878141306	539	47	2	0	0	12	5
52	1	2.39441992202774	241	14	1	0	0	1	5
52	2	3.7103916045744	386	17	0	0	0	2	5
52	3	2.89284604368731	283	17	0	0	0	3	5
52	4	1.92034695157781	198	17	0	0	0	4	5
52	3	3.579385060817	461	25	0	0	0	5	5
52	4	2.84306044364348	231	36	0	0	0	6	5
52	2	5.500750643434	182	15	0	0	0	7	5
52	2	0.996335629373789	186	35	0	0	0	8	5
52	4	4.50584625848569	169	12	0	0	0	9	5
52	5	1.66860588709824	159	13	2	0	0	10	5
53	1	2.96025987411849	235	14	1	0	0	1	5
53	2	3.20973952137865	478	17	0	0	0	2	5
53	3	3.35553454118781	598	21	0	0	0	3	5
53	4	2.56844258564524	210	15	0	0	0	4	5
53	5	3.48778924671933	458	16	0	0	0	5	5
53	5	6.82185222115368	276	12	0	0	0	6	5
53	5	9.54367811232805	139	14	0	0	0	7	5
53	6	3.78642468736507	200	14	0	0	0	8	5
53	7	2.80210896884091	428	15	0	0	0	9	5
53	8	3.76646386249922	187	12	0	0	0	10	5
53	8	5.42124830582179	163	16	0	0	0	11	5
53	9	2.60133466683328	385	51	2	0	0	12	5
55	1	3.78159697400406	262	12	1	0	0	1	5
55	2	2.14902923582122	458	18	0	0	0	2	5
55	3	3.42795377899893	387	17	0	0	0	3	5
55	4	2.44797410606407	457	12	0	0	0	4	5
55	5	2.15685375314206	543	12	0	0	0	5	5
55	6	2.31725442665629	587	17	0	0	0	6	5
55	7	4.66959266015328	360	17	0	0	0	7	5
55	8	3.96773244347423	763	18	0	0	0	8	5
55	9	3.18234703945927	323	20	0	0	0	9	5
55	10	4.53574437764473	363	55	2	0	0	10	5
56	1	2.6211402087938	217	12	1	0	0	1	5
56	2	1.67429822031409	321	16	0	0	0	2	5
56	3	1.76221058773808	507	12	0	0	0	3	5
56	4	2.63687217049301	374	16	0	0	0	4	5
56	5	3.22941844607703	319	18	0	0	0	5	5
56	6	4.7424425825011	261	12	0	0	0	6	5
56	6	6.59253429132514	233	16	0	0	0	7	5
56	7	1.44798971666023	516	59	2	0	0	8	5
57	1	2.73603811720386	205	12	1	0	0	1	5
57	2	2.718928712653	315	23	0	0	0	2	5
57	3	3.20883989543654	458	15	0	0	0	3	5
57	4	2.25209258100949	120	27	0	0	0	4	5
57	2	2.65719170426019	174	14	0	0	0	5	5
57	1	3.60433819238096	217	14	0	0	0	6	5
57	2	4.68330244650133	132	17	0	0	0	7	5
57	4	0.295856034848839	336	15	0	0	0	8	5
57	5	2.18941446160898	272	12	0	0	0	9	5
57	6	1.7106333791744	537	16	0	0	0	10	5
57	7	3.72685773763806	970	65	2	0	0	11	5
60	2	0.661636850098148	779	16	1	0	0	1	5
60	3	3.97643832676113	402	14	0	0	0	2	5
60	5	1.43222152255476	656	14	0	0	0	3	5
60	5	0.865449016913772	95	17	0	0	0	4	5
60	4	1.28399600926787	290	23	0	0	0	5	5
60	6	0.897541131591424	685	13	0	0	0	6	5
60	7	3.5829270076938	175	21	0	0	0	7	5
60	8	2.56822936842218	497	28	0	0	0	8	5
60	9	6.78791084722616	879	13	0	0	0	9	5
60	9	12.9344628066756	238	12	0	0	0	10	5
60	9	15.3749216019642	451	60	2	0	0	11	5
61	1	3.25647175987251	265	13	1	0	0	1	5
61	2	2.12339839874767	136	13	0	0	0	2	5
61	2	6.2915707193315	361	15	0	0	0	3	5
61	3	3.33599431137554	533	22	0	0	0	4	5
61	4	2.07501386990771	280	14	0	0	0	5	5
61	4	6.92445472744294	138	13	0	0	0	6	5
61	5	1.88272946467623	223	13	0	0	0	7	5
61	6	2.62967170402408	330	28	0	0	0	8	5
61	7	3.12682770937681	264	14	0	0	0	9	5
61	7	6.74579108459875	496	51	2	0	0	10	5
62	2	0.559435906121507	719	16	1	0	0	1	5
62	3	2.94392130151391	252	15	0	0	0	2	5
62	3	5.72945125284605	323	15	0	0	0	3	5
62	4	2.20837861369364	249	16	0	0	0	4	5
62	5	0.855808028951287	449	17	0	0	0	5	5
62	6	2.58850572980009	505	13	0	0	0	6	5
62	6	4.27116009942256	347	30	0	0	0	7	5
62	8	0.94689386873506	150	15	2	0	0	8	5
63	1	2.95144554646686	355	13	1	0	0	1	5
63	2	4.07812467357144	366	14	0	0	0	2	5
63	3	3.35629709158093	316	14	0	0	0	3	5
63	4	2.67605069465935	442	22	0	0	0	4	5
63	3	3.16794854402542	215	14	0	0	0	5	5
63	2	5.50993421580642	437	29	0	0	0	6	5
63	4	1.0905943652615	171	12	0	0	0	7	5
63	4	4.07779668597504	121	16	0	0	0	8	5
63	5	3.37718658521771	299	17	0	0	0	9	5
63	7	1.61591843958013	272	15	0	0	0	10	5
63	6	1.12746576266363	327	15	0	0	0	11	5
63	8	0.217027508886531	431	17	0	0	0	12	5
63	8	6.78226495743729	297	59	2	0	0	13	5
64	2	0.308758601779118	840	16	1	0	0	1	5
64	3	2.33452783129178	395	15	0	0	0	2	5
64	4	0.716333297779784	270	15	0	0	0	3	5
64	3	2.0447619126644	272	17	0	0	0	4	5
64	4	1.2949547895696	185	15	0	0	0	5	5
64	5	0.943723050877452	280	12	0	0	0	6	5
64	6	1.34004155849107	431	18	0	0	0	7	5
64	7	4.49847408640198	215	16	0	0	0	8	5
64	7	8.99769530631602	128	19	0	0	0	9	5
64	8	4.07930017658509	282	30	0	0	0	10	5
64	9	3.70557914627716	267	26	2	0	0	11	5
66	1	2.22534083924256	300	13	1	0	0	1	5
66	2	2.86878582974896	412	26	0	0	0	2	5
66	4	3.2063695595134	453	19	0	0	0	3	5
66	5	2.8779662810266	266	16	0	0	0	4	5
66	6	4.83793322718702	318	22	0	0	0	5	5
66	7	4.21194480150007	176	20	0	0	0	6	5
66	8	2.50012712553144	309	18	0	0	0	7	5
66	9	5.85460046865046	186	12	0	0	0	8	5
66	10	2.33435176126659	213	20	2	0	0	9	5
69	1	2.58351242798381	261	13	1	0	0	1	5
69	2	1.96895957738161	357	17	0	0	0	2	5
69	1	2.88996012508869	202	31	0	0	0	3	5
69	3	0.571101100416854	178	12	0	0	0	4	5
69	3	3.21840994944796	634	19	0	0	0	5	5
69	4	2.9046122606378	404	17	0	0	0	6	5
69	5	2.10383275989443	369	20	0	0	0	7	5
69	6	3.60171991097741	462	20	0	0	0	8	5
69	7	4.68543231813237	170	21	2	0	0	9	5
71	1	3.1790920032654	346	13	1	0	0	1	5
71	2	3.72501972271129	506	18	0	0	0	2	5
71	3	4.67442763946019	376	22	0	0	0	3	5
71	4	4.51502182567492	210	15	0	0	0	4	5
71	5	2.82285964931361	292	14	0	0	0	5	5
71	6	1.40788231347688	254	32	0	0	0	6	5
71	8	2.80846211640164	274	29	0	0	0	7	5
71	10	0.565436516422778	519	17	2	0	0	8	5
72	1	3.45347299985588	323	12	1	0	0	1	5
72	2	3.72170994686894	961	24	0	0	0	2	5
72	3	3.32317312038504	435	25	0	0	0	3	5
72	4	3.73032680572942	323	14	0	0	0	4	5
72	5	1.59314126218669	393	16	0	0	0	5	5
72	5	3.63094591721892	460	30	0	0	0	6	5
72	7	3.06746420450509	355	87	2	0	0	7	5
74	1	3.0587105313316	290	12	1	0	0	1	5
74	2	2.95280254352838	354	14	0	0	0	2	5
74	3	1.95291701564565	139	12	0	0	0	3	5
74	3	4.25249057263136	139	13	0	0	0	4	5
74	4	2.55226478772238	214	18	0	0	0	5	5
74	3	1.63418117491528	117	22	0	0	0	6	5
74	1	4.46166478283703	264	33	0	0	0	7	5
74	4	6.25045570801012	204	12	0	0	0	8	5
74	5	1.92263357387856	238	14	0	0	0	9	5
74	6	2.94610480358824	337	14	0	0	0	10	5
74	7	2.3031076178886	178	27	0	0	0	11	5
74	8	5.12524842447601	408	15	0	0	0	12	5
74	8	10.3694049210753	144	12	0	0	0	13	5
74	9	2.09474889934063	202	14	0	0	0	14	5
74	10	3.51722554001026	364	15	0	0	0	15	5
74	10	6.97296558134258	424	54	2	0	0	16	5
75	2	0.242474679369479	577	14	1	0	0	1	5
75	1	2.99836595077068	199	28	0	0	0	2	5
75	3	3.68325029849075	451	16	0	0	0	3	5
75	4	3.20244135707617	602	16	0	0	0	4	5
75	5	2.1406636016909	299	16	0	0	0	5	5
75	5	7.79245418892242	335	27	0	0	0	6	5
75	8	0.941263084532693	267	14	0	0	0	7	5
75	9	3.7871377938427	210	17	2	0	0	8	5
81	1	3.16287438618019	361	13	1	0	0	1	5
81	2	4.83564009540714	214	17	0	0	0	2	5
81	3	2.65279349731281	315	17	0	0	0	3	5
81	2	5.05499371979386	187	15	0	0	0	4	5
81	2	4.90892065735534	465	13	0	0	0	5	5
81	2	7.62862910330296	177	15	0	0	0	6	5
81	3	4.8182485611178	341	15	0	0	0	7	5
81	3	7.60055909026414	552	20	0	0	0	8	5
81	4	2.74836183106527	492	14	0	0	0	9	5
81	5	2.8747764385771	279	15	0	0	0	10	5
81	6	3.78674231865443	285	14	0	0	0	11	5
81	6	7.07139499182813	133	15	0	0	0	12	5
81	7	2.15957494173199	191	14	0	0	0	13	5
81	7	4.91468520276248	828	27	0	0	0	14	5
81	8	5.90461798640899	560	42	2	0	0	15	5
83	1	2.06381704914384	258	12	1	0	0	1	5
83	2	1.40381992212497	209	12	0	0	0	2	5
83	2	4.2061410532333	348	15	0	0	0	3	5
83	3	2.7688922341913	393	14	0	0	0	4	5
83	4	3.80831723590381	286	15	0	0	0	5	5
83	4	6.02933595632203	447	23	0	0	0	6	5
83	5	3.47824688954279	240	20	0	0	0	7	5
83	6	3.0283546897117	639	13	0	0	0	8	5
83	7	3.88087127683684	231	13	0	0	0	9	5
83	8	4.08190968958661	217	13	0	0	0	10	5
83	8	7.43728782027029	198	28	0	0	0	11	5
83	9	3.07818010356277	254	15	0	0	0	12	5
83	9	9.91041997959837	452	13	0	0	0	13	5
83	9	13.6918408614583	459	52	0	0	0	14	5
83	9	17.3449121071026	182	17	2	0	0	15	5
84	1	3.17916729766876	600	16	1	0	0	1	5
84	2	2.04610837507062	274	15	0	0	0	2	5
84	3	2.54462443874218	247	16	0	0	0	3	5
84	4	2.58042452577502	254	19	0	0	0	4	5
84	3	3.25683753471822	401	30	0	0	0	5	5
84	5	4.51740260189399	550	14	0	0	0	6	5
84	6	1.75371662434191	742	16	0	0	0	7	5
84	7	1.86242464510724	239	14	0	0	0	8	5
84	6	2.80110245733522	217	17	0	0	0	9	5
84	7	3.12556847301312	332	16	0	0	0	10	5
84	8	3.94544253963977	531	13	0	0	0	11	5
84	8	6.59255840303376	129	13	0	0	0	12	5
84	9	2.31208870396949	656	15	0	0	0	13	5
84	10	2.95535934786312	724	48	2	0	0	14	5
87	2	1.13915967894718	845	14	1	0	0	1	5
87	3	1.25296468124725	422	12	0	0	0	2	5
87	3	4.23347240453586	121	14	0	0	0	3	5
87	4	2.45925797568634	292	12	0	0	0	4	5
87	5	0.662021990865469	347	19	0	0	0	5	5
87	5	3.48882314166985	160	14	0	0	0	6	5
87	6	2.05769775481895	222	23	0	0	0	7	5
87	7	3.47386712790467	261	13	2	0	0	8	5
88	1	2.17271433072165	515	16	1	0	0	1	5
88	3	1.56110648671165	221	12	0	0	0	2	5
88	3	5.64369988162071	429	14	0	0	0	3	5
88	4	1.7722376130987	313	14	0	0	0	4	5
88	5	2.08485904126428	222	17	0	0	0	5	5
88	6	2.73999500717036	206	19	0	0	0	6	5
88	5	2.70291520608589	412	32	0	0	0	7	5
88	7	1.17291561537422	296	19	0	0	0	8	5
88	8	2.27382682729512	254	14	0	0	0	9	5
88	9	4.25236690440215	249	15	2	0	0	10	5
89	1	2.40183905512094	308	13	1	0	0	1	5
89	2	2.73118913196959	413	17	0	0	0	2	5
89	3	3.99076677532867	393	16	0	0	0	3	5
89	4	1.28709559352137	255	16	0	0	0	4	5
89	5	1.65673667821102	303	15	0	0	0	5	5
89	6	2.31948674935848	221	12	0	0	0	6	5
89	5	1.77956880163401	260	22	0	0	0	7	5
89	6	3.51035765139386	599	33	0	0	0	8	5
89	3	3.19209955167025	442	41	0	0	0	9	5
89	6	9.21207594266161	206	19	0	0	0	10	5
89	7	3.20341532398015	240	22	0	0	0	11	5
89	8	4.97722662752494	269	12	0	0	0	12	5
89	8	6.04316171701066	282	13	0	0	0	13	5
89	8	9.98258125199936	787	56	2	0	0	14	5
90	1	3.48206070391461	259	13	1	0	0	1	5
90	2	1.67527271737345	277	14	0	0	0	2	5
90	3	0.285917980596423	142	15	0	0	0	3	5
90	3	3.4321343046613	167	13	0	0	0	4	5
90	3	8.9355730835814	199	13	0	0	0	5	5
90	4	0.589369617868215	249	12	0	0	0	6	5
90	5	2.36543079721741	345	15	0	0	0	7	5
90	6	3.12198581593111	276	23	0	0	0	8	5
90	7	4.65674219303764	794	15	0	0	0	9	5
90	8	2.74361438443884	474	13	0	0	0	10	5
90	9	4.63563727308065	403	52	2	0	0	11	5
91	1	2.91152638127096	354	14	1	0	0	1	5
91	2	2.20217248774134	315	14	0	0	0	2	5
91	2	9.51220191456378	272	12	0	0	0	3	5
91	2	7.76272747083567	718	16	0	0	0	4	5
91	3	1.22334277676418	504	16	0	0	0	5	5
91	4	2.1015798074659	156	17	0	0	0	6	5
91	5	1.5243102516979	361	13	0	0	0	7	5
91	6	1.24248771322891	366	21	0	0	0	8	5
91	7	5.41118157794699	248	19	0	0	0	9	5
91	8	3.63477632263675	357	19	0	0	0	10	5
91	7	7.36862768558785	333	12	0	0	0	11	5
91	7	9.95969849079847	233	25	0	0	0	12	5
91	9	3.72125679464079	457	17	2	0	0	13	5
93	1	2.89388885023072	257	17	1	0	0	1	5
93	2	3.14908991917036	233	14	0	0	0	2	5
93	2	7.80244167847559	125	14	0	0	0	3	5
93	3	2.80900241807103	374	20	0	0	0	4	5
93	4	1.37500213575549	209	13	0	0	0	5	5
93	4	4.71521667973138	135	14	0	0	0	6	5
93	5	3.40727266296744	207	17	0	0	0	7	5
93	5	8.33175778994337	269	12	0	0	0	8	5
93	5	5.68244290398434	236	12	0	0	0	9	5
93	5	8.4517478775233	145	12	0	0	0	10	5
93	5	12.1222931363154	149	19	0	0	0	11	5
93	6	4.45445404108614	245	23	0	0	0	12	5
93	7	4.40280688228086	321	14	2	0	0	13	5
96	1	1.57773893000558	315	12	1	0	0	1	5
96	2	1.47678294382058	407	12	0	0	0	2	5
96	3	4.11377285001799	143	17	0	0	0	3	5
96	2	2.00165298068896	257	27	0	0	0	4	5
96	4	0.663042970467359	255	16	0	0	0	5	5
96	5	0.061896744184196	326	15	0	0	0	6	5
96	6	2.17942413873971	147	14	0	0	0	7	5
96	7	2.42022734717466	236	15	0	0	0	8	5
96	6	0.252037588041276	178	31	0	0	0	9	5
96	8	1.09792918711901	322	21	0	0	0	10	5
96	9	2.25211293413304	442	16	0	0	0	11	5
96	10	3.98868810944259	222	16	0	0	0	12	5
96	9	2.06340322876349	312	16	0	0	0	13	5
96	10	2.17013548896648	169	30	0	0	0	14	5
96	12	1.18564867647365	269	14	0	0	0	15	5
96	12	4.85846020281315	331	48	2	0	0	16	5
97	1	2.10810062452219	213	14	1	0	0	1	5
97	2	2.85669370158575	262	13	0	0	0	2	5
97	3	2.22664151131175	213	13	0	0	0	3	5
97	3	5.99351942818612	152	14	0	0	0	4	5
97	4	2.88223686022684	210	25	0	0	0	5	5
97	5	1.3294488536194	432	14	0	0	0	6	5
97	6	2.49262508633547	187	13	0	0	0	7	5
97	8	0.228033827152103	584	19	0	0	0	8	5
97	9	4.78555645467713	315	15	0	0	0	9	5
97	9	6.28296036273241	452	54	2	0	0	10	5
98	1	3.80218937131576	327	15	1	0	0	1	5
98	2	2.50159708666615	316	26	0	0	0	2	5
98	3	1.56210013129748	313	13	0	0	0	3	5
98	4	2.54466918483377	210	23	0	0	0	4	5
98	5	1.3781896866858	295	32	0	0	0	5	5
98	6	2.20837864093482	293	15	0	0	0	6	5
98	6	5.52958784881048	152	17	0	0	0	7	5
98	7	2.10961072309874	357	34	0	0	0	8	5
98	9	5.00688792252913	491	18	0	0	0	9	5
98	10	5.92929661320522	577	52	2	0	0	10	5
99	1	2.0805429816246	231	13	1	0	0	1	5
99	2	1.76093927840702	227	13	0	0	0	2	5
99	1	2.63487991411239	240	17	0	0	0	3	5
99	2	3.15457958704792	253	19	0	0	0	4	5
99	3	1.53472508490086	465	15	0	0	0	5	5
99	4	1.43548941006884	520	24	0	0	0	6	5
99	5	2.48373752902262	228	15	0	0	0	7	5
99	5	4.01323295827024	148	18	0	0	0	8	5
99	6	3.98408746882342	276	17	0	0	0	9	5
99	7	1.61493017035536	211	16	2	0	0	10	5
100	2	1.24751146440394	880	15	1	0	0	1	5
100	3	3.54199216235429	386	16	0	0	0	2	5
100	4	1.65151511738077	367	20	0	0	0	3	5
100	5	4.52090276358649	357	31	0	0	0	4	5
100	6	2.46668410440907	296	30	0	0	0	5	5
100	7	2.00169749720953	408	14	0	0	0	6	5
100	8	2.99107007263228	165	30	0	0	0	7	5
100	9	4.76929649501108	658	24	2	0	0	8	5
101	1	2.15240246686153	216	13	1	0	0	1	5
101	2	2.33587410277687	381	13	0	0	0	2	5
101	2	6.52345475181937	112	13	0	0	0	3	5
101	3	2.53352935356088	263	14	0	0	0	4	5
101	4	0.384018099168316	319	13	0	0	0	5	5
101	4	2.01771570043638	588	29	0	0	0	6	5
101	6	1.50918463338166	236	18	0	0	0	7	5
101	7	2.54476618813351	249	15	0	0	0	8	5
101	8	3.94216904230416	238	14	0	0	0	9	5
101	9	2.08454816741869	516	52	2	0	0	10	5
102	1	1.49267157819122	361	13	1	0	0	1	5
102	2	1.2177196200937	204	14	0	0	0	2	5
102	3	1.05683337361552	360	22	0	0	0	3	5
102	4	3.11435596039519	212	15	0	0	0	4	5
102	5	3.37154836789705	245	16	0	0	0	5	5
102	4	1.1471828611102	283	32	0	0	0	6	5
102	6	1.06683403276838	217	16	0	0	0	7	5
102	6	6.31519401050173	171	17	0	0	0	8	5
102	7	4.00107179675251	228	25	0	0	0	9	5
102	8	4.25227843690664	638	31	0	0	0	10	5
102	9	5.85015472467057	389	52	2	0	0	11	5
103	1	2.97064370638691	261	16	1	0	0	1	5
103	2	2.16876371251419	449	19	0	0	0	2	5
103	3	3.91416258364916	383	19	0	0	0	3	5
103	4	3.79809574875981	601	18	0	0	0	4	5
103	5	2.59671266307123	430	28	0	0	0	5	5
103	7	2.97415142669342	189	12	2	0	0	6	5
104	1	3.88373850332573	397	12	1	0	0	1	5
104	2	2.8967000709381	156	13	0	0	0	2	5
104	2	5.28484567580745	372	20	0	0	0	3	5
104	3	2.53477562638	263	17	0	0	0	4	5
104	4	3.5517084475141	205	30	0	0	0	5	5
104	5	1.2118314334657	435	19	0	0	0	6	5
104	6	2.8532275329344	608	15	0	0	0	7	5
104	7	4.6006977725774	219	26	0	0	0	8	5
104	8	3.02796735358424	425	19	0	0	0	9	5
104	9	2.1676758560352	503	22	2	0	0	10	5
107	1	2.50673116883263	246	13	1	0	0	1	5
107	2	2.76358080538921	206	15	0	0	0	2	5
107	2	7.25214585009962	134	13	0	0	0	3	5
107	3	1.28371020383202	230	26	0	0	0	4	5
107	1	2.38147714384831	331	16	0	0	0	5	5
107	2	5.3726049924735	139	19	0	0	0	6	5
107	3	2.67340541398153	248	14	0	0	0	7	5
107	4	0.562149512814358	551	14	0	0	0	8	5
107	5	1.71133559080772	206	21	0	0	0	9	5
107	7	0.77045681537129	749	31	0	0	0	10	5
107	9	2.08306755358353	496	15	0	0	0	11	5
107	10	4.67211109143682	368	16	2	0	0	12	5
109	1	2.65878939256072	268	16	1	0	0	1	5
109	2	2.39301394880749	273	12	0	0	0	2	5
109	2	5.93271309579723	153	31	0	0	0	3	5
109	3	1.73172487062402	659	17	0	0	0	4	5
109	4	1.66629521921277	579	18	0	0	0	5	5
109	5	1.7375952815637	299	16	0	0	0	6	5
109	6	2.96506175328977	584	20	0	0	0	7	5
109	7	1.12609388376586	282	17	0	0	0	8	5
109	8	2.99962322716601	226	12	0	0	0	9	5
109	8	5.85960049950518	523	20	0	0	0	10	5
109	9	7.17190710711293	300	18	0	0	0	11	5
109	9	0.766661755973473	298	28	0	0	0	12	5
109	9	12.5124008967541	641	59	2	0	0	13	5
110	1	3.2531791201327	265	15	1	0	0	1	5
110	2	3.71492885868065	170	19	0	0	0	2	5
110	2	8.82852742471732	285	18	0	0	0	3	5
110	3	4.78208471974358	462	19	0	0	0	4	5
110	4	3.80353733431548	194	16	0	0	0	5	5
110	5	3.78838207828812	191	18	0	0	0	6	5
110	6	3.13932245294563	508	12	0	0	0	7	5
110	7	4.20018512988463	370	19	0	0	0	8	5
110	8	4.02330120606348	236	26	0	0	0	9	5
110	10	0.249219637364149	903	22	0	0	0	10	5
110	10	6.62696899869479	323	13	0	0	0	11	5
110	10	9.4487953716889	157	16	0	0	0	12	5
110	10	4.14489883789793	396	28	0	0	0	13	5
110	10	12.7228734851815	168	12	0	0	0	14	5
110	10	14.9030423485674	886	52	2	0	0	15	5
112	1	2.5971130640246	433	18	1	0	0	1	5
112	2	4.81163898087107	624	16	0	0	0	2	5
112	3	3.5661150640808	325	15	0	0	0	3	5
112	4	1.19025071896613	207	12	0	0	0	4	5
112	3	4.07555666775443	261	15	0	0	0	5	5
112	4	2.84113825764507	216	14	0	0	0	6	5
112	5	2.52809262624942	262	26	0	0	0	7	5
112	6	3.03089071903378	362	16	0	0	0	8	5
112	5	2.37139579700306	261	30	0	0	0	9	5
112	8	0.934822953306139	266	16	0	0	0	10	5
112	8	5.27038402156904	271	14	0	0	0	11	5
112	8	0.344332812353969	309	31	0	0	0	12	5
112	9	5.93013833579607	610	13	0	0	0	13	5
112	9	8.52099604485556	544	53	2	0	0	14	5
114	1	1.1596804857254	402	16	1	0	0	1	5
114	3	0.207320308312774	362	22	0	0	0	2	5
114	3	7.04116672184318	248	15	0	0	0	3	5
114	5	0.132884071907029	224	15	0	0	0	4	5
114	6	1.79814080777578	485	16	0	0	0	5	5
114	7	2.21227832441218	355	29	0	0	0	6	5
114	8	2.45966902817599	394	18	0	0	0	7	5
114	9	1.87014046846889	343	20	0	0	0	8	5
114	10	3.53767122956924	379	29	0	0	0	9	5
114	11	7.31605148757808	646	13	0	0	0	10	5
114	11	10.2897283330094	206	49	2	0	0	11	5
