1	1	3.7443296588026	244	16	1	0	0	1	2
1	3	0.376908383332193	254	13	0	0	0	2	2
1	3	2.92614368186332	45	17	0	0	0	3	2
1	2	2.88240775675513	579	16	0	0	0	4	2
1	3	5.07808704860508	384	24	0	0	0	5	2
1	5	1.17994091031142	205	15	0	0	0	6	2
1	4	0.326339982217178	319	19	0	0	0	7	2
1	6	2.22714304481633	272	17	0	0	0	8	2
1	7	3.87809771113098	263	25	0	0	0	9	2
1	9	5.54994042916223	238	17	0	0	0	10	2
1	10	6.56042784731835	258	16	0	0	0	11	2
1	11	6.50173765537329	118	34	2	0	0	12	2
2	1	2.82820542878471	246	15	1	0	0	1	2
2	3	0.432407088810578	229	12	0	0	0	2	2
2	2	3.18178195087239	194	13	0	0	0	3	2
2	3	2.77953552524559	189	15	0	0	0	4	2
2	4	0.671448167180642	150	14	0	0	0	5	2
2	4	4.85323236859404	218	21	0	0	0	6	2
2	6	3.45476870238781	138	14	0	0	0	7	2
2	5	3.64004381000996	249	18	0	0	0	8	2
2	7	6.41909318417311	200	16	0	0	0	9	2
2	9	0.0823467106092721	148	16	0	0	0	10	2
2	10	0.871922107879072	217	15	2	0	0	11	2
3	1	3.36605401500128	347	17	1	0	0	1	2
3	3	0.889743930194527	170	14	0	0	0	2	2
3	3	4.7394525220152	244	15	0	0	0	3	2
3	4	3.8632520805113	283	16	0	0	0	4	2
3	6	0.0155547254253179	271	14	0	0	0	5	2
3	6	4.42746538389474	170	19	0	0	0	6	2
3	8	2.88093473366462	409	18	0	0	0	7	2
3	9	3.35649267234839	278	14	0	0	0	8	2
3	10	1.20393184223212	270	14	0	0	0	9	2
3	10	6.35607543424703	188	41	2	0	0	10	2
4	1	3.12698168167844	240	17	1	0	0	1	2
4	2	4.15169038972817	222	27	0	0	0	2	2
4	3	3.57727667759173	250	15	0	0	0	3	2
4	4	2.2212011825759	188	14	0	0	0	4	2
4	4	5.52399202925153	367	15	0	0	0	5	2
4	5	0.378811778966337	203	12	0	0	0	6	2
4	5	3.75214157160372	359	18	0	0	0	7	2
4	6	4.45412467094138	219	16	0	0	0	8	2
4	8	0.044265347532928	426	17	0	0	0	9	2
4	8	6.77527901227586	242	53	2	0	0	10	2
5	1	5.13501348975115	230	12	1	0	0	1	2
5	1	3.50317913945764	346	23	0	0	0	2	2
5	2	3.68921611504629	437	19	0	0	0	3	2
5	3	1.2254803578835	315	17	0	0	0	4	2
5	4	3.48527127830312	555	20	0	0	0	5	2
5	5	1.02445638831705	265	14	0	0	0	6	2
5	5	3.02908879565075	116	15	0	0	0	7	2
5	6	2.61597983236425	399	51	2	0	0	8	2
6	1	2.42005320102908	269	15	1	0	0	1	2
6	2	3.77476841909811	251	18	0	0	0	2	2
6	3	4.39193517179228	265	13	0	0	0	3	2
6	3	6.40731082693674	568	19	0	0	0	4	2
6	4	3.98883657646365	183	13	0	0	0	5	2
6	5	2.14833682798781	148	14	0	0	0	6	2
6	4	3.5660871558357	485	18	0	0	0	7	2
6	6	3.10582619113848	334	19	0	0	0	8	2
6	7	4.08347853180021	348	17	0	0	0	9	2
6	9	1.52902611903846	203	50	2	0	0	10	2
7	1	2.57085374905728	233	16	1	0	0	1	2
7	2	3.44042831892148	180	17	0	0	0	2	2
7	3	4.68356705154292	147	14	0	0	0	3	2
7	3	1.60058790398762	114	20	0	0	0	4	2
7	1	3.22661655209959	310	20	0	0	0	5	2
7	3	3.44088138011284	321	15	0	0	0	6	2
7	5	0.194775467272848	212	16	0	0	0	7	2
7	5	4.11755236121826	286	18	0	0	0	8	2
7	6	4.65656406013295	256	12	0	0	0	9	2
7	6	2.07252264418639	167	16	0	0	0	10	2
7	7	2.75790007738397	323	13	0	0	0	11	2
7	7	5.0002392840106	144	16	0	0	0	12	2
7	7	11.568962688325	98	21	0	0	0	13	2
7	10	2.16935029765591	201	15	2	0	0	14	2
8	1	2.14121209573932	246	15	1	0	0	1	2
8	2	3.44903280213475	204	17	0	0	0	2	2
8	3	5.27297412697226	282	18	0	0	0	3	2
8	5	0.441813878016546	270	14	0	0	0	4	2
8	6	0.663256333908066	170	19	0	0	0	5	2
8	7	4.15575749310665	214	20	0	0	0	6	2
8	9	3.28219287865795	290	20	0	0	0	7	2
8	10	3.59666899382137	285	49	2	0	0	8	2
9	1	2.46405828744173	222	16	1	0	0	1	2
9	2	1.91218142560683	196	17	0	0	0	2	2
9	3	1.08880607644096	297	17	0	0	0	3	2
9	4	1.57875977060758	421	16	0	0	0	4	2
9	5	1.43537042289972	454	19	0	0	0	5	2
9	7	1.71108950697817	335	54	2	0	0	6	2
10	1	2.89741432084702	56	14	1	0	0	1	2
10	2	3.14968621334992	182	16	0	0	0	2	2
10	3	1.69075558707118	237	15	0	0	0	3	2
10	2	0.0973190274089575	255	47	0	0	0	4	2
10	4	2.80643973499537	276	16	0	0	0	5	2
10	5	2.30593324243091	194	20	0	0	0	6	2
10	3	6.45225411700085	312	25	0	0	0	7	2
10	6	2.82844064361416	370	18	0	0	0	8	2
10	7	5.46780666615814	296	17	0	0	0	9	2
10	9	2.25698470789939	250	16	0	0	0	10	2
10	10	1.43327637645416	232	19	2	0	0	11	2
11	2	2.35655577667058	180	14	1	0	0	1	2
11	1	3.17899012612179	183	17	0	0	0	2	2
11	2	7.85428268811665	153	17	0	0	0	3	2
11	3	3.16608479293063	319	17	0	0	0	4	2
11	5	0.145245610037819	206	14	0	0	0	5	2
11	5	3.37414245912805	288	15	0	0	0	6	2
11	6	4.64212072989903	251	19	0	0	0	7	2
11	8	1.60121347266249	216	13	0	0	0	8	2
11	8	5.27203990821727	268	18	0	0	0	9	2
11	9	5.58964764024131	385	60	2	0	0	10	2
12	1	2.87898829090409	227	15	1	0	0	1	2
12	2	3.582659650594	193	15	0	0	0	2	2
12	3	3.92135297646746	307	16	0	0	0	3	2
12	4	4.52777557820082	170	15	0	0	0	4	2
12	5	4.02383074909449	257	20	0	0	0	5	2
12	8	0.288439883384854	311	17	2	0	0	6	2
14	1	5.52520738285966	162	14	1	0	0	1	2
14	1	2.82768778549507	145	21	0	0	0	2	2
14	2	3.45418263808824	553	17	0	0	0	3	2
14	3	3.40669074025936	400	16	0	0	0	4	2
14	5	1.85511934151873	174	14	0	0	0	5	2
14	5	5.48336273618042	195	15	0	0	0	6	2
14	5	9.91807557526045	186	17	0	0	0	7	2
14	6	5.47448646766134	164	12	0	0	0	8	2
14	6	3.86467227432877	209	17	0	0	0	9	2
14	8	0.060902999015525	267	21	2	0	0	10	2
15	2	0.314298700774089	181	12	1	0	0	1	2
15	1	3.71174883609638	233	17	0	0	0	2	2
15	3	1.11734348977916	237	13	0	0	0	3	2
15	3	4.33524121926166	183	16	0	0	0	4	2
15	4	4.77086455747485	283	19	0	0	0	5	2
15	6	3.57296308805235	143	15	0	0	0	6	2
15	5	5.20805563032627	186	15	0	0	0	7	2
15	5	2.76775356754661	174	16	0	0	0	8	2
15	6	2.04740574141033	224	16	0	0	0	9	2
15	7	4.77675379370339	394	18	0	0	0	10	2
15	8	5.95641799177974	203	13	0	0	0	11	2
15	8	3.11394888698123	141	27	0	0	0	12	2
15	9	5.86546748527326	434	40	2	0	0	13	2
16	1	2.22315319441259	233	16	1	0	0	1	2
16	2	4.70492813177407	315	18	0	0	0	2	2
16	3	2.87121711648069	323	31	0	0	0	3	2
16	4	2.80046817590483	433	30	0	0	0	4	2
16	6	0.561956652672961	575	52	2	0	0	5	2
17	1	2.84801975893788	218	14	1	0	0	1	2
17	2	3.18524801149033	310	17	0	0	0	2	2
17	3	1.3340314743109	273	17	0	0	0	3	2
17	4	1.40146132931113	315	15	0	0	0	4	2
17	5	1.97853068681434	301	17	0	0	0	5	2
17	6	3.86454438231885	352	17	0	0	0	6	2
17	7	2.99925676453859	232	15	0	0	0	7	2
17	8	4.832185247913	255	54	2	0	0	8	2
18	1	1.69958985643461	220	17	1	0	0	1	2
18	2	5.72904013749212	291	16	0	0	0	2	2
18	3	5.67427749070339	211	19	0	0	0	3	2
18	2	3.85929815913551	213	20	0	0	0	4	2
18	4	1.83551517338492	232	25	0	0	0	5	2
18	4	5.0729440106079	247	16	0	0	0	6	2
18	5	4.74503813078627	301	19	0	0	0	7	2
18	6	3.43206410598941	343	28	0	0	0	8	2
18	9	1.71109293797053	310	15	0	0	0	9	2
18	10	3.57969560008496	168	41	2	0	0	10	2
19	1	2.1330546757672	168	28	1	0	0	1	2
19	2	3.97475107968785	179	16	0	0	0	2	2
19	3	2.3935706934426	322	29	0	0	0	3	2
19	4	3.65124439750798	189	13	0	0	0	4	2
19	4	1.43048959947191	206	18	0	0	0	5	2
19	5	3.93724623275921	296	14	0	0	0	6	2
19	6	2.00202554417774	176	17	0	0	0	7	2
19	8	1.43919294583611	215	17	0	0	0	8	2
19	8	6.12688116729259	294	19	0	0	0	9	2
19	11	1.3151162317954	209	13	2	0	0	10	2
20	2	0.926763017196208	247	16	1	0	0	1	2
20	2	5.51710289157927	265	21	0	0	0	2	2
20	3	5.32910421327688	188	12	0	0	0	3	2
20	3	2.86489775008522	156	17	0	0	0	4	2
20	4	4.87885398208164	448	24	0	0	0	5	2
20	7	0.89663571654819	190	16	0	0	0	6	2
20	6	0.323512284783646	231	18	0	0	0	7	2
20	8	0.581768179079518	327	14	0	0	0	8	2
20	7	2.71810057270341	75	24	0	0	0	9	2
20	10	3.83645251812413	251	42	2	0	0	10	2
21	1	2.39220152422786	245	19	1	0	0	1	2
21	2	4.37892513698898	170	17	0	0	0	2	2
21	3	2.42414681846276	403	21	0	0	0	3	2
21	5	0.0411855145357549	191	12	0	0	0	4	2
21	4	1.08289222093299	238	16	0	0	0	5	2
21	5	3.95063272072002	209	16	0	0	0	6	2
21	6	4.48607838107273	538	16	0	0	0	7	2
21	7	3.09393566497602	307	19	0	0	0	8	2
21	9	1.79120009113103	429	17	0	0	0	9	2
21	9	4.13064036075957	192	43	2	0	0	10	2
22	1	3.28961584740318	320	29	1	0	0	1	2
22	3	0.257056815316901	174	16	0	0	0	2	2
22	3	4.63566484791227	203	16	0	0	0	3	2
22	4	3.63224094454199	296	16	0	0	0	4	2
22	5	4.01576906465925	403	20	0	0	0	5	2
22	6	4.114661837928	461	50	2	0	0	6	2
23	1	2.30128320981748	260	14	1	0	0	1	2
23	2	1.94852993264794	49	16	0	0	0	2	2
23	3	2.23716694908217	307	16	0	0	0	3	2
23	4	3.0078038952779	332	17	0	0	0	4	2
23	5	1.23623134801164	242	15	0	0	0	5	2
23	5	4.90899192751385	138	17	0	0	0	6	2
23	6	3.40011613559909	246	15	0	0	0	7	2
23	7	0.0290823632385582	190	46	2	0	0	8	2
24	1	2.06730266427621	274	16	1	0	0	1	2
24	2	4.24915322172455	151	14	0	0	0	2	2
24	3	2.80594837805256	247	18	0	0	0	3	2
24	4	2.80415679956786	325	15	0	0	0	4	2
24	5	4.51892072684132	234	16	0	0	0	5	2
24	6	3.79419311252423	183	20	0	0	0	6	2
24	8	0.269005099777132	170	13	0	0	0	7	2
24	7	2.02965367748402	171	16	0	0	0	8	2
24	9	0.0409347813110799	151	17	0	0	0	9	2
24	10	3.7871759312693	220	42	2	0	0	10	2
25	1	3.4125025421381	226	13	1	0	0	1	2
25	2	3.35630411258899	366	15	0	0	0	2	2
25	3	3.26386407879181	599	18	0	0	0	3	2
25	4	6.36618591961451	209	17	0	0	0	4	2
25	4	2.89456820348278	140	24	0	0	0	5	2
25	6	2.7521756591741	152	12	0	0	0	6	2
25	5	2.53311323560774	260	16	0	0	0	7	2
25	7	2.81573473615572	421	12	0	0	0	8	2
25	7	1.46811340400018	149	20	0	0	0	9	2
25	8	6.88425164017826	232	15	0	0	0	10	2
25	8	3.26582143059932	177	18	0	0	0	11	2
25	8	11.6412381359842	151	40	2	0	0	12	2
26	1	2.38426030660048	224	17	1	0	0	1	2
26	2	3.09970409166999	258	16	0	0	0	2	2
26	3	0.213371899910271	227	15	0	0	0	3	2
26	4	1.73884528316557	230	12	0	0	0	4	2
26	4	3.25706703169271	217	12	0	0	0	5	2
26	4	1.35440358426422	134	17	0	0	0	6	2
26	5	1.22271301154979	226	17	0	0	0	7	2
26	6	1.6030640124809	324	14	0	0	0	8	2
26	7	0.198611944681033	197	58	2	0	0	9	2
27	1	1.73003365751356	228	16	1	0	0	1	2
27	2	1.39995608502068	239	26	0	0	0	2	2
27	2	6.13131876592524	230	15	0	0	0	3	2
27	3	2.50911784055643	223	14	0	0	0	4	2
27	3	5.23590587824583	157	14	0	0	0	5	2
27	4	5.94048393471166	562	21	0	0	0	6	2
27	6	1.92223403742537	175	16	2	0	0	7	2
28	1	2.40782599290833	241	16	1	0	0	1	2
28	2	2.72436490491964	222	18	0	0	0	2	2
28	3	2.27704384340905	302	17	0	0	0	3	2
28	4	2.50257249199785	492	19	0	0	0	4	2
28	5	2.31980799767189	352	14	0	0	0	5	2
28	6	1.79393249028362	209	14	0	0	0	6	2
28	7	1.97133110277355	230	17	0	0	0	7	2
28	7	7.37701010820456	214	14	0	0	0	8	2
28	8	4.69553594919853	225	20	0	0	0	9	2
28	10	6.97279390413314	447	43	2	0	0	10	2
29	1	2.83350347308442	221	16	1	0	0	1	2
29	2	3.88662179745734	282	18	0	0	0	2	2
29	3	3.21844467101619	242	16	0	0	0	3	2
29	4	2.75208570365794	259	17	0	0	0	4	2
29	5	3.75461828731932	390	16	0	0	0	5	2
29	6	3.30674459575675	289	17	0	0	0	6	2
29	7	3.08337174006738	439	17	0	0	0	7	2
29	7	11.7292668644805	236	15	0	0	0	8	2
29	8	1.0892517270986	199	19	2	0	0	9	2
30	1	1.24202745151706	229	16	1	0	0	1	2
30	2	2.76290566311218	251	14	0	0	0	2	2
30	3	0.674995556939393	168	14	0	0	0	3	2
30	4	0.0749000131618232	168	14	0	0	0	4	2
30	4	3.54788608592935	195	17	0	0	0	5	2
30	5	4.36862845439464	303	15	0	0	0	6	2
30	7	1.41872156877071	222	53	2	0	0	7	2
31	2	2.36381809017621	183	12	1	0	0	1	2
31	1	2.33680649893358	227	12	0	0	0	2	2
31	2	2.14853277103975	121	15	0	0	0	3	2
31	3	3.99257072131149	466	20	0	0	0	4	2
31	4	4.87530993088149	194	12	0	0	0	5	2
31	4	2.9942871958483	164	19	0	0	0	6	2
31	6	0.598719283472747	192	13	0	0	0	7	2
31	5	2.2137022248935	160	21	0	0	0	8	2
31	7	2.29012520541437	275	14	0	0	0	9	2
31	7	5.01154936454259	143	15	0	0	0	10	2
31	8	4.64223365439102	148	15	0	0	0	11	2
31	9	1.67962529486977	222	45	2	0	0	12	2
32	1	1.52842435333878	245	15	1	0	0	1	2
32	2	1.78013315517455	185	19	0	0	0	2	2
32	3	2.2013468479272	235	19	0	0	0	3	2
32	4	2.04426749097183	216	13	0	0	0	4	2
32	5	2.50464295037091	232	16	0	0	0	5	2
32	6	1.97883786563762	276	19	0	0	0	6	2
32	8	2.81400935444981	167	13	2	0	0	7	2
33	2	2.29873462347314	151	15	1	0	0	1	2
33	1	4.44714089203626	222	16	0	0	0	2	2
33	2	4.08221099013463	174	16	0	0	0	3	2
33	3	5.02831058227457	163	13	0	0	0	4	2
33	4	2.13842278998345	254	16	0	0	0	5	2
33	5	1.5618519524578	313	14	0	0	0	6	2
33	6	1.66195516707376	198	15	0	0	0	7	2
33	6	5.72625190252438	194	23	0	0	0	8	2
33	7	7.99443978792988	212	12	0	0	0	9	2
33	7	4.19566091406159	108	42	2	0	0	10	2
34	1	3.18226711312309	225	15	1	0	0	1	2
34	2	4.75081672286615	202	17	0	0	0	2	2
34	3	3.95497404318303	555	28	0	0	0	3	2
34	5	2.4580940855667	150	14	0	0	0	4	2
34	4	2.45771427871659	186	14	0	0	0	5	2
34	4	0.531773616559803	248	15	0	0	0	6	2
34	5	2.7612724637147	222	18	0	0	0	7	2
34	7	0.392267401097342	224	12	2	0	0	8	2
35	2	4.67962429998443	162	16	1	0	0	1	2
35	1	3.89180904813111	226	16	0	0	0	2	2
35	2	4.03138512768783	350	14	0	0	0	3	2
35	3	3.46568242646754	279	17	0	0	0	4	2
35	2	6.23548670206219	141	14	0	0	0	5	2
35	3	3.92587109515443	172	16	0	0	0	6	2
35	4	2.89313487429172	288	14	0	0	0	7	2
35	4	6.94754616962746	149	18	0	0	0	8	2
35	5	3.33745280560106	363	67	2	0	0	9	2
36	1	2.16693200776353	251	15	1	0	0	1	2
36	2	3.63180499570444	250	15	0	0	0	2	2
36	3	2.63845034339465	287	17	0	0	0	3	2
36	4	2.68297666870058	299	16	0	0	0	4	2
36	5	3.92704244470224	257	12	0	0	0	5	2
36	5	6.03926299558952	221	19	0	0	0	6	2
36	6	3.30555275594816	504	18	0	0	0	7	2
36	7	4.65793091454543	193	14	2	0	0	8	2
37	1	3.41102948435582	266	16	1	0	0	1	2
37	2	3.08817169442773	144	14	0	0	0	2	2
37	3	3.51849232730456	296	16	0	0	0	3	2
37	4	3.0214473279193	431	20	0	0	0	4	2
37	5	2.18804038921371	496	15	0	0	0	5	2
37	6	3.25278316321783	305	14	0	0	0	6	2
37	7	3.61763660144061	279	15	0	0	0	7	2
37	8	2.24527685111389	221	44	2	0	0	8	2
38	1	2.5220493208617	202	15	1	0	0	1	2
38	2	3.60537026147358	159	15	0	0	0	2	2
38	3	2.95068077556789	203	15	0	0	0	3	2
38	3	5.21600695000961	227	17	0	0	0	4	2
38	4	1.58440921804868	411	14	0	0	0	5	2
38	5	0.137038959888741	179	15	0	0	0	6	2
38	5	3.80668844981119	192	16	0	0	0	7	2
38	6	3.29230342409573	223	18	0	0	0	8	2
38	9	0.471500315470621	215	16	0	0	0	9	2
38	9	7.90960415219888	440	14	0	0	0	10	2
38	9	3.15036900970154	135	18	0	0	0	11	2
38	9	12.3799131622072	234	46	2	0	0	12	2
39	1	2.36408820957877	181	19	1	0	0	1	2
39	2	4.55912744486704	322	24	0	0	0	2	2
39	3	3.98433297476731	350	16	0	0	0	3	2
39	4	4.54515418899246	351	22	0	0	0	4	2
39	6	1.56508581480011	220	17	0	0	0	5	2
39	7	5.14039782318287	422	18	0	0	0	6	2
39	9	3.4679667011369	246	44	2	0	0	7	2
40	2	0.459771228721365	174	15	1	0	0	1	2
40	1	2.93397402367555	242	16	0	0	0	2	2
40	3	0.912301839794964	279	16	0	0	0	3	2
40	4	2.19202588801272	356	20	0	0	0	4	2
40	5	5.457978538936	199	14	0	0	0	5	2
40	6	2.25199122168124	158	17	0	0	0	6	2
40	5	2.6126523069106	240	16	0	0	0	7	2
40	6	1.35999764734879	334	22	0	0	0	8	2
40	8	2.92362412111834	272	19	0	0	0	9	2
40	10	0.651358619565144	199	17	0	0	0	10	2
40	10	5.2159061904531	232	16	0	0	0	11	2
40	11	4.9254752183333	95	45	2	0	0	12	2
41	2	3.20203716191463	160	14	1	0	0	1	2
41	2	0.812899824231863	183	17	0	0	0	2	2
41	2	8.83252162486315	187	18	0	0	0	3	2
41	3	2.76881636120379	239	13	0	0	0	4	2
41	3	5.56305469945073	190	15	0	0	0	5	2
41	4	3.74181843874976	260	14	0	0	0	6	2
41	5	3.3139084870927	179	18	0	0	0	7	2
41	6	6.45288565778174	295	17	0	0	0	8	2
41	7	4.3394653967116	237	19	0	0	0	9	2
41	8	3.35319899604656	180	37	2	0	0	10	2
42	2	2.80065935407765	163	13	1	0	0	1	2
42	1	2.07415872672573	229	18	0	0	0	2	2
42	3	2.88397807767615	323	18	0	0	0	3	2
42	4	3.89989981148392	443	15	0	0	0	4	2
42	5	1.59270967030898	222	18	0	0	0	5	2
42	7	2.86012667114846	326	18	0	0	0	6	2
42	8	4.57710647094063	536	20	0	0	0	7	2
42	9	4.12698326772079	264	43	2	0	0	8	2
43	1	3.81110473792069	218	13	1	0	0	1	2
43	1	1.99970120773651	188	18	0	0	0	2	2
43	3	0.014996450394392	293	20	0	0	0	3	2
43	4	4.16243583965115	519	25	0	0	0	4	2
43	7	0.780481130816042	232	14	2	0	0	5	2
44	1	1.10087757371366	234	16	1	0	0	1	2
44	2	2.4836585666053	406	17	0	0	0	2	2
44	3	1.32909581135027	338	16	0	0	0	3	2
44	4	1.51202653883956	224	14	0	0	0	4	2
44	4	4.30993353063241	149	16	0	0	0	5	2
44	5	3.92472891951911	234	16	0	0	0	6	2
44	6	6.15978537802584	186	19	0	0	0	7	2
44	7	5.03458263818175	399	19	0	0	0	8	2
44	9	0.101921880850568	602	18	0	0	0	9	2
44	10	3.03180409921333	209	33	2	0	0	10	2
45	1	5.74166440218687	156	13	1	0	0	1	2
45	1	3.56145761813968	167	20	0	0	0	2	2
45	2	1.29905077256262	301	13	0	0	0	3	2
45	2	6.1881863498129	186	12	0	0	0	4	2
45	3	1.40683506079949	160	13	0	0	0	5	2
45	4	2.80429239291698	185	17	0	0	0	6	2
45	5	3.7059865843039	297	17	0	0	0	7	2
45	6	2.00463819154538	251	17	0	0	0	8	2
45	7	2.1829667375423	284	49	2	0	0	9	2
46	1	2.04338985309005	276	15	1	0	0	1	2
46	3	0.943476702319458	153	13	0	0	0	2	2
46	3	2.31552431965247	242	23	0	0	0	3	2
46	4	2.39047218323685	345	16	0	0	0	4	2
46	5	1.22009499394335	377	19	0	0	0	5	2
46	6	3.5322827140335	435	16	0	0	0	6	2
46	7	5.6968326845672	154	15	0	0	0	7	2
46	8	4.25206301710568	188	41	2	0	0	8	2
47	1	1.51829251623712	220	15	1	0	0	1	2
47	2	3.68258461961523	570	20	0	0	0	2	2
47	3	4.22565103508532	217	16	0	0	0	3	2
47	2	5.2434162851423	347	32	0	0	0	4	2
47	3	6.72696711262688	136	15	0	0	0	5	2
47	3	1.19414584874175	164	17	0	0	0	6	2
47	4	3.1691037863493	213	14	0	0	0	7	2
47	5	4.98059846716933	152	16	0	0	0	8	2
47	6	4.61854994879104	386	21	0	0	0	9	2
47	7	2.47003065352328	279	15	0	0	0	10	2
47	8	3.12646300927736	283	16	0	0	0	11	2
47	9	1.63966147392057	173	12	0	0	0	12	2
47	9	3.35296381847002	153	38	2	0	0	13	2
48	1	2.14059983682819	270	17	1	0	0	1	2
48	2	5.35124123818241	237	14	0	0	0	2	2
48	3	3.36102685285732	238	15	0	0	0	3	2
48	4	2.91851292038336	228	16	0	0	0	4	2
48	5	4.95109695103019	211	15	0	0	0	5	2
48	5	7.79151407512836	192	17	0	0	0	6	2
48	7	1.92742335982621	215	17	0	0	0	7	2
48	8	4.41712479502894	428	28	0	0	0	8	2
48	8	11.7028626787942	116	49	2	0	0	9	2
49	1	4.52214852254838	238	18	1	0	0	1	2
49	2	4.82631227956153	293	16	0	0	0	2	2
49	3	4.38716431776993	460	19	0	0	0	3	2
49	4	6.54070339794271	173	12	0	0	0	4	2
49	4	2.70224164729007	251	24	0	0	0	5	2
49	5	4.27287818770856	320	19	0	0	0	6	2
49	6	2.73831119365059	260	17	0	0	0	7	2
49	7	4.41706931567751	234	19	0	0	0	8	2
49	8	6.76968726119958	271	40	2	0	0	9	2
50	1	1.82723116618581	174	16	1	0	0	1	2
50	2	1.94434693339281	573	16	0	0	0	2	2
50	3	2.24614579044282	366	15	0	0	0	3	2
50	4	1.18256046506576	258	15	0	0	0	4	2
50	5	1.90156952198595	327	17	0	0	0	5	2
50	7	0.13676962768659	239	15	0	0	0	6	2
50	7	4.13702921383083	192	21	0	0	0	7	2
50	8	4.26696281903423	208	12	0	0	0	8	2
50	8	3.97342223511077	133	29	0	0	0	9	2
50	9	6.86677030171268	151	38	2	0	0	10	2
51	1	2.50132816215046	226	17	1	0	0	1	2
51	2	2.74539959663525	160	15	0	0	0	2	2
51	3	1.64546151878312	172	15	0	0	0	3	2
51	3	5.54083663411438	292	19	0	0	0	4	2
51	5	1.56527720275335	177	17	0	0	0	5	2
51	4	0.764442753279582	168	17	0	0	0	6	2
51	5	6.1713870682288	171	16	0	0	0	7	2
51	7	0.117682749871165	282	18	0	0	0	8	2
51	8	4.24948666337878	383	19	0	0	0	9	2
51	9	4.96607387042604	350	19	0	0	0	10	2
51	10	5.57636155351065	226	14	0	0	0	11	2
51	10	2.82949365489185	303	47	2	0	0	12	2
53	1	2.15106907533482	320	16	1	0	0	1	2
53	2	5.01512901950628	223	28	0	0	0	2	2
53	3	4.26823152694851	304	22	0	0	0	3	2
53	5	2.67885204823688	195	14	0	0	0	4	2
53	4	1.60315333190374	347	27	0	0	0	5	2
53	6	3.84543869947083	170	15	0	0	0	6	2
53	5	9.04274420323782	327	16	0	0	0	7	2
53	6	2.47609012434259	329	15	0	0	0	8	2
53	7	2.02383063384332	398	17	0	0	0	9	2
53	8	5.80271613504738	285	14	0	0	0	10	2
53	8	2.43000791105442	143	17	0	0	0	11	2
53	9	1.63588990224525	165	46	2	0	0	12	2
54	1	1.8592281434685	237	17	1	0	0	1	2
54	2	1.52184611442499	291	19	0	0	0	2	2
54	3	2.99155961442739	236	16	0	0	0	3	2
54	4	3.65643057017587	436	18	0	0	0	4	2
54	6	1.25290413107723	368	16	0	0	0	5	2
54	5	0.403815562138334	137	19	0	0	0	6	2
54	6	5.33141611679457	257	13	0	0	0	7	2
54	6	2.24814345012419	83	32	0	0	0	8	2
54	7	8.80947120115161	224	12	0	0	0	9	2
54	7	7.15097040683031	138	16	0	0	0	10	2
54	7	2.79195869620889	145	20	0	0	0	11	2
54	8	5.71346144913696	179	46	2	0	0	12	2
55	2	0.620741479331627	471	18	1	0	0	1	2
55	3	2.06071183597669	331	15	0	0	0	2	2
55	4	2.25031283637509	394	19	0	0	0	3	2
55	5	3.13359614717774	351	16	0	0	0	4	2
55	6	3.60640216991305	178	15	0	0	0	5	2
55	8	0.762493090704083	159	15	0	0	0	6	2
55	8	5.75391643121839	204	14	0	0	0	7	2
55	9	3.29786607855931	403	61	2	0	0	8	2
56	1	2.21377088222653	234	17	1	0	0	1	2
56	2	3.65170489088632	209	15	0	0	0	2	2
56	3	1.52617635531351	173	13	0	0	0	3	2
56	4	1.6031137262471	175	14	0	0	0	4	2
56	4	4.86655392171815	164	16	0	0	0	5	2
56	5	5.22124078893103	213	16	0	0	0	6	2
56	6	5.56116584106348	292	19	0	0	0	7	2
56	7	4.64814910804853	92	46	2	0	0	8	2
57	1	3.35844972869381	254	18	1	0	0	1	2
57	2	4.99884997750632	143	14	0	0	0	2	2
57	3	2.89197155088186	266	16	0	0	0	3	2
57	4	2.27598359435797	262	14	0	0	0	4	2
57	5	3.65843176445924	194	15	0	0	0	5	2
57	6	3.72922659991309	273	15	0	0	0	6	2
57	7	5.88090004236437	378	60	2	0	0	7	2
58	1	3.72386879101396	222	13	1	0	0	1	2
58	1	1.48427172470838	185	17	0	0	0	2	2
58	2	2.72213333216496	276	15	0	0	0	3	2
58	3	2.35677750059403	169	28	0	0	0	4	2
58	4	2.26195852318779	364	15	0	0	0	5	2
58	5	2.4276505925227	309	16	0	0	0	6	2
58	6	4.80780684202909	179	13	0	0	0	7	2
58	7	3.61935430392623	214	16	0	0	0	8	2
58	9	1.96032366226427	221	12	2	0	0	9	2
59	1	2.94826687942259	217	17	1	0	0	1	2
59	2	3.57734676427208	189	18	0	0	0	2	2
59	3	3.85634057596326	274	18	0	0	0	3	2
59	4	3.76819229056127	196	12	0	0	0	4	2
59	4	1.99534566118382	151	16	0	0	0	5	2
59	6	1.22091833059676	204	17	0	0	0	6	2
59	6	6.12789713637903	150	14	0	0	0	7	2
59	8	0.19484473997727	377	19	0	0	0	8	2
59	9	4.08624854218215	211	46	2	0	0	9	2
60	1	2.36343498388305	267	16	1	0	0	1	2
60	2	4.09721903433092	226	30	0	0	0	2	2
60	4	4.77905407384969	224	14	0	0	0	3	2
60	4	1.32573074358515	146	17	0	0	0	4	2
60	6	0.473369226558134	268	15	0	0	0	5	2
60	7	0.304179698927328	195	16	0	0	0	6	2
60	7	5.31836212286726	200	16	0	0	0	7	2
60	8	3.5792216504924	371	19	0	0	0	8	2
60	9	6.8540994131472	273	14	0	0	0	9	2
60	9	3.37009238707833	164	19	0	0	0	10	2
60	9	12.6004400230013	139	39	2	0	0	11	2
61	2	2.42447407124564	169	16	1	0	0	1	2
61	1	1.49432943132706	217	16	0	0	0	2	2
61	2	4.04109750292264	275	17	0	0	0	3	2
61	3	3.28305980167352	341	16	0	0	0	4	2
61	4	3.85313128051348	323	22	0	0	0	5	2
61	6	1.74298291187733	412	33	0	0	0	6	2
61	7	4.0895506516099	136	41	2	0	0	7	2
62	1	2.31176579231396	241	18	1	0	0	1	2
62	2	4.42377371690236	209	14	0	0	0	2	2
62	3	4.0177333059255	328	18	0	0	0	3	2
62	4	4.85043715778738	378	18	0	0	0	4	2
62	6	2.41762180789374	480	19	0	0	0	5	2
62	5	1.53861024440266	141	22	0	0	0	6	2
62	7	3.54291697102599	253	19	0	0	0	7	2
62	8	7.24793826509267	218	13	0	0	0	8	2
62	8	4.81210643565282	186	19	0	0	0	9	2
62	8	14.6367208689917	139	35	2	0	0	10	2
63	1	2.47177438926883	245	17	1	0	0	1	2
63	2	3.13279994390905	300	16	0	0	0	2	2
63	3	3.89052374404855	405	15	0	0	0	3	2
63	4	1.00861390773207	511	21	0	0	0	4	2
63	5	4.46393077028915	243	20	0	0	0	5	2
63	8	2.04919602372684	225	14	0	0	0	6	2
63	8	5.42510551703162	285	41	2	0	0	7	2
64	2	0.912496740464121	492	31	1	0	0	1	2
64	3	3.5086625108961	385	16	0	0	0	2	2
64	4	3.41508445865475	377	14	0	0	0	3	2
64	5	2.92272201110609	273	18	0	0	0	4	2
64	7	1.59752025525086	330	24	0	0	0	5	2
64	7	8.15680334554054	136	17	0	0	0	6	2
64	8	6.89053212036379	343	21	0	0	0	7	2
64	9	4.04435717361048	204	18	2	0	0	8	2
65	1	3.26898970874026	356	16	1	0	0	1	2
65	2	3.54851848585531	184	17	0	0	0	2	2
65	3	4.42688919487409	372	18	0	0	0	3	2
65	4	2.09613642562181	433	15	0	0	0	4	2
65	5	1.77629680465907	288	15	0	0	0	5	2
65	6	3.32034619222395	316	18	0	0	0	6	2
65	7	5.58738069841638	199	20	0	0	0	7	2
65	10	2.15065662097186	322	17	0	0	0	8	2
65	10	9.78343728138134	157	17	0	0	0	9	2
65	11	5.61640555015765	190	29	2	0	0	10	2
66	1	2.99630215787329	234	15	1	0	0	1	2
66	2	3.7331001246348	149	15	0	0	0	2	2
66	3	3.86895781289786	195	18	0	0	0	3	2
66	4	5.38458165666088	501	18	0	0	0	4	2
66	5	2.13668681518175	223	16	0	0	0	5	2
66	6	3.03682112577371	325	19	0	0	0	6	2
66	7	2.1880682981573	371	21	0	0	0	7	2
66	9	0.822671663947403	395	16	0	0	0	8	2
66	9	4.83673980180174	345	14	0	0	0	9	2
66	9	2.82675749342889	139	17	0	0	0	10	2
66	10	3.23535064444877	373	20	0	0	0	11	2
66	11	1.12970857019536	167	37	2	0	0	12	2
67	1	2.12234044913203	263	13	1	0	0	1	2
67	2	0.217189443763345	166	15	0	0	0	2	2
67	2	4.11634444119409	164	16	0	0	0	3	2
67	3	3.64148318232037	262	18	0	0	0	4	2
67	2	3.51377454749309	164	18	0	0	0	5	2
67	4	2.86220997339115	222	14	0	0	0	6	2
67	4	6.59369313460775	300	35	0	0	0	7	2
67	6	3.43175208335742	227	16	2	0	0	8	2
68	1	2.99486936652102	238	17	1	0	0	1	2
68	2	4.49279123404995	238	18	0	0	0	2	2
68	3	3.94162311288528	263	19	0	0	0	3	2
68	5	1.28909399174154	334	14	0	0	0	4	2
68	5	3.9913299549371	147	16	0	0	0	5	2
68	6	4.574836040847	292	18	0	0	0	6	2
68	7	5.03717913664877	318	23	0	0	0	7	2
68	8	2.20255099143833	182	43	2	0	0	8	2
69	2	1.55339502659626	177	12	1	0	0	1	2
69	1	2.40964692970738	182	18	0	0	0	2	2
69	2	4.7624694199767	282	15	0	0	0	3	2
69	3	1.68295588507317	213	13	0	0	0	4	2
69	3	4.01704679965042	204	19	0	0	0	5	2
69	4	5.7378439377062	188	12	0	0	0	6	2
69	4	2.87679986772127	246	18	0	0	0	7	2
69	5	3.07027748716064	376	17	0	0	0	8	2
69	6	3.2977053062059	254	18	0	0	0	9	2
69	7	4.45240094210021	349	44	2	0	0	10	2
70	1	3.18369226809591	374	17	1	0	0	1	2
70	2	4.4942499930039	143	14	0	0	0	2	2
70	2	2.1161475086119	195	16	0	0	0	3	2
70	3	4.06961686979048	463	22	0	0	0	4	2
70	5	3.447024788009	453	20	0	0	0	5	2
70	6	4.1142438556999	230	13	0	0	0	6	2
70	6	1.49592441017739	295	21	0	0	0	7	2
70	7	2.30673112673685	146	17	0	0	0	8	2
70	6	2.52909039985389	214	17	0	0	0	9	2
70	7	2.52453514933586	357	21	0	0	0	10	2
70	9	2.77559519256465	519	16	2	0	0	11	2
71	1	3.70732408389449	280	16	1	0	0	1	2
71	2	3.78425747854635	264	16	0	0	0	2	2
71	3	3.70987878041342	304	26	0	0	0	3	2
71	4	4.45516505045816	343	19	0	0	0	4	2
71	5	3.0476671452634	303	14	0	0	0	5	2
71	6	4.43197660916485	293	17	0	0	0	6	2
71	7	5.76274052867666	264	15	0	0	0	7	2
71	7	2.46736598387361	218	16	0	0	0	8	2
71	8	3.11525739217177	452	20	0	0	0	9	2
71	10	0.425429455703124	305	20	0	0	0	10	2
71	11	2.56640463531949	217	37	2	0	0	11	2
72	1	4.10620005056262	174	12	1	0	0	1	2
72	1	3.97766042291187	222	16	0	0	0	2	2
72	2	2.69165945192799	199	15	0	0	0	3	2
72	3	2.80186804756522	346	15	0	0	0	4	2
72	4	2.23656870843843	281	18	0	0	0	5	2
72	5	3.7053645607084	386	22	0	0	0	6	2
72	7	0.262684853048995	147	13	0	0	0	7	2
72	7	4.32431669323705	173	47	2	0	0	8	2
73	2	2.80094675999135	153	14	1	0	0	1	2
73	1	3.56347582652234	261	20	0	0	0	2	2
73	3	4.98892636504024	169	12	0	0	0	3	2
73	3	1.74762735003605	248	21	0	0	0	4	2
73	4	3.07181809679605	196	16	0	0	0	5	2
73	5	5.8353812454734	336	18	0	0	0	6	2
73	6	3.31485837558284	365	16	0	0	0	7	2
73	8	1.69249732675962	121	14	0	0	0	8	2
73	7	2.52168841962703	231	25	0	0	0	9	2
73	9	5.80183715256862	195	14	0	0	0	10	2
73	9	2.87884866329841	152	20	0	0	0	11	2
73	10	4.90682808985002	302	35	2	0	0	12	2
74	1	2.58929136558436	297	19	1	0	0	1	2
74	3	0.294384393375367	218	16	0	0	0	2	2
74	2	2.49684797693044	152	16	0	0	0	3	2
74	3	3.33305658889003	167	29	0	0	0	4	2
74	4	4.51836434961297	319	17	0	0	0	5	2
74	6	0.298746715066954	337	13	0	0	0	6	2
74	7	0.107137858401984	143	14	0	0	0	7	2
74	7	5.46125828265212	336	23	0	0	0	8	2
74	8	7.0620184361469	171	14	0	0	0	9	2
74	8	4.71961388271302	199	21	0	0	0	10	2
74	10	2.333625940606	217	17	2	0	0	11	2
75	1	2.86048693628982	218	18	1	0	0	1	2
75	2	3.81616183463484	230	16	0	0	0	2	2
75	3	4.45882241148502	382	17	0	0	0	3	2
75	4	4.24975344934501	644	15	0	0	0	4	2
75	5	3.86271573766135	368	19	0	0	0	5	2
75	6	3.29719926882535	169	16	0	0	0	6	2
75	8	1.85171476262622	263	17	0	0	0	7	2
75	9	4.61584509396926	255	44	2	0	0	8	2
76	2	1.24422018113546	309	16	1	0	0	1	2
76	3	0.416949521750212	186	14	0	0	0	2	2
76	4	1.34386495267972	464	21	0	0	0	3	2
76	6	0.750078780343756	176	13	0	0	0	4	2
76	5	2.1566406537313	390	20	0	0	0	5	2
76	6	4.51513433130458	320	21	0	0	0	6	2
76	7	1.64650724059902	350	23	0	0	0	7	2
76	8	2.27790809469298	165	13	0	0	0	8	2
76	8	0.545162220485508	339	14	0	0	0	9	2
76	9	0.228288136422634	173	15	0	0	0	10	2
76	10	2.40151585778221	89	39	2	0	0	11	2
77	1	2.01217072969303	251	14	1	0	0	1	2
77	2	2.19912632135674	241	17	0	0	0	2	2
77	3	2.18777134106494	268	16	0	0	0	3	2
77	4	2.7576163620688	475	19	0	0	0	4	2
77	5	3.58050684910268	371	17	0	0	0	5	2
77	7	0.0164077305234969	207	15	0	0	0	6	2
77	7	6.60990717774257	164	46	2	0	0	7	2
78	1	3.52100238855928	364	16	1	0	0	1	2
78	2	5.56143545359373	180	16	0	0	0	2	2
78	3	3.51726362667978	320	15	0	0	0	3	2
78	4	1.52061794116162	294	17	0	0	0	4	2
78	5	1.11311946809292	469	17	0	0	0	5	2
78	6	3.24218576587737	376	20	0	0	0	6	2
78	8	1.09642510255799	228	15	0	0	0	7	2
78	7	2.59723333502188	203	18	0	0	0	8	2
78	9	0.769055743236095	174	15	0	0	0	9	2
78	10	3.89819790632464	220	37	2	0	0	10	2
79	1	3.33876924798824	30	15	1	0	0	1	2
79	2	4.18964942288585	122	15	0	0	0	2	2
79	2	0.776552438735962	272	19	0	0	0	3	2
79	3	3.61655684676953	295	15	0	0	0	4	2
79	4	3.51388942729682	299	15	0	0	0	5	2
79	5	3.42695815674961	185	18	0	0	0	6	2
79	6	3.6051575045567	188	14	0	0	0	7	2
79	7	2.94523837999441	188	13	0	0	0	8	2
79	6	2.7057203669101	331	17	0	0	0	9	2
79	8	2.17988363257609	322	21	0	0	0	10	2
79	9	5.12240157369524	419	16	0	0	0	11	2
79	10	3.86544649326243	263	37	2	0	0	12	2
80	1	2.52705635828897	210	14	1	0	0	1	2
80	2	3.68238093960099	262	27	0	0	0	2	2
80	3	3.97874480043538	320	17	0	0	0	3	2
80	4	3.59936040895991	288	20	0	0	0	4	2
80	6	1.32859953911975	189	15	0	0	0	5	2
80	6	5.8035288262181	179	18	0	0	0	6	2
80	8	0.898207171820104	257	17	0	0	0	7	2
80	8	7.59464598773047	191	15	0	0	0	8	2
80	9	4.15125216101296	168	36	2	0	0	9	2
81	1	2.31006181892008	234	17	1	0	0	1	2
81	2	3.26592307677492	249	16	0	0	0	2	2
81	3	2.59972972655669	207	15	0	0	0	3	2
81	3	5.98631140706129	265	19	0	0	0	4	2
81	5	0.188923859968781	155	13	0	0	0	5	2
81	4	0.762753776507452	273	18	0	0	0	6	2
81	6	0.38642154331319	221	14	0	0	0	7	2
81	6	3.10107926209457	145	20	0	0	0	8	2
81	7	4.38002743455581	451	20	0	0	0	9	2
81	8	5.6169802560471	234	18	2	0	0	10	2
82	1	3.79815034451894	207	17	1	0	0	1	2
82	2	3.18802763009444	385	20	0	0	0	2	2
82	3	4.50644245930016	288	15	0	0	0	3	2
82	3	7.9969546913635	220	13	0	0	0	4	2
82	3	5.61158752162009	201	25	0	0	0	5	2
82	4	2.17795587494038	436	18	0	0	0	6	2
82	6	0.862884725444019	195	20	0	0	0	7	2
82	7	4.75547530502081	368	18	0	0	0	8	2
82	8	2.73802719078958	327	24	0	0	0	9	2
82	9	5.52718333830126	347	15	0	0	0	10	2
82	10	3.91152339219116	212	29	2	0	0	11	2
83	1	2.96121896407567	226	15	1	0	0	1	2
83	2	2.73543200036511	391	17	0	0	0	2	2
83	3	3.36317552882247	531	15	0	0	0	3	2
83	4	3.73995298473164	315	21	0	0	0	4	2
83	5	3.25223620980978	320	25	0	0	0	5	2
83	7	3.7454371121712	286	18	0	0	0	6	2
83	8	5.69406507350504	349	30	0	0	0	7	2
83	9	5.59904282307252	366	18	0	0	0	8	2
83	9	12.2071276684292	231	30	2	0	0	9	2
84	1	3.08848420111462	265	17	1	0	0	1	2
84	3	2.98330820677802	250	15	0	0	0	2	2
84	4	1.13730405643582	221	14	0	0	0	3	2
84	4	5.93794219614938	276	15	0	0	0	4	2
84	5	5.57446791022085	378	22	0	0	0	5	2
84	7	2.38726632110775	232	15	0	0	0	6	2
84	6	1.72588654747233	178	16	0	0	0	7	2
84	5	5.04489634255879	213	15	0	0	0	8	2
84	5	1.98314852151088	366	53	0	0	0	9	2
84	8	1.1912044340279	229	16	0	0	0	10	2
84	8	6.47486063372344	339	15	0	0	0	11	2
84	8	1.26227629580535	183	22	0	0	0	12	2
84	10	0.0348079139366746	211	48	2	0	0	13	2
85	1	2.43150226352736	262	15	1	0	0	1	2
85	2	4.20856016641483	378	12	0	0	0	2	2
85	2	2.30963661917485	284	13	0	0	0	3	2
85	2	4.94431060925126	143	30	0	0	0	4	2
85	3	2.20787948998623	402	18	0	0	0	5	2
85	4	2.45096988650039	269	15	0	0	0	6	2
85	5	1.16747159441002	324	14	0	0	0	7	2
85	6	2.95706088561565	266	17	0	0	0	8	2
85	7	4.95246489881538	348	20	0	0	0	9	2
85	8	2.03523544827476	295	14	0	0	0	10	2
85	9	2.99620097293518	138	41	2	0	0	11	2
86	1	2.03178796544671	359	16	1	0	0	1	2
86	2	5.29691870487295	271	31	0	0	0	2	2
86	3	6.88547790166922	130	16	0	0	0	3	2
86	3	2.48045078665018	193	18	0	0	0	4	2
86	4	2.10259266686626	468	20	0	0	0	5	2
86	6	3.15567091153935	258	15	0	0	0	6	2
86	6	8.18832277855836	223	22	0	0	0	7	2
86	8	5.16019300511107	172	14	0	0	0	8	2
86	8	1.32812781189568	290	17	0	0	0	9	2
86	9	2.72876934939995	171	38	2	0	0	10	2
87	1	1.20349468686618	304	17	1	0	0	1	2
87	2	4.78729239688255	240	16	0	0	0	2	2
87	3	2.64673583884723	383	16	0	0	0	3	2
87	4	3.02925030724145	431	15	0	0	0	4	2
87	5	0.0844161643180996	318	15	0	0	0	5	2
87	6	1.86282862909138	231	14	0	0	0	6	2
87	6	4.47313639963977	159	14	0	0	0	7	2
87	7	4.98751996643841	158	16	0	0	0	8	2
87	7	10.6982719071675	130	45	2	0	0	9	2
88	1	2.63316175737418	253	16	1	0	0	1	2
88	2	1.65767862391658	53	30	0	0	0	2	2
88	3	4.08555766171776	398	19	0	0	0	3	2
88	4	2.3538472566288	564	16	0	0	0	4	2
88	5	2.3549365629442	201	15	0	0	0	5	2
88	6	2.64659405057319	309	21	0	0	0	6	2
88	7	3.41036030719988	280	23	0	0	0	7	2
88	9	1.67796418839134	274	16	2	0	0	8	2
89	1	1.32738725305535	223	16	1	0	0	1	2
89	2	2.56213166890666	229	15	0	0	0	2	2
89	3	2.25430914596654	230	19	0	0	0	3	2
89	4	3.86784030054696	382	17	0	0	0	4	2
89	6	0.326702566118911	214	17	0	0	0	5	2
89	6	6.03648726176471	332	17	0	0	0	6	2
89	6	11.5256779324263	251	27	0	0	0	7	2
89	7	4.07623574300669	251	19	0	0	0	8	2
89	8	6.13924078387208	290	41	2	0	0	9	2
90	1	2.82737683155574	399	14	1	0	0	1	2
90	2	3.81313288654201	298	17	0	0	0	2	2
90	3	6.38397144665942	198	14	0	0	0	3	2
90	3	2.36588153848425	478	16	0	0	0	4	2
90	3	8.76722487364896	251	17	0	0	0	5	2
90	4	2.80507927550934	467	14	0	0	0	6	2
90	5	3.42499937745742	344	12	0	0	0	7	2
90	5	1.01363379973918	93	17	0	0	0	8	2
90	6	2.96114747901447	390	16	0	0	0	9	2
90	7	2.09524118993431	333	23	0	0	0	10	2
90	8	2.98268840182573	241	57	2	0	0	11	2
91	1	3.16805851878598	234	16	1	0	0	1	2
91	2	4.74250647891313	226	19	0	0	0	2	2
91	4	0.432155636139214	398	21	0	0	0	3	2
91	5	4.40637740097009	300	16	0	0	0	4	2
91	7	0.841524818912148	224	26	0	0	0	5	2
91	7	6.8381807403639	280	22	0	0	0	6	2
91	8	5.6242173819337	295	21	0	0	0	7	2
91	10	2.16318464255892	268	16	2	0	0	8	2
92	1	3.99350565578789	378	17	1	0	0	1	2
92	2	5.04262678208761	260	15	0	0	0	2	2
92	3	4.66886770911515	335	16	0	0	0	3	2
92	4	3.63044689968228	294	17	0	0	0	4	2
92	5	3.10063428315334	383	20	0	0	0	5	2
92	6	4.41002731048502	218	15	0	0	0	6	2
92	8	2.50498575088568	278	19	0	0	0	7	2
92	7	0.994391959859058	137	25	0	0	0	8	2
92	10	0.468066852772608	168	14	2	0	0	9	2
93	1	2.07515281392261	324	15	1	0	0	1	2
93	2	6.85545768588781	268	17	0	0	0	2	2
93	3	4.81232534232549	245	17	0	0	0	3	2
93	4	4.4218325575348	363	17	0	0	0	4	2
93	5	6.37573961005546	349	22	0	0	0	5	2
93	6	5.420766138006	169	12	0	0	0	6	2
93	6	3.86174502689391	277	20	0	0	0	7	2
93	7	7.20347648882307	185	23	0	0	0	8	2
93	8	5.55104976403527	281	32	2	0	0	9	2
94	1	2.80078799067996	248	16	1	0	0	1	2
94	2	4.58698463509791	171	15	0	0	0	2	2
94	3	3.71099333325401	295	16	0	0	0	3	2
94	5	0.920431308913976	187	25	0	0	0	4	2
94	5	4.34252342698164	260	17	0	0	0	5	2
94	6	1.77497978787869	329	14	0	0	0	6	2
94	6	6.84552656812593	164	13	0	0	0	7	2
94	6	3.40591432596557	153	20	0	0	0	8	2
94	8	3.42180519527756	375	21	0	0	0	9	2
94	9	4.78379703313112	285	47	2	0	0	10	2
95	1	1.13852200610563	181	16	1	0	0	1	2
95	2	1.39724510209635	247	20	0	0	0	2	2
95	4	0.637311623897403	280	13	0	0	0	3	2
95	3	2.1568005590234	188	17	0	0	0	4	2
95	5	0.993169577093795	211	13	0	0	0	5	2
95	5	4.81058232835494	162	17	0	0	0	6	2
95	7	0.514235515380278	295	17	0	0	0	7	2
95	7	8.0710237424355	97	54	2	0	0	8	2
96	1	3.32476093131118	285	18	1	0	0	1	2
96	3	0.590815492905676	226	22	0	0	0	2	2
96	5	1.8071436197497	204	13	0	0	0	3	2
96	4	2.08756364113651	210	16	0	0	0	4	2
96	6	1.79322782368399	312	18	0	0	0	5	2
96	7	4.12796206981875	312	20	0	0	0	6	2
96	8	2.93508582538925	343	28	0	0	0	7	2
96	10	3.58552464167587	163	16	0	0	0	8	2
96	9	2.91978766769171	525	27	0	0	0	9	2
96	11	4.10937903146259	87	17	0	0	0	10	2
96	12	3.76476974366233	215	37	2	0	0	11	2
97	1	2.3265663664788	425	16	1	0	0	1	2
97	2	6.72319784015417	168	16	0	0	0	2	2
97	3	4.03816008917056	202	30	0	0	0	3	2
97	4	4.57695250934921	340	16	0	0	0	4	2
97	5	3.23851352510974	426	18	0	0	0	5	2
97	8	0.485186086036265	291	18	0	0	0	6	2
97	9	5.40199668100104	299	18	2	0	0	7	2
98	1	1.50231020059437	221	17	1	0	0	1	2
98	2	3.55553349270485	263	17	0	0	0	2	2
98	3	2.17763372627087	256	25	0	0	0	3	2
98	4	2.19881694880314	246	18	0	0	0	4	2
98	5	2.35658813407645	301	25	0	0	0	5	2
98	6	6.63058283459395	211	15	0	0	0	6	2
98	6	3.9585269622039	165	30	0	0	0	7	2
98	8	2.38862456637435	215	25	0	0	0	8	2
98	10	3.72329448210075	199	40	2	0	0	9	2
99	2	0.0194107121787965	232	12	1	0	0	1	2
99	1	2.20855181058869	122	33	0	0	0	2	2
99	3	0.787242431659251	309	16	0	0	0	3	2
99	3	5.63469421141781	327	14	0	0	0	4	2
99	4	2.05234911013395	149	14	0	0	0	5	2
99	5	3.73646344128065	265	17	0	0	0	6	2
99	6	4.37069277255796	254	18	0	0	0	7	2
99	8	1.58403161959723	277	14	0	0	0	8	2
99	8	4.28145681251772	110	39	2	0	0	9	2
100	1	2.25733940163627	241	17	1	0	0	1	2
100	2	3.34468711400405	229	17	0	0	0	2	2
100	3	3.38084448245354	397	21	0	0	0	3	2
100	5	4.37458575656638	165	14	0	0	0	4	2
100	5	1.62034249887802	174	20	0	0	0	5	2
100	6	3.03138668881729	198	13	0	0	0	6	2
100	6	6.62343685817905	170	21	0	0	0	7	2
100	8	4.12396516022272	273	16	0	0	0	8	2
100	7	3.07826948957518	178	27	0	0	0	9	2
100	9	5.70276826363988	436	34	0	0	0	10	2
100	10	7.5391372141894	32	25	2	0	0	11	2
101	2	0.707155018346384	204	12	1	0	0	1	2
101	1	2.53906114189886	150	19	0	0	0	2	2
101	2	7.02043952886015	144	15	0	0	0	3	2
101	3	3.66817651805468	273	20	0	0	0	4	2
101	5	0.442222700221464	308	17	0	0	0	5	2
101	5	5.89500246709213	233	16	0	0	0	6	2
101	6	4.15834015794098	228	19	0	0	0	7	2
101	8	3.22906658309512	253	15	0	0	0	8	2
101	7	3.88603154174052	186	22	0	0	0	9	2
101	9	4.92300414806232	170	12	0	0	0	10	2
101	9	3.94891270087101	94	40	2	0	0	11	2
102	1	2.35934519534931	326	15	1	0	0	1	2
102	2	5.95002215378918	163	15	0	0	0	2	2
102	3	4.92845979030244	282	15	0	0	0	3	2
102	5	1.89592080912553	186	15	0	0	0	4	2
102	5	6.98939071176574	197	18	0	0	0	5	2
102	6	3.28153978963383	320	17	0	0	0	6	2
102	7	2.8747885285411	244	17	0	0	0	7	2
102	8	3.53193631558679	396	23	0	0	0	8	2
102	9	3.83418073109351	166	37	2	0	0	9	2
103	1	2.74032665183768	234	15	1	0	0	1	2
103	2	3.2675225797575	177	16	0	0	0	2	2
103	3	2.88425691914745	333	19	0	0	0	3	2
103	4	4.98976707621478	390	16	0	0	0	4	2
103	5	3.71915142727084	544	17	0	0	0	5	2
103	7	2.02890080516227	346	17	0	0	0	6	2
103	8	4.65815220191143	170	45	2	0	0	7	2
104	1	2.27712968830019	212	16	1	0	0	1	2
104	2	4.30412940867245	270	22	0	0	0	2	2
104	4	0.0711315285880119	184	16	0	0	0	3	2
104	3	1.7025675480254	193	24	0	0	0	4	2
104	5	1.75408137612976	319	18	0	0	0	5	2
104	7	0.0155258593149483	332	26	0	0	0	6	2
104	8	0.444567423313856	196	14	0	0	0	7	2
104	8	3.1367048502434	232	20	0	0	0	8	2
104	10	0.178793512517586	172	13	2	0	0	9	2
105	1	2.09344886918552	217	15	1	0	0	1	2
105	2	3.37565153767355	169	16	0	0	0	2	2
105	3	2.07776876213029	227	16	0	0	0	3	2
105	4	0.492508822120726	273	15	0	0	0	4	2
105	5	2.32558910618536	274	15	0	0	0	5	2
105	6	2.13157840585336	183	18	0	0	0	6	2
105	7	3.40752022457309	137	57	2	0	0	7	2
106	1	2.05853734933771	218	17	1	0	0	1	2
106	2	4.03274660464376	374	18	0	0	0	2	2
106	3	2.83028964954428	266	19	0	0	0	3	2
106	4	2.05773777654395	242	16	0	0	0	4	2
106	5	3.86174327740446	313	22	0	0	0	5	2
106	7	3.59868061239831	220	12	0	0	0	6	2
106	7	6.29055185476318	159	41	2	0	0	7	2
107	1	2.50510993902571	214	17	1	0	0	1	2
107	2	4.18620160035789	277	18	0	0	0	2	2
107	1	2.10173513996415	227	18	0	0	0	3	2
107	3	0.835178954293951	190	12	0	0	0	4	2
107	3	3.09960077959113	190	18	0	0	0	5	2
107	4	3.24868350801989	237	14	0	0	0	6	2
107	5	4.12883191090077	244	19	0	0	0	7	2
107	4	1.54284311435185	241	21	0	0	0	8	2
107	6	4.4781445346307	287	18	0	0	0	9	2
107	8	0.979600753635168	205	15	0	0	0	10	2
107	7	1.15458373026922	120	24	0	0	0	11	2
107	10	2.24700001021847	281	18	0	0	0	12	2
107	11	1.78798725246452	241	39	2	0	0	13	2
108	1	2.21196958911605	228	17	1	0	0	1	2
108	2	3.11394588090479	247	18	0	0	0	2	2
108	3	2.66507723554969	322	19	0	0	0	3	2
108	4	4.94941235240549	311	16	0	0	0	4	2
108	4	2.33180131367408	151	26	0	0	0	5	2
108	3	2.09901452879421	192	19	0	0	0	6	2
108	4	4.25417338497937	414	27	0	0	0	7	2
108	6	0.300878265174106	438	13	0	0	0	8	2
108	5	1.60761047597043	149	28	0	0	0	9	2
108	9	2.62312386767007	309	17	0	0	0	10	2
108	9	9.53901257761754	182	44	2	0	0	11	2
109	1	2.756040987093	235	16	1	0	0	1	2
109	2	4.12732518161647	233	22	0	0	0	2	2
109	3	5.56944031151943	269	16	0	0	0	3	2
109	5	0.202083402778953	257	14	0	0	0	4	2
109	5	4.71167652704753	210	15	0	0	0	5	2
109	6	3.87186565203592	283	26	0	0	0	6	2
109	8	1.95236567151733	202	12	2	0	0	7	2
110	1	2.0960919666104	243	28	1	0	0	1	2
110	2	3.59347122511826	170	16	0	0	0	2	2
110	3	2.76305358158424	316	18	0	0	0	3	2
110	4	1.82665332569741	250	15	0	0	0	4	2
110	5	1.47816923866048	211	15	0	0	0	5	2
110	6	1.09482930460945	235	17	0	0	0	6	2
110	7	5.18675471981987	386	25	0	0	0	7	2
110	8	6.04557127738371	320	25	0	0	0	8	2
110	10	5.77596955420449	180	16	0	0	0	9	2
110	10	0.772249558707699	200	17	0	0	0	10	2
110	10	7.38240325939842	149	39	2	0	0	11	2
111	2	1.40723036509007	191	14	1	0	0	1	2
111	1	1.72596911969595	184	17	0	0	0	2	2
111	2	6.97461630497128	349	14	0	0	0	3	2
111	2	11.7614857454319	269	19	0	0	0	4	2
111	3	3.1723769987002	525	17	0	0	0	5	2
111	4	1.47298452374525	235	17	0	0	0	6	2
111	5	4.18458175915293	300	17	0	0	0	7	2
111	6	4.26023118756711	252	16	0	0	0	8	2
111	7	2.12293193140067	465	26	0	0	0	9	2
111	9	2.74060213193297	184	19	2	0	0	10	2
112	1	3.36328811501153	199	17	1	0	0	1	2
112	2	5.31206085672602	190	16	0	0	0	2	2
112	3	4.59427154855803	565	15	0	0	0	3	2
112	4	2.19317120756023	200	18	0	0	0	4	2
112	3	1.97223545168526	225	19	0	0	0	5	2
112	4	4.53004541713744	236	16	0	0	0	6	2
112	6	1.8740931705106	235	13	0	0	0	7	2
112	6	4.87179402960464	204	18	0	0	0	8	2
112	8	5.32137238397263	289	20	0	0	0	9	2
112	9	5.60983389453031	218	38	2	0	0	10	2
113	2	2.25856423680671	185	13	1	0	0	1	2
113	1	1.38050023117103	156	16	0	0	0	2	2
113	2	3.73145751818083	136	13	0	0	0	3	2
113	3	3.17164924298413	228	15	0	0	0	4	2
113	4	5.35577749973163	180	19	0	0	0	5	2
113	3	4.6144415338058	152	16	0	0	0	6	2
113	4	6.9785835868679	171	15	0	0	0	7	2
113	5	3.04999985801987	224	18	0	0	0	8	2
113	7	1.60125300986692	244	16	2	0	0	9	2
114	1	1.53734262101352	236	17	1	0	0	1	2
114	2	3.35527786263265	223	12	0	0	0	2	2
114	2	0.0153754083439708	235	17	0	0	0	3	2
114	3	3.26907611009665	432	16	0	0	0	4	2
114	4	1.93898999877274	333	14	0	0	0	5	2
114	5	2.7127213513013	336	25	0	0	0	6	2
114	8	3.87954507651739	132	16	0	0	0	7	2
114	7	7.52168286475353	150	15	0	0	0	8	2
114	7	2.62467512837611	287	20	0	0	0	9	2
114	9	0.921088774688542	201	14	0	0	0	10	2
114	9	4.44901306647807	219	19	0	0	0	11	2
114	11	3.31109083117917	354	38	2	0	0	12	2
